2.333
2.244
2.508
2.161
1.371
2.347
2.5580000000000003
1.818
2.494
2.265
2.489
2.758
1.422
2.322
2.247
2.315
2.662
1.147
2.41
2.502
2.449
2.281
2.447
2.305
2.531
2.399
2.1590000000000003
2.391
2.209
2.448
2.275
2.323
2.367
2.597
1.284
2.316
2.532
2.522
2.312
2.271
2.447
2.3
2.154
2.461
3.323
2.418
2.346
2.507
3.0380000000000003
2.696
2.385
2.633
2.333
2.5660000000000003
2.353
2.522
1.136
2.273
2.242
2.681
2.917
2.4330000000000003
3.0810000000000004
2.205
2.813
1.822
2.055
2.391
3.006
2.235
2.53
2.35
2.737
2.357
2.5860000000000003
2.744
1.157
2.33
2.525
2.312
2.3480000000000003
2.1180000000000003
2.3
2.44
2.38
2.505
2.283
2.307
2.269
2.358
2.6660000000000004
2.287
2.462
2.476
2.332
2.705
2.209
2.315
2.238
2.7030000000000003
2.315
2.447
2.103
2.178
2.33
2.459
2.326
2.589
2.482
2.421
2.498
2.678
2.403
2.346
2.51
2.093
2.373
2.134
2.191
2.399
2.952
2.339
2.237
2.527
2.73
2.6910000000000003
2.061
2.411
2.269
2.39
2.302
2.5860000000000003
2.339
2.46
2.447
2.081
2.547
2.115
2.134
2.301
2.454
2.687
2.539
2.055
2.605
2.4930000000000003
2.336
2.339
2.64
2.334
2.415
2.232
2.224
2.515
2.121
2.549
2.3280000000000003
2.335
2.363
2.425
2.6460000000000004
2.263
2.415
2.251
2.142
2.392
2.2880000000000003
2.653
2.502
2.157
2.418
2.587
2.309
2.394
2.57
2.422
2.414
2.533
2.709
2.268
2.625
2.119
2.4290000000000003
2.363
2.283
2.391
2.076
2.162
2.274
2.192
2.042
2.187
2.268
2.33
2.331
2.427
2.95
1.964
2.514
2.33
2.447
2.505
3.0610000000000004
2.2030000000000003
1.132
2.312
2.151
2.4130000000000003
2.426
2.4330000000000003
2.597
2.592
2.3
2.5810000000000004
2.174
2.083
2.4530000000000003
2.512
2.184
2.279
2.516
2.287
2.391
2.411
2.396
2.267
2.356
2.237
2.464
2.632
2.4930000000000003
2.432
2.378
2.702
2.459
1.988
2.364
2.156
1.127
2.595
2.459
2.331
2.172
2.265
2.242
2.482
2.383
2.2030000000000003
2.388
2.35
2.488
2.844
2.386
2.505
2.21
2.5860000000000003
2.428
2.331
2.134
2.446
2.299
2.403
2.416
2.482
2.296
2.443
2.442
1.012
2.504
2.597
2.45
2.339
2.863
2.3680000000000003
2.457
2.1180000000000003
2.906
2.257
2.155
2.591
2.649
2.025
1.991
2.399
1.994
2.315
2.708
2.184
2.641
2.333
2.228
2.277
2.6010000000000004
2.498
2.602
2.373
2.943
2.557
2.142
2.58
2.83
2.265
2.269
2.312
2.029
2.45
2.445
2.356
2.356
2.103
2.228
2.556
2.415
2.541
2.479
2.5540000000000003
2.365
2.309
2.148
2.631
2.334
2.779
2.082
2.057
2.244
2.475
2.3680000000000003
2.361
2.347
2.124
2.21
2.26
2.516
2.51
2.256
2.687
2.33
2.431
2.3280000000000003
2.414
2.286
1.023
1.7919999999999998
2.657
2.45
2.38
2.228
2.64
2.343
2.193
2.472
2.322
0.983
2.585
1.921
2.132
2.293
2.271
2.633
2.359
2.217
2.03
2.193
2.391
2.397
1.007
2.165
2.363
2.5
2.456
2.3040000000000003
2.481
2.526
2.303
2.224
2.146
1.219
2.494
2.399
2.631
2.211
2.283
2.475
2.392
2.136
2.299
2.529
1.838
2.34
2.359
2.258
2.161
2.428
2.255
1.993
2.634
2.266
2.373
2.236
2.109
2.615
2.079
2.881
2.25
2.031
2.523
2.068
2.888
2.321
2.516
2.577
2.5
2.386
2.365
2.612
1.956
0.994
2.478
2.319
2.218
2.242
2.213
2.629
2.893
2.444
2.26
1.84
2.4130000000000003
2.462
2.152
2.42
2.232
2.303
2.25
2.065
2.495
2.445
2.616
2.9930000000000003
2.418
2.444
2.465
2.414
2.29
2.357
2.4090000000000003
2.053
2.681
2.537
2.559
2.217
2.356
2.68
2.344
2.54
2.149
2.397
2.357
2.369
2.15
2.374
2.425
