2.607
2.512
2.595
2.56
2.805
2.719
2.605
1.489
2.608
2.564
2.572
2.526
2.518
2.866
2.846
2.73
2.388
2.545
2.507
2.5810000000000004
2.278
2.342
2.647
2.656
2.82
2.742
2.513
2.539
2.5980000000000003
2.737
2.521
2.62
2.455
2.381
2.5340000000000003
2.8480000000000003
2.407
2.594
2.729
2.792
2.508
2.535
2.491
2.732
3.094
2.638
2.855
2.758
2.5660000000000003
2.448
2.555
3.0010000000000003
2.687
2.782
2.436
2.822
2.591
2.411
2.679
2.6460000000000004
2.881
2.6660000000000004
2.702
2.488
2.66
2.213
2.8310000000000004
2.611
2.769
2.544
2.451
2.477
2.839
2.5
2.859
2.512
2.682
2.653
2.704
2.813
2.728
2.709
2.356
2.918
2.631
2.562
2.355
2.445
2.533
2.62
2.768
2.882
2.612
2.774
2.574
2.81
2.418
2.573
2.482
2.838
2.677
2.651
2.68
2.582
2.555
2.756
2.54
2.64
2.5340000000000003
2.942
2.678
2.81
2.633
2.499
2.6630000000000003
2.253
2.564
2.635
2.597
2.572
2.761
2.454
2.662
2.452
2.486
2.767
2.563
2.741
2.392
2.654
2.569
2.584
2.673
2.861
2.74
2.613
2.7430000000000003
2.377
2.489
2.52
2.607
2.449
2.46
2.477
2.687
2.331
2.5780000000000003
2.527
2.696
2.5540000000000003
2.765
2.573
2.5340000000000003
2.73
2.366
2.652
2.795
2.479
2.645
2.65
2.799
2.599
2.378
2.792
2.632
2.897
2.281
2.766
2.583
2.69
2.6460000000000004
2.8310000000000004
2.681
2.6260000000000003
2.518
2.479
2.7310000000000003
2.717
2.631
2.682
2.476
2.7710000000000004
2.6710000000000003
2.4090000000000003
2.708
2.354
2.607
2.519
2.71
2.783
2.4330000000000003
2.268
2.5340000000000003
2.53
2.634
2.665
2.61
2.52
2.496
2.583
2.685
2.59
2.622
2.688
2.547
2.699
2.64
2.613
2.662
2.49
2.676
2.767
2.4290000000000003
2.363
2.481
2.5380000000000003
2.564
2.613
2.689
2.503
2.457
2.47
2.918
2.741
2.741
2.617
2.451
2.702
2.732
2.5380000000000003
2.459
2.854
2.592
2.748
2.571
2.654
2.709
2.379
2.615
2.371
2.627
2.485
2.512
2.72
2.605
2.879
2.134
2.674
2.717
2.753
2.52
2.903
2.7430000000000003
2.795
2.6010000000000004
2.775
2.701
2.619
2.732
2.782
2.529
2.662
2.502
2.624
2.852
2.652
2.783
2.565
2.559
2.801
2.821
2.704
2.942
2.7960000000000003
2.8480000000000003
2.23
2.391
2.675
2.327
2.372
2.773
2.7
2.628
2.728
2.51
2.524
2.565
2.592
2.859
2.44
2.603
2.583
2.311
2.78
2.644
2.608
2.775
2.53
2.47
2.659
2.847
2.652
2.487
2.261
2.67
2.761
2.605
2.858
2.695
2.5810000000000004
2.605
2.68
2.679
2.577
2.651
2.636
2.727
2.719
2.756
2.838
2.737
2.5380000000000003
2.728
2.363
2.483
2.962
2.659
2.529
2.676
2.423
2.383
2.533
2.444
2.962
2.502
2.559
2.67
2.593
2.761
2.962
2.5610000000000004
2.657
2.139
2.877
2.62
2.518
2.3280000000000003
2.74
2.482
2.408
2.738
2.53
2.841
2.397
2.4730000000000003
2.655
2.72
2.744
2.568
2.858
2.4530000000000003
2.5540000000000003
2.424
2.555
2.716
2.697
2.46
2.5
2.319
2.7960000000000003
2.722
2.667
2.857
2.672
2.7510000000000003
2.381
2.728
2.548
2.639
2.4530000000000003
2.8360000000000003
2.355
2.609
2.667
2.813
2.634
2.73
2.576
2.521
2.466
2.7110000000000003
2.717
2.715
2.908
2.607
2.724
2.695
2.447
2.681
2.592
2.365
2.451
2.583
2.585
2.665
2.678
2.491
2.757
2.331
2.658
2.634
2.604
2.714
2.705
2.735
2.659
2.905
2.764
2.54
2.584
2.611
2.49
2.714
2.572
2.62
2.655
2.544
2.452
2.752
2.563
2.594
2.476
2.504
2.324
2.699
2.765
2.587
2.576
2.809
2.607
2.617
2.87
2.627
2.363
2.6710000000000003
2.4290000000000003
2.515
2.8110000000000004
2.733
2.637
2.632
2.72
2.417
2.6010000000000004
2.564
2.55
2.67
2.744
2.952
2.38
2.5540000000000003
2.698
