2.765
2.63
2.427
2.543
2.6210000000000004
2.747
2.607
2.623
2.497
2.6
2.318
2.6630000000000003
2.665
2.54
2.802
2.858
2.605
2.496
2.742
2.7230000000000003
2.454
2.58
2.358
2.658
2.639
2.289
2.486
2.64
2.949
2.829
2.51
2.373
2.514
2.676
2.757
2.484
2.629
2.251
2.512
2.628
2.617
2.665
2.705
2.487
2.7960000000000003
2.863
2.498
2.459
2.6830000000000003
2.56
2.607
2.752
2.616
2.844
2.471
2.576
2.455
2.392
2.778
2.378
2.422
2.638
2.568
2.611
2.724
2.502
2.605
2.547
2.577
2.661
2.332
2.535
2.776
3.032
2.622
2.689
2.823
2.634
2.766
2.685
2.487
2.607
2.472
2.638
2.249
2.547
2.582
2.574
2.747
2.426
2.669
2.5810000000000004
2.766
2.647
2.7510000000000003
2.5380000000000003
2.44
2.632
2.5860000000000003
2.5860000000000003
2.432
2.661
2.629
2.665
2.8160000000000003
2.104
2.745
2.536
2.7110000000000003
2.639
2.572
2.817
2.717
2.74
2.351
2.612
2.765
2.467
2.7310000000000003
2.819
2.63
2.637
2.769
2.536
2.694
2.636
2.659
2.78
2.585
2.879
2.151
2.676
2.85
2.521
2.09
2.418
2.5610000000000004
2.518
2.556
2.865
2.587
2.772
2.298
2.454
2.644
2.629
2.701
2.587
2.689
2.619
2.769
2.524
2.681
2.667
2.724
2.774
2.5380000000000003
2.927
2.75
2.541
2.6830000000000003
2.44
2.63
2.189
2.659
2.7880000000000003
2.574
2.608
2.543
2.543
2.71
2.629
2.826
2.678
2.4730000000000003
2.701
2.735
2.748
2.68
2.313
2.8
2.509
2.485
2.657
2.66
2.637
2.677
2.737
2.735
2.481
2.616
2.819
2.829
2.383
2.672
2.673
2.463
2.628
2.704
2.611
2.6
2.9960000000000004
2.755
2.422
2.639
2.6830000000000003
2.8080000000000003
2.693
2.497
2.655
2.631
2.5980000000000003
2.665
2.675
2.87
2.617
2.81
2.617
2.65
2.678
2.678
2.727
2.5380000000000003
2.685
2.712
2.761
2.675
2.595
2.775
2.5340000000000003
2.428
2.55
2.449
2.4930000000000003
2.459
2.734
2.553
2.643
2.729
2.256
2.3
2.748
2.552
2.482
2.693
2.7310000000000003
2.675
2.595
2.652
2.675
2.515
2.67
2.789
2.632
2.6860000000000004
2.667
2.421
2.048
2.667
2.5860000000000003
2.459
2.674
2.582
2.596
2.57
2.644
2.759
2.625
2.6260000000000003
2.352
2.638
2.248
2.523
2.715
2.289
2.613
2.793
2.475
2.572
2.588
2.603
2.707
2.803
2.7880000000000003
2.7460000000000004
2.5580000000000003
2.419
2.457
2.424
2.757
2.714
2.614
2.526
2.777
2.593
2.307
2.669
2.393
2.5340000000000003
2.557
2.5980000000000003
2.665
2.7960000000000003
2.485
2.635
2.754
2.542
2.712
2.695
2.719
2.562
2.768
2.708
2.612
2.417
2.1180000000000003
2.6860000000000004
2.677
2.673
2.43
2.845
2.516
2.7260000000000004
2.5380000000000003
2.639
2.8760000000000003
2.678
2.389
2.58
2.54
2.405
2.714
2.644
2.599
2.386
2.919
2.78
2.736
2.656
2.688
2.74
2.656
2.61
2.759
2.5380000000000003
2.67
2.541
2.357
2.607
2.456
2.675
2.708
2.465
2.476
2.832
2.9130000000000003
2.607
2.603
2.596
2.611
2.563
2.495
2.597
2.879
2.151
2.524
2.708
2.256
2.87
2.5610000000000004
2.709
2.897
2.438
2.588
2.762
2.565
2.818
2.51
2.756
2.64
2.574
3.043
2.529
2.7230000000000003
2.524
2.8110000000000004
2.555
2.42
2.7260000000000004
2.533
2.72
2.638
2.662
2.697
2.963
2.9360000000000004
2.824
2.7060000000000004
2.624
2.692
2.594
2.719
2.595
2.236
2.378
2.613
2.747
2.384
2.8160000000000003
2.76
2.846
2.435
2.496
2.549
2.545
2.962
2.642
2.684
2.708
2.7460000000000004
2.85
2.804
2.905
2.53
2.764
2.415
2.702
2.812
2.678
2.51
2.605
2.716
2.441
2.748
2.774
2.634
2.862
3.008
2.596
2.497
2.669
2.599
2.697
2.685
2.7030000000000003
2.681
2.614
2.585
2.42
2.784
2.789
2.5780000000000003
2.661
2.688
2.784
2.638
2.657
2.508
2.588
2.553
2.795
2.568
2.869
2.543
2.673
2.3680000000000003
2.864
2.514
2.69
2.5980000000000003
2.677
2.2840000000000003
2.567
2.6460000000000004
2.858
2.6060000000000003
2.676
2.342
2.589
2.342
2.652
2.803
2.654
2.69
2.764
2.482
2.63
2.346
2.256
2.496
2.7430000000000003
2.504
2.661
2.6710000000000003
2.695
2.843
2.552
2.75
2.901
2.66
2.974
2.696
2.713
2.657
2.747
2.712
2.756
2.5340000000000003
2.545
2.571
2.747
2.394
2.76
2.333
2.805
2.63
2.589
2.4730000000000003
2.709
2.909
2.548
2.761
2.481
2.643
2.846
2.461
2.734
2.6910000000000003
2.294
2.496
2.202
2.408
2.537
2.507
2.704
2.504
2.651
2.627
2.589
2.742
2.803
2.449
2.744
2.677
2.5780000000000003
2.883
2.585
2.485
2.844
2.638
2.552
2.76
2.52
2.709
2.673
2.588
2.539
2.661
2.659
2.76
2.74
2.643
2.651
2.662
2.486
2.633
2.574
2.623
2.745
2.521
2.574
2.509
2.449
2.84
2.414
2.567
2.806
2.748
2.177
2.513
2.669
2.654
2.7230000000000003
2.539
2.344
2.576
2.837
2.662
2.542
2.555
2.628
2.616
2.555
2.329
2.374
2.4290000000000003
2.411
2.682
2.535
2.454
2.652
2.645
2.511
2.714
2.382
2.736
2.5540000000000003
2.528
2.454
2.655
2.187
2.519
2.939
2.8310000000000004
2.47
2.724
2.629
2.789
2.632
2.381
2.737
2.815
2.712
2.823
2.442
2.644
2.509
2.744
2.501
2.611
2.676
2.488
2.744
2.664
2.638
2.619
2.315
2.759
2.653
2.866
2.7
2.799
2.869
2.774
2.652
2.553
2.543
2.69
2.565
2.77
2.435
2.507
2.579
2.744
2.607
2.574
2.66
2.781
2.55
2.685
2.6
2.739
2.468
2.604
2.642
2.607
2.68
2.69
2.715
2.8360000000000003
2.613
2.84
2.629
2.692
2.573
2.556
2.377
2.562
2.7880000000000003
2.739
2.684
2.64
2.616
2.589
2.623
2.842
2.524
2.494
2.482
2.504
2.623
2.565
2.609
2.405
2.699
2.44
2.6860000000000004
2.7310000000000003
2.697
2.69
2.451
2.795
2.6180000000000003
2.775
2.576
2.633
2.798
2.237
2.617
2.608
2.822
2.753
2.668
2.375
2.616
2.545
2.821
2.438
2.374
2.705
2.822
2.549
2.575
2.682
2.889
2.5340000000000003
2.644
2.461
2.772
2.6460000000000004
2.64
2.494
2.6910000000000003
2.477
2.722
2.557
2.541
2.479
2.695
2.474
2.484
2.7
2.642
2.742
2.767
2.672
2.779
2.707
2.636
2.62
2.563
2.867
2.608
2.52
2.75
2.888
2.785
2.89
2.541
2.494
2.383
2.363
2.676
2.4730000000000003
2.024
2.615
2.842
2.412
2.527
2.516
2.577
2.783
2.713
2.528
2.512
2.556
2.6630000000000003
2.649
2.712
2.454
2.351
2.6830000000000003
2.325
2.648
2.645
2.777
2.766
2.697
2.769
2.276
2.419
2.8960000000000004
2.387
2.562
2.448
2.709
2.704
2.866
2.599
2.964
2.877
2.541
2.39
2.64
2.738
2.6
2.66
2.59
2.551
2.614
2.784
2.662
2.505
2.744
2.268
2.196
2.747
2.441
2.659
2.631
2.469
2.722
2.557
2.326
2.574
2.679
2.549
2.637
2.31
2.589
2.769
2.525
2.649
2.476
2.7430000000000003
2.549
2.758
2.587
2.501
2.762
2.6260000000000003
2.634
2.832
2.263
2.527
2.608
2.715
2.553
2.323
2.529
2.577
2.807
2.7430000000000003
2.279
2.74
2.994
2.7510000000000003
2.8360000000000003
2.594
2.589
2.481
2.191
2.306
2.577
2.65
2.574
2.6830000000000003
2.625
2.815
2.814
2.721
2.76
2.649
2.513
2.738
2.469
2.684
2.395
2.647
2.725
2.061
2.714
2.6910000000000003
2.568
2.827
2.315
2.647
2.391
2.57
2.556
2.965
2.75
2.704
2.78
2.763
2.596
2.509
2.732
2.41
2.585
2.629
2.675
2.7430000000000003
2.895
2.661
2.569
2.659
2.587
2.609
2.677
2.366
2.718
2.69
2.687
2.7230000000000003
2.697
2.804
2.934
2.616
2.655
2.5980000000000003
2.884
2.556
2.619
2.602
2.623
2.577
2.81
2.466
2.553
2.753
2.627
2.688
2.8760000000000003
2.721
2.543
2.275
2.6010000000000004
2.715
2.396
2.649
2.988
2.535
2.53
2.5860000000000003
2.85
2.6860000000000004
2.643
2.587
2.684
2.5780000000000003
2.697
2.669
2.68
2.498
2.699
2.6630000000000003
2.721
2.562
2.532
2.667
2.547
2.557
2.742
2.482
2.537
2.772
2.624
2.806
2.513
2.446
2.6
2.522
2.854
2.5540000000000003
2.887
2.7880000000000003
2.833
2.608
2.577
2.487
2.6260000000000003
2.592
2.448
2.593
2.592
2.619
2.549
2.695
2.543
2.461
2.785
2.59
2.7510000000000003
2.724
2.954
2.479
2.53
2.77
2.839
2.712
2.784
2.607
2.569
2.479
2.699
2.78
2.5580000000000003
2.635
2.882
2.693
2.292
2.575
2.815
2.528
2.658
2.347
2.812
2.465
2.6910000000000003
2.667
2.49
2.648
2.766
2.357
2.745
2.6180000000000003
2.631
2.665
2.799
2.76
2.705
2.733
2.833
2.6710000000000003
2.764
2.36
2.5810000000000004
2.758
2.603
2.393
2.641
2.5
2.5810000000000004
2.509
2.439
2.909
2.504
2.6180000000000003
2.6260000000000003
2.609
2.624
2.863
2.697
2.648
2.629
2.727
2.58
2.592
2.7880000000000003
2.753
2.67
2.592
2.778
2.667
2.6060000000000003
2.574
2.742
2.352
2.684
2.722
2.514
2.325
2.504
2.744
2.582
2.789
2.6060000000000003
2.702
2.515
2.5860000000000003
2.8160000000000003
2.265
2.874
2.866
2.503
2.6260000000000003
2.313
2.604
2.637
2.345
2.486
2.721
2.366
2.275
2.644
2.682
2.487
2.713
2.555
2.395
2.647
2.6
2.361
2.784
2.679
2.64
2.562
2.592
2.2
2.748
2.837
2.651
2.518
2.758
2.704
2.721
2.839
2.61
2.555
2.712
2.789
2.67
2.448
2.427
2.587
2.701
2.604
2.779
2.714
2.449
2.7230000000000003
2.7110000000000003
2.398
2.9210000000000003
2.673
2.667
2.7460000000000004
2.702
2.577
2.603
2.7
2.6
2.466
2.4930000000000003
2.623
2.82
2.803
2.512
2.732
2.758
2.73
2.89
2.611
2.6010000000000004
2.448
2.704
2.777
2.556
2.6180000000000003
2.675
2.839
2.576
2.722
2.662
2.682
2.813
2.673
2.439
2.537
2.722
2.4930000000000003
2.57
2.556
2.701
2.7
2.658
2.7260000000000004
2.481
2.384
2.511
2.763
2.94
2.517
2.5610000000000004
2.638
2.486
2.669
2.652
2.7310000000000003
2.5660000000000003
2.8310000000000004
2.289
2.651
2.641
2.395
2.7110000000000003
2.426
2.658
2.587
2.712
2.609
2.612
2.52
2.7260000000000004
2.802
2.472
2.466
2.715
2.813
2.815
2.649
2.509
2.717
2.346
2.527
2.5780000000000003
2.612
3.012
2.901
2.457
2.779
2.564
2.6830000000000003
2.56
2.8510000000000004
2.636
2.7
2.776
2.741
2.678
2.45
2.229
2.86
2.674
2.587
2.241
2.774
2.772
2.7230000000000003
2.53
2.523
2.69
2.51
2.644
2.69
2.555
2.6830000000000003
2.452
2.457
2.412
2.6060000000000003
2.474
2.562
2.584
2.576
2.249
2.689
2.5580000000000003
2.158
2.603
2.6
2.805
2.749
2.476
2.565
2.728
2.655
2.454
3.08
2.468
2.41
2.6710000000000003
2.71
2.587
2.603
2.659
2.649
2.582
2.643
2.376
2.903
2.734
2.612
2.718
2.775
2.591
2.628
2.7510000000000003
2.593
2.447
2.66
2.527
2.494
2.57
2.651
2.62
2.662
2.777
2.614
2.675
2.86
2.471
2.616
2.564
2.434
2.759
2.6710000000000003
2.659
2.559
2.605
2.722
2.479
2.689
2.654
2.679
2.795
2.688
2.647
2.826
2.773
2.505
2.688
2.3080000000000003
2.718
2.737
2.614
2.536
2.5380000000000003
2.564
2.365
2.792
2.337
2.927
2.466
2.673
2.576
2.785
2.667
2.84
2.667
2.286
2.6660000000000004
2.615
2.458
2.714
2.885
2.7110000000000003
2.7260000000000004
2.68
2.716
2.567
2.553
2.5810000000000004
2.655
2.749
2.59
2.672
2.647
2.5660000000000003
2.434
2.568
2.741
2.709
2.58
2.694
2.7060000000000004
1.587
2.693
2.612
2.542
2.678
2.9560000000000004
2.447
2.271
2.637
2.76
2.738
2.458
2.6910000000000003
2.78
2.529
2.441
2.384
2.673
2.643
2.886
2.814
2.688
2.7310000000000003
2.597
2.589
2.52
2.548
2.697
2.463
2.604
2.64
2.766
2.652
2.619
2.657
2.634
2.459
2.688
2.533
2.692
2.536
2.599
2.555
2.4730000000000003
2.734
2.51
2.633
2.705
2.845
2.774
2.764
2.593
2.6660000000000004
2.66
2.555
2.541
2.639
2.47
2.651
2.823
2.643
2.7960000000000003
2.728
2.797
2.769
2.5
2.365
2.779
2.736
2.549
2.658
2.372
2.311
2.256
2.798
2.357
2.729
2.629
2.685
2.665
2.616
2.608
2.523
2.644
2.551
2.22
2.639
2.718
2.629
2.637
2.904
2.798
2.793
2.546
2.455
2.781
2.655
2.673
2.718
2.555
2.4130000000000003
2.574
2.722
2.577
2.5540000000000003
2.262
2.625
2.772
2.647
2.635
2.832
2.6660000000000004
2.899
2.742
2.563
2.648
2.56
2.654
2.668
2.88
2.799
2.504
2.596
2.597
2.522
2.616
2.888
2.622
2.364
2.753
2.681
2.76
2.867
2.692
3.005
2.809
2.716
2.733
2.677
2.7060000000000004
2.834
2.26
2.7710000000000004
2.442
2.542
2.834
2.451
2.802
2.634
2.461
2.282
2.677
2.531
2.549
2.789
2.504
2.544
2.553
2.217
2.649
2.233
2.58
2.712
2.456
2.048
2.383
2.849
2.6630000000000003
2.572
2.665
2.417
2.588
2.447
2.562
2.6210000000000004
2.617
2.701
2.6180000000000003
2.542
2.528
2.531
2.418
2.672
2.503
2.698
2.539
2.6710000000000003
2.801
2.822
2.369
2.612
2.655
2.782
2.277
2.786
2.705
2.768
2.124
2.593
2.737
2.648
2.404
2.6710000000000003
2.411
2.761
1.891
2.59
2.613
2.6710000000000003
2.466
2.564
2.7060000000000004
2.469
2.412
1.355
2.617
2.714
2.945
2.174
2.476
2.6860000000000004
2.821
2.474
2.511
2.627
2.955
2.411
2.6010000000000004
2.261
2.525
2.641
2.776
2.383
2.632
2.7260000000000004
2.596
2.72
2.563
2.9130000000000003
2.656
2.657
2.511
2.551
2.541
2.653
2.61
2.543
2.474
2.571
2.389
2.508
2.345
2.777
2.594
2.568
2.557
2.616
2.65
2.514
2.846
2.49
2.479
2.8
2.962
2.595
2.846
2.643
2.69
2.508
2.584
2.572
2.622
2.839
2.797
2.643
2.509
2.678
2.684
2.911
2.593
2.318
2.895
2.5660000000000003
2.715
2.963
2.813
2.676
2.474
2.4730000000000003
2.62
2.684
2.63
2.319
2.774
2.617
2.524
2.527
2.324
2.488
2.357
2.604
2.549
2.756
2.495
2.64
2.679
2.382
2.603
2.923
2.839
2.675
2.67
2.693
2.709
2.26
2.556
2.636
2.63
2.248
2.765
2.549
2.612
2.652
2.585
2.468
2.774
2.783
3.031
2.56
2.513
2.575
2.605
2.678
2.657
2.735
2.459
2.775
2.4530000000000003
2.408
2.524
2.564
2.296
2.7310000000000003
2.338
2.615
2.562
2.357
2.73
2.674
2.622
2.469
2.522
2.7
2.648
2.306
2.736
2.708
2.822
2.761
2.773
2.403
2.482
2.568
2.548
2.475
2.658
2.4530000000000003
2.755
2.557
2.449
2.705
2.645
2.725
2.59
2.532
2.7230000000000003
2.58
2.607
2.658
2.675
2.802
2.625
2.822
2.5810000000000004
2.475
2.535
2.6830000000000003
2.602
2.67
2.611
2.668
2.54
2.486
2.569
2.847
2.543
2.532
2.499
2.6630000000000003
2.46
2.6260000000000003
2.755
2.439
2.509
2.688
2.542
2.659
2.623
2.583
2.782
2.641
2.838
2.507
2.472
2.748
2.728
2.817
2.6630000000000003
2.837
2.613
2.745
2.515
2.879
2.504
2.875
2.588
2.52
2.54
2.64
2.7110000000000003
2.77
2.528
2.5610000000000004
2.575
2.739
2.599
2.617
3.093
2.583
2.705
2.588
2.555
2.8080000000000003
2.343
2.614
2.257
2.422
2.619
2.823
2.74
2.762
2.622
2.6210000000000004
2.4
2.218
2.615
2.326
2.654
2.664
2.4330000000000003
2.629
2.487
1.7
2.814
2.693
2.761
2.4730000000000003
2.67
2.625
2.631
2.768
2.649
2.51
2.5860000000000003
2.783
2.4090000000000003
2.732
