2.502
2.452
2.369
2.319
2.545
2.66
2.962
2.247
1.807
2.463
1.588
2.825
2.312
2.007
2.664
2.582
2.595
2.497
2.797
2.699
2.026
2.693
2.051
2.317
2.062
2.063
2.3
2.182
2.934
2.988
2.698
2.4
2.424
2.326
2.636
2.254
2.458
2.443
2.567
2.528
2.781
2.7310000000000003
2.4130000000000003
2.381
2.556
2.6010000000000004
2.623
2.736
2.5
2.202
2.64
2.557
2.6460000000000004
2.9160000000000004
2.563
1.977
2.454
2.46
2.975
2.274
2.549
2.985
2.5810000000000004
2.469
2.546
2.568
1.98
2.174
2.727
2.753
2.142
2.678
2.9810000000000003
2.482
2.551
3.071
2.799
2.428
2.377
2.617
2.478
2.468
2.012
2.641
2.048
2.772
2.5660000000000003
2.587
2.635
1.892
2.397
2.439
2.649
2.7460000000000004
2.5380000000000003
2.344
1.914
2.297
2.532
2.2840000000000003
1.4880000000000002
2.2430000000000003
2.8160000000000003
2.825
2.604
1.138
3.008
2.667
2.721
2.431
2.352
2.674
2.359
2.466
1.445
2.7030000000000003
2.366
2.678
2.47
2.56
2.61
2.584
2.587
2.319
2.302
2.515
2.803
2.614
2.736
2.6180000000000003
1.66
2.906
2.813
2.5380000000000003
1.4409999999999998
2.267
2.3280000000000003
2.5380000000000003
2.819
2.484
2.603
2.733
2.506
2.424
2.406
2.786
2.602
2.516
2.676
2.352
2.5580000000000003
2.533
2.73
2.385
2.815
2.688
2.4290000000000003
2.7030000000000003
2.549
2.25
2.777
2.282
2.662
1.911
2.696
2.849
2.521
1.953
2.505
2.579
2.694
2.065
2.8110000000000004
2.705
2.612
2.656
2.69
2.91
2.77
2.505
2.904
2.454
2.192
2.38
2.6210000000000004
2.508
2.518
2.637
2.4130000000000003
2.6
2.498
2.56
2.421
2.141
2.656
2.549
2.583
2.393
2.513
2.594
2.613
2.82
2.7430000000000003
2.244
2.117
2.58
2.676
2.815
2.389
2.744
2.5610000000000004
2.087
2.154
2.609
3.012
2.356
2.8110000000000004
2.528
2.7310000000000003
2.708
2.57
2.6660000000000004
2.128
2.741
2.488
2.7110000000000003
2.775
2.495
2.457
2.495
1.871
2.449
2.149
2.4530000000000003
2.562
2.698
2.599
2.784
2.657
1.654
2.312
2.767
2.379
2.468
2.526
2.922
2.7110000000000003
2.572
2.292
2.911
2.454
2.662
2.667
2.745
2.807
2.692
2.239
1.595
2.49
2.613
1.944
2.678
2.419
2.623
2.675
2.7060000000000004
2.676
2.577
2.687
2.317
2.213
2.268
2.347
2.533
1.929
2.565
2.802
2.104
2.55
2.507
2.487
2.479
2.214
2.763
2.074
2.261
2.246
2.445
2.673
2.736
2.277
2.468
2.344
2.84
2.7030000000000003
2.469
2.64
2.547
2.216
2.564
2.887
2.075
2.575
2.116
2.789
2.655
2.276
2.228
2.571
2.255
2.547
3.014
2.6710000000000003
2.188
2.513
1.821
2.209
2.764
2.299
2.508
2.484
2.224
2.824
2.641
2.779
2.638
2.123
1.968
2.067
2.3480000000000003
2.271
2.412
2.479
2.514
2.505
2.8510000000000004
2.518
2.8310000000000004
2.472
2.262
2.7310000000000003
2.712
2.587
2.748
2.577
2.568
2.435
2.226
2.721
2.164
2.9810000000000003
2.812
2.53
2.521
2.508
2.757
2.064
2.414
2.4330000000000003
2.449
2.361
2.411
2.4
2.57
1.66
2.218
2.805
1.925
2.655
2.196
2.57
2.9210000000000003
2.38
2.508
2.68
2.636
2.835
2.31
2.817
2.649
2.471
2.518
1.508
2.6060000000000003
2.732
2.966
2.764
1.958
2.6
2.524
2.879
2.841
2.305
2.53
2.36
2.588
2.6
2.3680000000000003
2.479
2.263
2.177
2.613
2.809
1.535
1.986
2.323
2.739
2.452
2.713
2.9160000000000004
2.741
2.214
2.257
2.103
1.971
2.486
2.232
2.642
2.595
2.804
3.015
2.701
3.141
2.495
2.861
2.362
2.299
2.414
2.467
2.627
2.463
2.625
2.256
2.741
2.817
2.447
2.636
3.019
1.928
2.536
2.778
2.599
2.645
2.622
1.992
2.35
2.548
2.716
2.689
2.958
2.748
1.984
2.73
2.322
2.262
2.415
2.612
2.092
2.93
2.912
2.6260000000000003
2.563
2.765
2.61
2.482
2.072
2.588
2.5340000000000003
1.981
2.321
2.481
2.522
2.572
2.545
2.461
2.312
2.603
2.34
2.58
1.906
2.608
2.795
2.662
2.912
2.774
2.292
2.77
2.229
1.654
2.138
2.218
2.645
2.687
2.563
2.661
2.404
2.396
2.519
2.978
2.356
2.531
2.825
2.767
2.853
2.546
2.364
2.481
2.221
2.503
2.741
2.527
2.148
2.764
2.6010000000000004
2.425
2.475
2.602
2.053
2.664
2.785
2.736
2.818
2.258
2.395
2.577
2.365
2.635
2.4730000000000003
2.032
2.384
1.693
2.754
2.656
2.546
2.346
2.463
2.943
2.709
2.255
2.904
2.66
2.233
1.55
2.652
2.201
2.174
2.254
2.356
2.642
2.454
2.521
2.81
2.468
2.763
2.059
2.724
2.134
2.786
2.64
2.845
2.741
2.698
2.6910000000000003
2.7030000000000003
2.559
2.15
2.437
2.467
2.302
2.551
2.526
2.441
2.652
2.525
2.108
2.588
2.649
2.705
1.7619999999999998
1.6130000000000002
2.592
2.518
2.732
2.17
1.725
2.695
2.34
2.1630000000000003
2.892
2.826
2.479
2.632
2.5380000000000003
1.49
1.713
2.212
2.542
2.5580000000000003
2.505
1.977
2.77
2.125
2.289
2.339
1.7009999999999998
2.753
2.483
2.208
1.977
2.641
1.633
2.559
2.665
2.257
2.401
2.211
2.694
2.496
2.766
1.992
2.915
2.559
2.252
2.215
2.441
2.603
2.355
2.704
2.482
2.511
2.687
2.532
2.307
2.185
2.675
2.651
2.063
2.879
2.479
2.37
2.772
2.658
2.498
2.656
2.632
1.755
2.396
2.826
2.559
2.614
2.119
2.027
2.669
2.78
2.667
1.977
2.8
2.749
2.238
2.847
2.499
2.562
2.275
2.605
2.241
2.547
2.629
2.524
2.575
2.802
2.65
2.208
2.658
2.898
2.471
2.436
2.233
2.44
2.8510000000000004
2.6260000000000003
2.798
2.661
2.218
2.654
2.448
2.769
2.563
2.567
2.289
2.275
2.592
2.537
1.922
2.214
2.588
2.217
2.371
2.764
2.459
2.71
2.077
2.9560000000000004
2.532
2.8280000000000003
2.499
2.459
2.785
1.7990000000000002
2.623
2.418
2.735
2.612
2.337
2.229
2.777
2.628
2.289
2.438
2.358
2.77
2.392
2.138
2.385
2.529
2.867
2.725
2.5
2.476
2.786
2.608
2.217
2.633
2.661
1.968
2.642
2.588
2.387
2.3480000000000003
2.08
2.593
2.516
2.592
2.498
2.906
2.738
3.0810000000000004
1.97
2.604
2.425
2.775
2.267
2.897
2.678
2.404
2.5660000000000003
2.7060000000000004
2.374
2.795
2.658
2.19
1.805
2.149
2.818
2.481
1.781
2.371
2.652
2.16
2.587
2.5780000000000003
2.735
2.234
2.51
2.158
2.461
2.708
2.682
2.533
2.818
2.794
2.083
2.672
2.236
2.7310000000000003
2.6210000000000004
2.843
2.619
2.592
2.951
2.333
1.77
2.753
2.273
2.462
1.887
2.517
2.344
2.648
2.602
2.564
2.9160000000000004
2.824
2.069
2.725
2.7
2.636
2.715
2.439
1.62
2.441
2.764
2.713
2.427
2.656
2.176
1.983
2.472
2.474
2.466
2.128
2.259
2.834
2.496
2.278
2.343
2.924
2.588
2.644
2.089
2.685
2.623
2.542
2.08
2.287
2.925
2.709
2.8310000000000004
2.52
2.41
2.763
2.7910000000000004
2.447
2.849
2.193
2.421
2.54
2.329
2.37
2.301
2.081
2.584
2.901
2.455
1.716
2.809
2.947
1.877
2.814
2.66
2.599
2.306
2.322
2.059
2.142
2.6460000000000004
2.426
2.591
2.617
2.724
2.716
2.807
2.231
2.589
2.379
2.589
1.931
2.7
1.933
2.657
2.487
1.6030000000000002
2.7430000000000003
2.697
2.591
2.7510000000000003
2.537
1.963
1.696
2.475
2.603
2.761
2.945
2.505
2.426
2.885
2.5540000000000003
2.574
2.375
2.466
2.588
2.069
2.599
2.5380000000000003
2.466
2.502
2.5540000000000003
2.66
2.891
2.445
2.5610000000000004
2.333
2.583
2.102
3.0780000000000003
2.782
2.794
2.6260000000000003
2.755
2.526
2.21
2.297
2.773
2.396
2.182
2.425
2.625
2.8360000000000003
2.551
1.845
2.658
2.597
3.031
2.931
2.5340000000000003
2.422
2.343
2.299
2.509
2.68
2.395
2.504
2.681
2.424
2.591
2.541
2.775
2.733
2.632
2.41
2.704
2.049
2.72
2.333
2.414
2.436
2.448
2.8310000000000004
2.765
2.712
2.615
3.025
1.926
2.458
2.719
2.567
2.108
2.7460000000000004
2.644
2.7
2.539
2.574
2.295
2.479
2.352
2.5980000000000003
2.815
2.742
2.238
2.2880000000000003
2.623
2.108
2.825
2.668
1.843
2.502
2.66
2.186
2.651
2.805
2.557
2.77
2.894
2.5540000000000003
2.809
2.57
2.4530000000000003
2.695
2.013
2.214
2.971
2.477
2.668
2.661
2.676
2.2230000000000003
2.767
2.841
2.752
2.622
2.576
2.6010000000000004
1.889
2.584
3.069
2.4330000000000003
2.279
2.114
2.94
2.501
2.88
2.709
2.263
2.423
2.904
2.44
2.84
2.286
2.468
2.786
2.7030000000000003
2.424
2.418
2.839
2.908
2.665
2.44
1.852
2.595
2.443
2.761
1.842
2.668
2.46
2.708
2.529
1.936
2.6210000000000004
2.389
2.565
2.31
2.692
2.25
2.647
2.541
2.463
2.702
2.302
2.2430000000000003
2.57
2.8080000000000003
2.615
2.5610000000000004
2.466
2.786
2.522
2.547
2.393
2.292
2.097
2.599
2.636
2.469
2.047
2.273
2.8280000000000003
2.11
2.491
2.783
2.768
2.218
2.48
2.378
2.423
2.565
2.785
2.446
2.539
2.391
2.134
2.362
1.656
2.6460000000000004
2.824
2.333
1.974
2.651
2.401
2.609
2.494
2.151
1.933
2.536
2.6460000000000004
2.708
2.84
2.651
2.548
2.515
2.752
1.89
2.803
2.927
2.521
2.305
2.865
2.211
2.7030000000000003
2.7030000000000003
2.611
2.639
2.224
2.675
2.387
2.325
2.079
2.822
2.404
2.673
2.773
2.74
2.26
2.716
2.999
2.1
2.496
2.302
2.735
2.783
2.032
2.857
2.227
2.675
2.7230000000000003
2.669
2.44
2.512
2.725
2.491
2.774
2.992
2.642
2.767
2.98
2.838
2.472
2.525
2.487
2.372
2.192
2.421
2.252
2.942
2.4
2.397
2.587
3.04
2.687
2.5540000000000003
2.206
2.405
2.545
2.321
2.044
2.5780000000000003
2.63
2.571
2.825
2.807
2.385
1.847
2.446
2.604
2.699
2.402
2.893
2.526
2.291
2.5860000000000003
2.539
2.805
2.66
2.716
1.702
2.849
2.014
1.706
2.64
1.78
2.5860000000000003
2.803
2.366
2.62
2.7510000000000003
2.2230000000000003
2.423
2.685
2.238
1.845
2.022
2.795
2.3080000000000003
2.446
2.2840000000000003
2.377
2.265
2.7230000000000003
2.049
2.982
3.182
2.912
2.461
2.624
2.32
2.676
2.141
2.803
2.785
2.861
2.589
2.68
2.302
2.477
2.072
2.371
2.772
2.153
2.287
2.466
2.6910000000000003
2.948
2.749
2.357
2.344
2.15
2.182
2.712
2.688
2.5380000000000003
2.45
2.523
2.027
1.785
2.367
2.909
2.278
2.8
2.048
2.65
2.692
1.863
2.481
2.003
2.7310000000000003
2.673
2.692
2.75
2.6
2.786
2.076
2.201
2.47
2.536
2.775
2.677
2.54
2.5810000000000004
2.7
2.7030000000000003
2.494
2.59
2.144
2.297
2.841
2.694
2.62
2.725
2.209
2.624
2.932
2.233
2.404
2.544
2.589
2.61
2.661
3.015
2.6260000000000003
2.506
2.064
2.7910000000000004
2.733
2.938
2.446
2.844
2.345
2.081
2.487
2.607
2.795
2.783
2.443
2.794
2.372
2.681
2.873
2.594
2.812
2.032
2.481
2.472
2.469
2.182
2.7430000000000003
2.224
2.749
2.797
2.505
2.535
2.291
2.465
1.861
2.874
2.286
2.25
2.42
2.632
2.151
2.401
2.4730000000000003
2.181
2.659
1.984
2.769
2.71
1.921
2.674
2.638
2.357
2.693
2.597
2.801
2.556
2.675
2.33
2.612
2.886
2.838
2.652
2.603
2.025
2.236
1.916
2.857
2.599
2.387
2.527
2.897
0.951
2.838
2.897
2.733
2.697
2.756
2.425
2.1790000000000003
2.6830000000000003
2.773
2.702
2.147
2.974
2.161
2.3680000000000003
1.972
1.611
2.551
2.75
2.481
2.798
2.383
2.057
2.71
2.156
2.47
2.271
2.881
2.342
2.679
2.647
2.776
2.617
2.627
2.676
2.672
1.938
2.843
1.897
2.631
2.089
2.741
2.702
2.053
2.653
1.947
2.617
2.992
2.213
2.546
2.641
2.6460000000000004
2.763
2.705
2.323
2.577
2.637
2.471
2.5660000000000003
2.523
2.5810000000000004
2.678
2.756
2.574
2.708
2.388
1.96
3.039
2.881
2.526
3.044
2.312
1.899
1.925
2.6460000000000004
2.125
2.747
2.551
2.658
2.099
2.513
2.418
1.929
2.78
2.565
2.059
2.7030000000000003
2.533
2.918
2.664
2.879
2.283
2.698
2.39
2.402
2.818
2.549
2.804
2.701
2.543
2.238
2.335
2.724
2.546
2.437
1.822
2.651
1.955
2.4130000000000003
2.041
2.763
1.591
2.7310000000000003
2.6830000000000003
2.662
2.653
2.285
1.991
2.503
2.458
2.844
1.913
2.341
1.819
2.281
2.468
2.332
2.634
2.055
2.3
2.669
2.657
2.972
2.4730000000000003
2.9410000000000003
2.62
2.768
2.749
2.541
2.32
2.772
1.87
2.905
2.674
2.6860000000000004
2.8
2.301
2.4290000000000003
2.546
2.394
2.294
2.7460000000000004
2.394
2.53
2.441
2.503
2.548
2.946
1.984
2.622
2.226
2.407
2.834
2.52
1.595
1.997
3.0210000000000004
2.141
2.29
2.609
2.2840000000000003
2.215
2.141
2.524
2.73
2.852
2.533
2.569
2.803
2.315
2.602
2.277
2.661
2.193
2.6
2.571
2.591
3.008
2.912
2.257
2.741
2.674
2.59
2.6
2.7960000000000003
2.503
2.954
1.3530000000000002
2.55
2.623
2.655
2.028
2.734
2.037
2.271
1.793
1.992
2.04
2.5580000000000003
2.352
2.76
2.721
1.58
2.08
1.212
2.361
2.787
2.616
2.31
2.604
2.634
2.647
2.315
2.745
2.172
2.925
2.1
2.673
1.923
2.107
2.779
2.8710000000000004
2.467
2.49
2.477
2.574
2.632
2.869
2.43
2.914
2.744
2.616
2.414
2.112
2.845
2.417
2.259
2.315
2.489
1.608
2.371
2.412
2.745
2.66
2.383
2.386
2.257
2.364
2.3680000000000003
2.436
2.155
2.563
2.5660000000000003
2.742
2.5860000000000003
2.668
2.312
3.037
2.069
2.757
2.157
2.638
2.99
2.716
2.889
2.639
2.594
2.529
2.84
2.656
1.965
2.4
2.391
2.819
2.857
2.783
2.628
2.229
2.38
2.057
2.742
2.56
1.798
2.614
2.6
2.121
2.519
1.884
2.407
2.343
2.326
2.425
2.56
2.55
2.679
2.315
2.204
2.645
2.36
2.674
2.5580000000000003
2.329
2.5980000000000003
2.468
1.87
1.992
2.83
2.925
1.984
2.276
2.351
1.734
2.877
2.76
2.556
2.361
2.553
2.889
2.516
2.153
2.702
2.959
2.6660000000000004
2.602
2.814
2.167
2.83
2.524
2.296
2.6180000000000003
2.487
2.066
2.732
2.11
2.481
2.198
1.966
2.557
2.516
2.276
2.301
2.519
2.515
2.7430000000000003
2.256
2.199
2.794
2.687
2.344
2.904
2.552
2.662
2.41
2.436
2.563
2.392
1.946
2.648
2.458
2.199
2.472
2.778
2.514
2.466
2.569
2.845
2.593
2.589
2.375
2.763
2.5860000000000003
2.705
2.889
2.705
1.76
2.518
2.46
2.549
2.6180000000000003
2.638
2.652
2.486
1.946
1.975
2.544
2.031
2.678
2.5540000000000003
2.712
2.265
2.611
2.81
2.33
2.4330000000000003
3.075
1.654
2.5
2.679
2.178
3.072
2.461
2.75
2.563
2.249
2.861
2.73
2.785
2.676
2.75
2.682
2.595
2.727
2.553
2.36
2.872
2.8160000000000003
2.384
2.5
2.674
2.563
2.872
2.46
2.315
2.866
2.4730000000000003
2.482
2.491
2.872
2.545
2.499
2.165
2.396
2.509
2.049
2.759
1.575
1.977
2.335
2.713
2.948
2.609
2.652
2.564
2.4130000000000003
2.1630000000000003
2.698
1.92
2.668
2.615
2.283
2.786
2.5610000000000004
1.197
2.638
2.5380000000000003
2.47
2.52
2.541
2.665
2.803
2.8680000000000003
2.643
2.713
2.575
2.604
1.646
2.948
