2.693
2.478
2.4290000000000003
2.427
2.73
2.984
3.049
2.71
3.112
2.632
2.199
2.849
2.645
2.48
2.717
3.14
2.645
3.049
2.757
2.857
3.252
2.97
3.235
3.119
2.915
2.989
2.476
3.154
2.9330000000000003
3.0860000000000003
2.8510000000000004
2.614
2.897
3.067
2.446
3.2260000000000004
2.704
2.551
2.759
2.386
2.74
3.064
2.813
2.611
3.048
3.177
3.02
2.795
3.194
2.577
3.236
3.261
2.6660000000000004
2.886
2.648
2.494
3.08
2.985
2.7030000000000003
3.004
2.507
2.7060000000000004
2.404
3.185
2.718
2.841
2.396
2.502
2.832
2.821
2.889
2.96
2.915
2.659
2.797
3.055
3.073
2.7260000000000004
2.623
3.722
2.583
2.918
2.903
3.0980000000000003
3.423
2.875
2.842
2.917
2.825
3.204
2.87
2.375
2.594
2.375
2.849
2.9210000000000003
2.613
3.124
2.502
2.745
2.114
2.917
2.773
2.677
2.7260000000000004
2.484
3.054
3.12
3.08
2.769
2.96
2.754
2.951
3.1010000000000004
2.495
2.792
2.858
2.624
2.64
2.7230000000000003
2.752
3.013
3.434
2.704
2.637
3.037
3.249
2.753
2.705
3.069
2.525
3.141
3.111
2.718
3.01
2.803
3.037
2.548
2.6830000000000003
2.814
2.928
2.775
2.356
2.669
2.983
2.625
2.547
3.178
2.873
2.947
2.978
2.91
2.821
3.003
2.957
2.537
2.869
2.9930000000000003
2.907
2.564
2.809
3.162
3.011
3.012
2.786
2.75
2.692
3.178
2.681
2.822
2.826
2.696
2.739
3.144
2.845
2.63
2.503
2.92
2.8080000000000003
2.63
2.9810000000000003
2.623
2.77
2.785
2.994
2.839
2.6860000000000004
3.019
2.761
2.9
2.762
2.7230000000000003
3.258
3.362
2.782
2.661
2.71
2.809
2.8
2.918
2.803
3.3160000000000003
2.662
2.888
2.7030000000000003
2.873
2.77
3.075
2.623
2.939
2.507
2.758
2.764
3.36
3.366
3.051
2.9330000000000003
2.676
2.6
3.22
2.824
2.9160000000000004
2.98
2.855
2.847
3.688
2.866
3.051
2.97
2.8280000000000003
2.404
2.841
2.883
2.96
2.865
2.824
3.14
3.168
2.795
2.99
3.064
3.112
2.8760000000000003
2.568
2.818
2.978
3.147
2.632
2.361
2.8080000000000003
2.901
3.096
2.93
2.9
2.947
2.834
2.49
2.8
2.927
3.2
2.741
2.96
2.613
2.576
2.733
3.053
2.862
2.893
2.967
2.271
3.15
3.175
2.729
2.911
2.708
2.9610000000000003
2.977
2.575
2.595
2.588
2.873
3.076
2.724
3.136
2.488
2.655
2.7230000000000003
2.817
2.895
2.37
2.874
2.712
2.795
2.909
2.881
3.012
3.162
3.056
2.443
3.129
2.9210000000000003
2.776
2.9760000000000004
2.865
3.063
2.739
2.769
2.195
2.516
2.501
2.854
3.009
2.639
2.819
2.815
2.232
2.504
2.845
2.557
2.735
2.719
2.786
2.99
2.952
2.559
2.707
2.924
2.935
3.205
2.69
2.58
3.0460000000000003
2.585
3.112
2.794
2.948
2.9
2.994
2.798
2.527
3.319
2.699
2.72
2.929
2.819
3.007
2.804
2.689
2.783
2.729
2.622
2.785
2.75
2.697
2.567
3.175
2.9160000000000004
2.599
2.928
2.782
2.85
2.628
2.778
2.952
2.525
2.829
2.651
3.084
2.541
2.415
3.016
3.358
2.319
2.651
2.712
2.803
3.074
2.285
3.2030000000000003
2.627
3.139
2.793
3.092
2.9
3.102
3.0010000000000003
2.853
2.613
2.905
2.829
2.946
2.675
2.928
2.83
2.845
2.5610000000000004
2.611
2.822
2.739
2.375
2.6210000000000004
2.792
2.884
2.589
2.7060000000000004
3.087
2.992
2.9
2.677
2.672
3.111
2.842
2.8160000000000003
3.269
2.465
2.574
2.784
2.818
2.793
3.2060000000000004
3.423
3.145
2.705
2.838
3.133
2.419
2.931
3.056
2.5610000000000004
2.716
3.009
2.813
2.77
3.1
3.332
2.514
2.654
4.104
2.648
2.756
3.051
3.259
2.822
2.931
2.527
2.556
2.721
2.68
3.002
2.775
3.05
2.76
3.185
2.772
2.945
2.866
2.7
3.39
2.985
2.635
3.013
3.069
2.9730000000000003
2.512
2.682
3.429
2.83
3.009
3.035
2.807
2.818
2.972
2.899
2.902
3.059
2.654
2.902
2.918
2.7430000000000003
2.7710000000000004
2.9810000000000003
2.989
3.035
3.0010000000000003
2.978
2.721
2.891
3.089
2.99
2.946
2.485
2.68
2.628
3.212
2.886
3.272
2.7060000000000004
2.931
3.184
2.878
2.948
2.757
2.7880000000000003
2.894
2.892
2.957
2.926
2.365
3.012
2.543
2.647
2.547
3.048
2.6830000000000003
2.74
2.564
2.9160000000000004
3.056
2.442
2.8960000000000004
2.735
2.9760000000000004
2.664
3.069
2.858
2.4130000000000003
2.82
2.854
2.607
2.909
2.648
3.134
2.839
2.8110000000000004
3.245
2.556
3.132
2.869
2.948
3.065
2.806
2.6180000000000003
3.1180000000000003
2.719
2.515
3.031
2.447
2.629
2.766
2.721
2.649
2.693
2.518
2.965
2.2230000000000003
2.7430000000000003
2.647
2.784
2.694
2.817
3.019
2.721
2.866
2.972
2.975
2.753
2.713
2.812
3.576
2.537
2.597
2.909
2.645
2.9810000000000003
2.406
2.638
2.609
2.774
2.85
2.549
2.988
2.744
2.708
2.42
2.7060000000000004
2.8080000000000003
2.894
3.182
2.962
2.7310000000000003
2.76
2.867
2.975
2.378
2.8960000000000004
2.8710000000000004
2.789
2.93
3.268
2.997
3.079
2.892
2.557
2.613
2.678
2.853
2.7460000000000004
2.567
2.997
2.693
2.507
2.495
3.471
2.664
2.435
2.827
2.615
2.934
2.8080000000000003
2.67
2.906
3.092
2.86
3.136
2.668
2.991
2.535
2.947
2.68
2.759
2.55
2.367
2.749
3.2030000000000003
2.363
2.803
2.928
2.7430000000000003
2.854
3.1180000000000003
2.8510000000000004
2.8
2.912
3.113
2.314
2.798
2.457
2.785
2.98
2.947
2.607
3.248
2.762
2.6180000000000003
2.574
2.652
2.883
2.959
2.483
2.877
3.057
2.955
2.699
2.784
2.615
2.724
2.652
2.74
2.8160000000000003
2.785
2.757
2.295
2.607
2.974
2.551
2.6710000000000003
2.9
2.709
2.6460000000000004
2.783
2.9810000000000003
2.676
2.727
3.213
3.201
2.85
3.14
2.793
2.615
2.812
2.605
3.158
2.83
2.568
3.092
2.994
2.661
3.074
3.1180000000000003
3.073
2.552
3.042
2.736
2.995
3.1060000000000003
2.247
3.024
2.897
2.821
3.208
2.724
3.036
2.725
2.902
2.874
2.825
2.66
3.167
2.321
1.899
3.293
2.508
3.068
2.747
3.117
2.692
2.679
2.9530000000000003
2.963
2.6210000000000004
2.7460000000000004
3.042
2.615
2.878
2.984
2.878
2.315
2.641
2.717
2.197
2.541
2.8080000000000003
2.784
2.943
3.089
3.216
2.704
2.971
2.509
2.86
2.767
2.768
2.775
2.982
2.633
3.201
3.149
3.029
2.643
2.596
2.8110000000000004
2.692
2.636
2.692
2.76
2.9410000000000003
2.847
2.6010000000000004
2.897
2.7030000000000003
2.755
2.894
2.874
2.889
2.845
2.737
3.028
2.6010000000000004
3.104
3.213
2.331
3.033
3.009
2.767
2.624
3.46
3.141
3.072
3.06
2.528
2.279
3.384
2.678
2.651
2.674
2.551
2.9210000000000003
3.176
2.893
3.5380000000000003
3.1260000000000003
2.852
2.5780000000000003
3.026
2.798
2.755
2.653
3.027
2.6010000000000004
3.176
2.911
2.455
2.612
2.674
2.842
2.982
3.027
2.991
2.803
2.514
2.655
2.85
2.483
2.812
2.9610000000000003
2.968
3.181
2.681
2.438
3.077
3.114
2.6010000000000004
2.714
3.175
2.927
2.98
3.12
3.006
3.035
2.7260000000000004
2.773
2.514
3.236
2.951
2.6460000000000004
2.857
2.801
3.238
2.948
2.623
3.155
2.969
2.82
2.715
3.102
2.803
3.11
3.012
2.864
2.937
2.702
2.469
2.749
3.065
3.016
2.668
3.362
2.838
3.297
3.072
3.014
2.939
3.252
2.978
2.9560000000000004
2.888
3.675
3.036
2.432
2.614
2.594
2.855
2.79
2.761
3.095
2.588
2.857
2.274
2.519
2.967
2.866
3.153
2.778
3.122
3.178
2.841
2.895
2.925
2.63
2.474
3.087
2.765
2.929
3.42
2.929
2.786
2.753
3.0460000000000003
2.682
2.748
3.009
3.198
2.792
2.9130000000000003
2.937
2.744
3.0380000000000003
2.574
2.764
2.822
3.263
3.093
2.401
2.415
2.613
2.713
3.015
3.137
2.909
2.924
2.719
2.891
2.977
3.177
3.073
2.481
2.571
2.701
3.082
3.254
2.918
3.049
2.781
2.9410000000000003
2.65
2.974
3.0980000000000003
2.647
2.654
2.714
2.879
2.892
2.9610000000000003
2.866
3.216
2.9530000000000003
2.975
2.978
2.491
2.786
3.1660000000000004
2.841
2.995
3.022
2.8710000000000004
2.778
2.764
2.755
3.135
2.879
2.65
2.378
2.464
3.172
2.6630000000000003
2.984
2.611
2.625
2.844
2.7310000000000003
2.714
3.381
2.729
2.315
3.2060000000000004
3.018
2.763
3.155
3.07
3.034
2.735
2.727
2.95
2.952
3.0380000000000003
3.068
2.596
3.031
3.35
2.904
2.837
2.935
3.033
2.658
2.54
2.8560000000000003
2.994
2.952
2.476
2.826
2.8760000000000003
2.669
2.825
2.523
3.0010000000000003
2.572
2.506
2.765
2.6830000000000003
2.97
2.927
2.978
3.362
2.918
2.4330000000000003
3.092
2.987
2.679
3.05
3.045
3.1
3.037
2.885
2.966
2.779
2.552
2.454
2.443
2.735
2.995
2.614
2.65
2.9330000000000003
2.912
2.327
2.8510000000000004
2.6830000000000003
2.6860000000000004
3.402
3.005
2.885
2.713
3.712
2.803
2.548
3.017
2.97
2.604
3.1460000000000004
2.929
3.141
2.9
2.673
3.239
2.763
2.503
2.58
2.805
3.274
2.867
2.602
2.8310000000000004
2.728
3.485
3.199
2.6710000000000003
2.8360000000000003
2.714
2.898
3.399
3.4930000000000003
2.714
2.728
2.765
3.194
2.952
2.754
3.143
2.942
2.949
2.769
2.7510000000000003
2.63
3.009
2.846
2.891
2.9760000000000004
2.9610000000000003
2.84
2.728
3.036
2.912
2.903
2.93
3.41
2.664
2.675
2.854
2.847
2.497
2.9330000000000003
3.074
2.778
3.262
2.8480000000000003
3.277
2.669
3.104
2.662
2.748
2.6660000000000004
2.891
3.341
2.945
2.867
3.116
2.724
2.915
2.817
2.855
3.04
3.077
2.904
2.596
2.81
2.502
2.795
2.904
2.728
2.736
3.1210000000000004
2.781
3.0010000000000003
2.817
2.935
2.985
3.379
3.641
2.716
3.383
3.122
3.069
2.98
2.8680000000000003
2.832
2.8960000000000004
2.622
2.775
2.575
2.854
2.733
3.054
2.899
2.4
2.881
2.6180000000000003
2.878
3.3310000000000004
2.62
2.643
2.814
2.9560000000000004
2.659
2.8080000000000003
2.94
2.8480000000000003
2.737
2.647
2.587
2.881
2.602
3.1210000000000004
3.026
2.905
2.974
2.884
2.658
2.765
2.692
3.188
2.978
2.966
3.275
3.182
2.419
2.862
2.605
2.698
2.422
2.815
2.522
3.013
2.6010000000000004
2.7110000000000003
2.643
3.245
3.123
2.909
2.679
3.034
3.018
2.813
2.742
2.84
2.837
2.984
2.879
3.4130000000000003
2.983
3.29
2.376
3.079
2.659
2.76
2.886
2.702
2.658
2.672
2.834
2.909
2.988
2.66
2.66
3.057
2.736
2.843
2.8710000000000004
2.764
2.944
2.852
2.865
2.416
2.959
2.22
3.245
2.716
2.944
3.065
2.5540000000000003
2.971
2.89
2.925
2.525
2.572
2.651
2.804
3.423
2.842
3.0010000000000003
2.809
2.709
2.681
3.1010000000000004
2.939
2.628
2.794
2.9530000000000003
2.853
2.484
3.193
2.673
3.102
2.841
3.0010000000000003
2.463
2.694
2.653
2.293
2.716
3.004
2.891
2.865
2.693
2.634
2.729
2.86
2.922
2.86
3.412
2.657
2.81
2.638
2.784
2.62
3.113
2.591
2.9360000000000004
2.665
2.781
3.07
2.866
3.07
2.7430000000000003
2.861
3.187
2.9
3.407
2.997
2.6180000000000003
3.089
2.474
2.849
2.52
2.728
2.988
2.885
3.137
2.819
2.774
2.899
2.734
2.709
2.647
2.627
2.951
3.072
2.602
2.66
2.387
2.678
3.179
3.004
2.479
3.144
3.17
2.862
3.289
2.576
2.41
2.6010000000000004
2.653
3.0380000000000003
3.262
3.128
2.767
2.468
3.013
3.111
2.8960000000000004
2.901
2.9810000000000003
2.84
2.769
2.867
2.773
2.925
2.963
2.708
3.102
2.974
2.865
2.728
2.721
2.835
2.9330000000000003
3.036
2.9930000000000003
1.997
2.934
2.822
2.803
2.964
3.185
2.8280000000000003
2.693
2.679
2.864
2.873
3.822
3.05
2.905
2.899
2.643
2.648
2.9
2.937
2.847
2.835
2.958
2.927
2.668
2.579
2.813
2.699
3.036
2.444
3.102
2.696
3.2880000000000003
2.804
2.629
2.814
3.009
2.709
2.92
2.627
2.825
2.738
2.866
2.432
3.056
3.008
2.594
2.56
3.1460000000000004
2.689
3.096
3.158
2.838
2.8760000000000003
2.866
3.036
2.85
2.527
3.25
2.844
3.261
2.939
3.454
2.9330000000000003
2.922
2.805
2.655
2.857
2.624
2.88
2.6210000000000004
2.677
2.718
2.563
3.084
2.974
2.655
3.184
2.521
2.518
3.281
2.749
3.208
3.173
2.8480000000000003
2.6710000000000003
2.393
2.954
2.992
2.6
3.139
2.927
3.0010000000000003
3.024
2.35
3.2960000000000003
2.81
2.855
2.607
3.125
2.559
2.281
2.859
2.571
2.572
2.98
2.6060000000000003
2.73
2.769
2.861
3.005
2.645
3.003
2.904
2.964
2.773
2.98
2.758
2.597
2.767
2.744
2.707
2.858
2.931
3.341
3.075
2.595
3.085
2.6210000000000004
2.537
3.212
3.0980000000000003
2.9930000000000003
3.082
2.875
3.275
2.902
2.6260000000000003
2.8710000000000004
3.048
2.702
3.059
2.9360000000000004
3.025
2.737
2.866
3.015
3.067
2.238
2.752
2.815
3.182
3.091
2.667
2.825
2.63
2.725
2.783
3.239
2.733
2.777
2.833
3.0780000000000003
2.7230000000000003
2.565
2.8
2.815
3.237
2.794
2.777
2.495
3.488
2.486
2.616
2.486
2.765
2.86
3.245
2.778
3.0810000000000004
2.84
2.8560000000000003
2.524
2.784
2.862
2.87
2.577
2.994
2.793
2.983
2.408
2.839
2.448
2.874
3.068
2.76
3.048
3.08
2.888
2.557
2.927
3.0860000000000003
2.948
2.903
2.747
2.4730000000000003
2.695
2.781
2.2840000000000003
2.596
2.634
2.6830000000000003
2.716
2.901
2.244
2.134
2.697
3.145
3.169
2.6010000000000004
2.763
2.9
2.932
2.782
2.892
3.257
3.196
2.576
2.932
2.7430000000000003
2.61
3.055
3.373
2.652
3.1210000000000004
2.7310000000000003
2.642
3.015
2.705
2.861
3.049
3.178
2.915
2.651
2.736
2.7230000000000003
2.572
3.092
2.782
2.767
2.911
2.562
3.274
2.74
2.713
3.102
3.093
2.873
2.5980000000000003
2.623
2.853
2.321
2.585
2.998
3.2960000000000003
2.753
3.212
2.729
2.895
2.5540000000000003
2.702
2.77
2.6210000000000004
2.814
2.904
2.779
2.7460000000000004
2.867
2.353
3.04
3.0
3.372
2.803
2.628
2.952
3.087
3.227
3.114
2.935
2.869
2.661
2.918
2.995
2.51
3.035
3.0610000000000004
2.8310000000000004
3.002
2.385
2.522
3.111
2.698
2.685
2.986
3.377
2.642
2.898
2.749
3.151
2.713
2.863
3.195
3.301
2.923
3.327
2.9360000000000004
3.116
3.056
2.741
2.94
3.527
2.632
2.366
2.904
2.716
2.923
2.397
2.717
3.189
2.585
2.983
2.62
3.087
2.928
3.074
2.911
2.535
3.006
2.843
2.414
2.865
3.158
2.504
2.893
2.388
2.777
2.428
2.911
2.775
2.994
2.873
2.668
2.57
2.709
2.92
2.875
3.1260000000000003
2.7110000000000003
3.07
3.1060000000000003
3.47
2.815
2.625
2.66
2.902
2.692
2.977
2.338
3.01
2.995
2.948
2.9930000000000003
2.521
3.1460000000000004
2.481
2.642
2.768
2.705
2.562
2.784
2.806
2.966
2.7110000000000003
3.0460000000000003
2.8160000000000003
2.637
3.044
2.662
2.927
2.959
2.946
2.468
2.849
2.945
2.614
2.71
2.859
2.227
2.644
2.919
2.487
2.428
2.676
2.86
3.096
2.6210000000000004
2.4
3.087
2.77
3.497
2.752
2.7910000000000004
2.7110000000000003
2.717
2.425
2.765
2.802
2.756
3.49
3.0610000000000004
2.951
3.094
2.9360000000000004
3.378
2.977
3.335
3.227
2.714
2.7030000000000003
2.294
2.556
3.105
3.008
2.872
2.567
2.764
3.153
2.577
2.761
2.874
2.785
2.71
2.799
2.882
2.958
2.698
2.802
2.72
3.201
2.677
2.873
2.61
3.052
3.278
2.4090000000000003
2.356
2.719
3.0
3.116
2.754
2.549
2.899
2.781
2.386
2.803
2.841
3.174
3.2110000000000003
2.693
2.741
2.8680000000000003
2.484
2.699
3.144
2.354
3.127
2.94
2.794
