2.755
2.343
2.399
2.347
2.467
2.6
2.755
2.403
2.602
2.289
2.24
2.516
2.392
2.4290000000000003
2.458
2.421
2.557
2.367
2.76
2.642
2.652
2.422
2.438
2.509
2.5580000000000003
2.173
2.408
2.76
2.539
2.463
2.474
2.6860000000000004
2.551
2.713
2.644
3.07
2.489
2.4090000000000003
2.642
2.623
2.637
2.62
2.341
2.697
2.574
2.544
2.438
2.608
2.492
2.583
2.589
2.625
2.456
2.519
2.379
2.316
2.469
2.664
2.906
2.314
2.361
2.457
2.083
2.5340000000000003
2.545
2.612
2.488
2.299
2.39
2.7060000000000004
2.466
2.3080000000000003
2.556
2.68
2.465
2.649
2.532
2.573
2.604
2.821
2.39
2.627
2.677
2.483
2.403
2.642
2.424
2.5980000000000003
2.499
2.565
2.298
2.724
2.608
2.355
2.658
2.519
2.625
2.416
2.441
2.38
2.357
2.77
2.532
2.689
2.319
2.16
2.6010000000000004
2.277
2.471
2.318
2.42
2.427
2.607
2.498
2.307
2.7030000000000003
2.65
2.219
2.657
2.472
2.707
2.5580000000000003
2.792
2.449
2.547
2.814
2.812
2.557
2.35
2.821
2.591
2.67
2.589
2.469
2.261
2.375
2.638
2.4730000000000003
2.293
2.885
2.843
2.416
2.722
2.434
2.314
2.338
2.631
2.631
2.406
2.9930000000000003
2.451
2.814
2.387
2.7230000000000003
2.49
2.466
2.806
2.528
2.64
2.377
2.526
2.562
2.426
2.408
2.392
2.5980000000000003
2.395
2.822
2.752
2.596
2.444
2.416
2.622
2.369
2.335
2.43
2.66
2.645
2.448
2.384
2.697
2.965
2.457
2.491
2.415
2.623
2.648
2.444
2.804
2.576
2.719
2.472
2.642
2.575
2.58
2.532
2.599
2.62
2.441
2.738
2.772
2.915
2.266
2.43
2.9130000000000003
2.517
2.6060000000000003
2.572
2.532
2.7110000000000003
2.358
2.6630000000000003
2.47
2.642
2.645
2.642
2.7260000000000004
2.8110000000000004
2.36
2.613
2.389
2.462
2.651
2.359
2.4330000000000003
2.792
2.572
2.543
2.492
2.525
2.352
2.573
2.334
2.506
2.568
2.658
2.719
2.839
2.837
2.577
2.763
2.574
2.506
2.5860000000000003
2.347
2.882
2.722
2.624
2.546
2.6010000000000004
2.654
2.662
2.614
2.555
2.878
2.535
2.573
2.28
2.445
2.842
2.503
2.5380000000000003
2.33
2.523
2.343
2.467
2.732
2.677
2.651
2.302
2.529
2.384
2.377
2.672
2.55
2.442
2.342
2.362
2.567
2.664
2.864
2.496
2.339
2.488
2.67
2.68
2.216
2.496
2.61
2.5340000000000003
2.375
2.587
2.467
2.424
2.8710000000000004
2.403
2.585
2.5540000000000003
2.649
2.4290000000000003
2.753
2.556
2.767
2.536
2.597
2.482
2.447
2.518
2.546
2.307
2.467
2.822
2.312
2.805
2.249
2.416
2.275
2.707
2.428
2.4
2.296
2.614
2.815
2.315
2.583
2.452
2.425
2.747
2.9960000000000004
2.274
2.494
2.48
2.5
2.678
2.632
2.712
3.0810000000000004
2.542
2.768
2.515
2.849
2.372
2.673
2.33
2.6460000000000004
2.572
2.559
2.556
2.404
2.362
2.551
2.7
2.506
2.677
2.446
2.935
2.577
2.459
2.375
2.472
2.338
2.656
2.511
3.02
2.591
2.526
2.569
2.657
2.44
2.419
2.687
3.102
2.343
2.773
2.465
2.63
2.719
2.509
2.774
2.612
2.692
2.439
2.5860000000000003
2.297
2.835
2.755
2.485
2.4130000000000003
2.888
2.435
2.579
2.577
2.631
2.515
3.132
2.477
2.267
2.557
2.583
2.224
2.427
2.565
2.391
2.505
2.491
2.144
2.674
2.5580000000000003
2.521
2.49
2.915
2.438
2.445
2.451
2.408
2.638
2.572
2.571
2.629
2.5780000000000003
2.57
2.8960000000000004
2.732
2.514
2.654
2.381
2.665
2.637
2.378
2.76
2.7710000000000004
2.619
2.283
2.858
2.725
2.675
2.4090000000000003
3.455
2.553
2.387
2.883
2.399
2.481
2.514
2.417
2.295
2.46
2.492
2.286
2.6910000000000003
2.47
2.608
2.891
2.53
2.822
3.01
2.504
2.707
2.369
2.631
2.5580000000000003
2.595
2.575
2.65
2.503
2.725
2.6630000000000003
2.72
2.708
2.552
2.5
2.629
2.6660000000000004
2.511
2.548
2.37
2.787
2.5860000000000003
2.35
2.2430000000000003
2.688
2.638
2.491
2.41
2.87
2.584
2.499
2.439
2.577
2.484
2.315
2.461
2.546
2.446
2.459
2.664
2.369
2.522
2.498
2.551
2.639
2.403
2.457
2.544
2.6710000000000003
2.442
2.6460000000000004
2.799
2.763
2.444
2.643
2.225
2.3
2.396
2.404
2.617
2.762
2.66
2.491
2.665
2.5540000000000003
2.74
2.439
2.5580000000000003
2.603
2.5540000000000003
2.593
2.415
2.48
2.64
2.171
2.603
2.394
2.508
2.4
2.615
2.589
2.448
2.627
2.763
2.458
2.46
2.6460000000000004
2.552
2.5540000000000003
2.86
2.648
2.41
2.605
2.499
2.345
2.596
2.627
2.819
2.59
2.412
2.509
2.655
2.461
2.478
2.457
2.632
2.633
2.769
2.363
2.379
2.298
2.173
3.2
2.63
2.729
2.458
2.465
2.647
2.449
2.386
2.509
2.667
2.363
2.313
2.507
2.5660000000000003
2.695
2.624
2.511
2.419
2.488
2.761
2.745
2.589
2.6210000000000004
2.697
2.289
2.728
2.549
2.567
2.75
2.607
2.587
2.702
3.31
2.344
2.559
2.492
2.03
2.383
2.295
2.43
2.702
2.463
2.317
2.574
2.531
2.553
2.3680000000000003
2.571
2.482
2.541
2.541
2.327
2.494
2.9560000000000004
2.43
2.418
2.454
2.615
2.648
2.5340000000000003
2.634
2.628
2.317
2.599
2.603
2.515
2.585
2.501
2.378
2.636
2.782
2.476
2.553
2.551
2.631
2.403
2.436
2.547
2.57
2.43
2.354
2.419
2.3080000000000003
3.16
2.645
2.359
2.6010000000000004
2.475
2.611
2.45
2.44
2.702
2.314
2.472
2.336
2.46
2.522
2.584
2.443
2.289
2.837
2.642
2.375
2.509
2.503
2.759
2.333
2.481
2.824
2.498
2.709
2.563
2.509
2.544
2.857
2.583
2.574
2.678
2.7030000000000003
2.419
2.233
2.653
2.252
2.327
2.2430000000000003
2.334
2.6710000000000003
2.307
2.5980000000000003
2.6660000000000004
2.895
2.448
2.458
2.7
2.676
2.417
2.3680000000000003
2.336
2.486
2.543
2.518
2.506
2.378
2.717
2.406
2.594
2.611
2.434
2.702
2.7110000000000003
2.231
2.297
3.245
2.382
2.769
2.573
2.484
2.442
2.454
2.438
2.677
2.439
2.562
2.768
2.734
2.585
2.544
2.401
2.387
2.301
2.459
2.477
2.422
2.732
2.797
2.45
2.521
2.862
2.685
2.923
2.443
2.713
2.5580000000000003
2.571
2.464
2.524
2.37
2.5580000000000003
2.673
2.712
2.576
2.369
2.83
2.34
2.47
2.609
1.7990000000000002
2.492
2.759
2.256
2.497
2.273
2.389
2.3080000000000003
2.423
2.391
2.448
2.434
2.835
2.496
2.594
2.74
2.2
2.418
2.932
2.699
2.405
2.727
3.132
2.81
2.539
2.141
2.397
2.829
2.293
2.5860000000000003
2.266
2.611
2.459
2.5860000000000003
2.397
2.964
2.522
2.54
2.342
2.709
2.423
2.688
2.446
2.482
2.412
2.55
2.629
2.393
2.4330000000000003
2.38
2.674
2.466
2.71
2.694
2.624
2.792
2.701
2.597
2.547
2.584
2.67
2.702
2.624
2.233
2.286
2.258
2.641
2.637
2.571
2.679
2.331
2.657
2.451
2.736
2.5660000000000003
2.611
2.567
2.675
2.58
2.521
2.511
2.488
2.653
2.6460000000000004
2.58
2.151
2.533
2.504
2.484
2.629
2.8080000000000003
2.616
2.47
2.853
2.443
2.499
2.544
2.101
2.713
2.634
2.43
2.547
2.487
2.499
2.664
2.45
2.63
2.378
2.637
2.316
2.669
2.4930000000000003
2.73
2.446
2.307
2.474
1.822
2.7430000000000003
2.569
2.653
2.741
2.137
2.785
2.4090000000000003
2.487
2.5810000000000004
2.467
2.5540000000000003
2.718
2.68
3.177
2.697
2.696
2.62
2.548
2.647
2.445
2.513
2.527
2.955
2.662
2.404
2.583
2.39
2.529
2.458
2.603
2.6010000000000004
2.37
2.784
2.544
2.727
2.5860000000000003
2.551
2.43
2.334
2.564
2.968
2.302
2.654
2.573
2.426
2.597
2.716
2.4730000000000003
2.681
2.532
2.758
2.486
2.422
2.809
2.445
2.633
2.395
2.628
2.517
2.432
2.814
2.205
2.339
2.5580000000000003
2.783
2.698
2.555
2.56
2.88
2.776
2.6010000000000004
2.619
2.622
2.604
2.339
2.605
2.589
2.4930000000000003
2.44
2.6910000000000003
2.633
2.588
2.68
2.518
2.567
2.428
2.5540000000000003
2.517
2.508
2.596
2.253
2.325
2.481
2.403
2.86
2.614
2.389
2.393
2.94
2.628
2.314
2.5610000000000004
2.323
2.468
2.394
2.642
2.837
2.5610000000000004
2.481
2.525
2.481
2.719
2.7030000000000003
2.369
2.412
2.383
2.59
3.051
2.379
2.547
2.529
2.548
2.311
2.583
2.648
2.6060000000000003
2.718
2.662
2.571
2.495
2.319
2.451
2.542
2.364
2.377
2.302
2.679
2.745
2.74
2.605
2.452
2.818
2.74
2.432
2.435
2.499
2.604
2.492
2.651
2.292
2.552
2.486
2.468
2.605
2.363
2.38
2.381
2.792
2.548
2.276
2.681
2.669
2.419
2.3280000000000003
2.615
2.802
2.574
2.891
3.284
2.489
2.778
2.76
2.738
2.616
2.773
2.733
2.4
2.339
2.524
2.4730000000000003
2.734
2.579
2.8280000000000003
2.504
2.465
2.4090000000000003
2.642
2.346
2.613
2.557
2.402
2.474
2.7710000000000004
2.471
2.909
2.718
2.619
2.675
2.435
2.8560000000000003
2.6
2.506
2.419
2.799
2.358
2.498
2.487
2.333
2.296
2.302
2.624
2.612
2.603
2.247
2.764
2.438
2.6830000000000003
2.756
2.491
2.446
2.387
2.394
2.329
3.1010000000000004
2.572
2.5580000000000003
2.552
2.5580000000000003
2.391
2.778
2.687
2.574
2.6910000000000003
2.53
2.773
2.404
2.5980000000000003
2.347
2.765
2.628
2.634
2.885
2.634
2.6710000000000003
2.57
2.401
2.658
2.396
2.594
2.543
2.526
2.759
2.31
2.648
2.434
2.615
2.8280000000000003
2.501
2.951
2.603
2.8160000000000003
2.52
2.495
2.563
2.565
2.6910000000000003
2.6
2.644
2.484
2.398
2.674
2.35
2.551
2.51
2.544
2.605
2.208
2.415
2.387
2.338
2.294
2.556
2.332
2.6
2.549
2.515
2.378
2.426
2.401
2.547
2.668
2.43
2.677
2.55
2.64
2.614
2.664
2.462
2.6860000000000004
2.369
2.627
2.622
2.383
2.577
2.645
2.377
2.393
2.444
2.695
2.623
2.579
2.365
2.658
2.4290000000000003
2.528
2.417
2.236
2.339
2.468
2.661
2.512
2.303
2.58
2.633
2.602
2.657
2.4730000000000003
2.569
2.54
2.595
2.685
2.58
2.516
2.386
2.669
2.776
2.641
2.462
2.511
2.562
2.61
2.28
2.477
2.547
2.61
2.506
2.446
2.468
2.407
2.282
2.552
2.464
3.3560000000000003
2.5540000000000003
2.384
2.533
2.627
2.458
2.383
2.386
2.5
2.465
2.467
2.714
2.5580000000000003
2.593
2.634
2.676
2.276
2.5660000000000003
2.41
2.3680000000000003
2.505
2.5580000000000003
2.4290000000000003
2.403
2.65
2.742
2.61
2.54
2.186
2.69
2.592
2.224
2.547
2.8110000000000004
2.452
2.482
2.862
2.489
2.4290000000000003
2.643
2.502
2.44
2.543
2.805
2.444
2.735
2.7910000000000004
2.569
2.577
2.6060000000000003
2.458
2.443
2.46
2.774
2.43
2.824
2.356
2.498
2.543
2.361
2.446
2.5610000000000004
2.69
2.575
2.562
2.648
2.635
2.619
2.314
2.393
2.463
2.306
2.478
3.09
2.762
2.767
2.908
2.322
2.516
2.634
2.6060000000000003
2.56
2.728
2.76
2.575
2.587
2.695
2.508
2.466
2.4130000000000003
2.384
2.657
2.44
2.476
2.339
2.634
2.544
2.543
2.508
2.3
2.69
2.644
2.5780000000000003
2.776
2.484
2.411
2.652
2.329
2.341
2.294
2.298
2.846
2.4130000000000003
2.582
2.474
2.497
2.457
2.756
2.53
2.596
2.346
2.769
2.742
2.594
2.552
2.733
2.479
2.643
2.478
2.4290000000000003
2.498
2.697
2.572
2.589
1.743
2.727
2.515
2.859
2.672
2.269
2.724
2.392
2.489
2.648
2.532
3.0580000000000003
2.7510000000000003
2.461
2.77
2.495
2.263
2.533
2.542
3.035
2.583
2.9530000000000003
2.948
2.762
2.531
2.575
2.342
2.514
2.622
2.623
2.332
2.64
2.343
2.431
2.484
2.533
2.449
2.65
2.528
2.427
2.253
2.569
2.419
2.66
2.52
2.623
2.455
2.705
2.665
2.962
2.653
2.517
2.623
2.365
2.56
2.515
2.483
2.622
2.729
2.472
2.432
2.73
3.007
2.521
2.536
2.459
2.582
2.496
2.8760000000000003
2.567
2.612
2.643
2.893
2.657
2.7
2.416
2.96
2.449
2.514
2.545
2.563
2.506
2.699
2.65
2.412
2.22
2.6180000000000003
2.6
2.509
2.478
2.957
2.501
3.092
2.365
2.434
2.459
3.051
2.484
2.445
2.469
2.35
2.596
2.573
2.303
2.41
2.458
2.727
2.491
2.655
2.465
2.514
2.457
2.483
2.776
2.583
2.524
2.6910000000000003
2.661
2.552
2.527
2.59
2.474
2.559
2.575
2.604
2.295
2.912
2.264
2.307
3.108
2.452
2.4930000000000003
2.658
2.689
2.826
2.542
2.574
2.434
2.394
2.478
2.864
2.383
2.532
2.4290000000000003
2.396
2.512
2.567
2.551
2.464
2.425
2.602
2.776
2.33
2.417
2.712
2.423
2.491
2.546
2.481
2.347
2.335
2.436
2.532
2.412
2.28
2.596
2.865
2.605
2.449
2.457
2.6910000000000003
2.346
2.327
2.478
2.4290000000000003
2.775
2.8080000000000003
2.42
2.617
2.837
2.43
2.36
2.5810000000000004
2.619
2.295
2.653
2.412
2.661
2.712
2.3680000000000003
2.543
2.393
2.593
2.498
2.63
2.653
2.627
1.856
2.496
2.635
2.486
2.655
2.347
2.543
2.358
1.81
2.49
2.537
2.464
2.353
2.478
2.7110000000000003
2.494
2.295
2.113
2.417
2.655
2.92
2.735
2.564
2.458
2.613
2.551
2.403
2.61
2.758
2.612
2.678
2.424
2.541
2.522
2.467
2.631
2.516
2.5340000000000003
2.442
2.699
2.522
2.528
2.5780000000000003
2.543
2.704
2.347
2.535
2.681
2.629
2.834
2.551
2.389
2.582
2.281
2.4290000000000003
2.577
2.764
2.471
2.422
2.478
2.5860000000000003
2.295
2.653
2.459
2.395
2.543
2.761
2.692
2.798
2.653
2.547
2.733
2.667
2.564
2.614
2.579
2.5580000000000003
2.562
2.461
2.517
2.257
2.525
2.521
2.725
2.5340000000000003
2.42
2.459
2.81
2.484
2.567
2.335
2.742
2.492
2.573
2.537
2.265
2.496
2.41
2.681
2.684
2.283
2.403
2.552
2.526
2.594
2.698
2.799
2.537
2.472
2.371
2.6260000000000003
3.119
2.592
2.724
2.611
2.852
2.596
2.383
2.595
2.899
2.396
2.296
2.459
2.303
2.525
2.499
2.449
2.655
2.643
2.502
3.017
2.454
2.545
2.522
2.63
2.612
2.504
2.614
2.481
2.604
2.627
2.506
2.6210000000000004
2.417
2.05
2.526
2.195
2.587
2.341
2.279
2.372
2.516
2.6860000000000004
2.462
2.54
2.533
2.547
2.56
3.095
2.632
2.677
2.6010000000000004
2.7430000000000003
2.397
2.516
2.57
2.441
2.4090000000000003
2.866
2.191
2.457
2.588
2.439
2.528
2.483
2.924
2.709
2.665
2.385
2.35
2.774
2.6860000000000004
2.553
2.444
2.193
2.889
2.474
2.574
2.315
2.7710000000000004
2.54
2.466
2.492
2.427
2.616
2.616
2.517
2.565
2.572
2.34
2.412
2.392
2.137
2.54
2.63
2.555
2.353
2.371
2.362
2.758
2.584
2.502
2.506
2.58
2.583
2.8360000000000003
2.31
2.903
2.32
2.424
2.605
2.685
2.552
2.681
2.393
3.07
2.753
2.829
2.603
2.765
2.612
2.539
2.571
2.616
2.636
2.495
2.569
2.446
2.29
2.657
2.633
2.492
2.573
2.532
2.603
2.506
2.37
2.428
2.585
2.315
2.573
2.58
2.498
2.329
2.402
2.427
2.359
2.285
2.374
2.43
2.615
2.672
2.525
2.418
2.455
1.98
2.437
2.9130000000000003
3.039
2.73
2.372
2.5980000000000003
2.614
2.5860000000000003
2.407
2.641
2.44
2.495
2.13
2.8160000000000003
