2.436
2.518
2.729
2.391
2.995
2.605
2.498
1.857
2.5780000000000003
2.792
2.4130000000000003
2.431
2.709
2.674
2.5380000000000003
2.423
2.454
2.506
2.5580000000000003
2.506
2.334
2.24
2.369
2.622
2.57
2.48
2.31
2.688
2.654
2.575
2.51
2.375
2.484
2.459
2.585
2.468
2.543
2.342
2.508
2.577
2.387
2.637
2.286
2.537
3.103
2.553
2.704
2.6710000000000003
2.7260000000000004
2.492
2.332
2.355
2.48
2.465
2.461
2.846
2.7060000000000004
2.414
2.56
2.749
3.023
2.555
2.602
2.659
2.759
2.6830000000000003
2.58
2.576
3.05
2.5810000000000004
2.397
2.55
2.915
2.437
2.49
2.639
2.766
2.53
2.435
2.512
2.521
2.596
2.254
2.692
2.465
2.431
2.5
2.27
2.6
2.422
2.755
2.854
2.295
2.569
2.415
2.511
2.378
2.567
2.2430000000000003
2.8360000000000003
2.427
2.716
2.535
2.523
2.504
2.564
2.624
2.515
2.701
2.528
2.478
2.619
2.697
2.637
2.38
2.622
2.522
2.535
2.512
2.832
3.0860000000000003
2.465
2.414
2.427
2.38
2.432
2.469
2.524
2.497
2.687
2.694
2.6060000000000003
2.552
2.359
2.644
2.715
2.522
2.539
2.376
2.517
2.636
2.543
2.645
2.69
2.596
2.48
2.539
2.428
2.725
2.514
2.525
2.644
2.361
2.467
2.442
2.695
2.505
2.707
2.825
2.613
2.71
2.9160000000000004
2.46
2.8360000000000003
2.579
2.859
2.285
2.667
2.502
2.37
2.72
2.472
2.396
2.658
2.985
2.511
2.563
2.356
2.58
2.697
2.41
2.574
2.479
2.48
2.515
2.482
2.535
2.553
2.512
2.51
2.496
2.5380000000000003
2.36
2.597
2.552
2.444
2.619
2.535
2.383
2.41
2.631
2.842
3.033
2.325
2.575
2.483
2.592
2.418
2.444
2.602
2.4730000000000003
2.862
2.316
2.6180000000000003
2.457
2.563
2.7110000000000003
2.647
2.612
2.395
2.585
2.436
2.439
2.509
2.4290000000000003
2.42
2.528
2.532
2.396
2.436
2.6180000000000003
2.514
2.66
2.572
2.518
2.6460000000000004
2.502
2.497
2.76
2.485
2.516
2.352
2.39
2.744
2.322
2.452
2.162
2.705
2.547
2.589
2.466
2.986
2.428
2.532
2.543
2.678
2.573
2.431
2.608
2.57
2.514
2.531
2.475
2.7460000000000004
2.4090000000000003
2.435
2.67
2.6910000000000003
2.938
2.74
2.64
2.759
3.1010000000000004
2.775
2.607
2.246
2.662
2.499
2.552
2.647
2.466
2.594
2.81
2.9130000000000003
2.373
2.531
2.471
2.414
2.466
2.57
2.801
2.411
2.919
2.697
2.52
2.688
2.995
2.7910000000000004
2.444
2.8160000000000003
2.6860000000000004
2.625
2.32
2.424
2.897
2.524
2.412
2.448
2.414
2.387
2.451
2.53
2.7310000000000003
2.569
2.859
2.435
2.832
2.6910000000000003
2.503
2.7960000000000003
2.326
2.6460000000000004
2.759
2.619
2.227
2.759
2.346
2.272
2.5340000000000003
2.531
2.412
2.526
2.6860000000000004
2.761
2.346
2.388
2.524
2.378
2.4730000000000003
2.515
2.48
2.608
2.174
2.5
2.37
2.782
2.264
2.747
2.257
2.466
2.434
2.399
2.76
2.617
2.459
2.481
2.393
2.459
2.377
2.572
2.4130000000000003
2.546
2.51
2.472
2.4
2.677
2.365
2.398
2.344
2.6210000000000004
2.435
2.494
2.614
2.434
2.483
2.265
2.559
2.528
2.674
2.627
2.5980000000000003
2.5
2.412
2.438
2.7430000000000003
2.602
2.747
2.38
2.53
2.49
2.623
2.367
2.812
2.435
2.523
2.492
2.519
2.701
2.489
2.117
2.543
2.619
2.4530000000000003
2.599
2.499
2.553
2.405
3.174
2.458
2.599
2.5810000000000004
2.481
2.41
2.576
2.702
2.607
2.78
2.6180000000000003
2.8710000000000004
2.43
2.375
2.354
2.6260000000000003
2.556
2.451
2.369
2.616
2.645
2.922
2.635
2.391
2.527
2.58
2.282
2.634
2.539
2.762
2.257
2.9610000000000003
2.627
2.385
2.568
2.818
2.546
2.694
2.382
2.438
2.688
2.585
2.497
2.662
2.4090000000000003
2.386
2.317
2.522
2.403
2.647
2.466
2.784
2.435
2.5610000000000004
2.5
