2.46
2.7880000000000003
3.142
3.111
3.145
2.975
2.773
2.7880000000000003
2.619
2.919
2.7310000000000003
2.589
3.071
2.944
2.817
2.989
3.0580000000000003
2.854
2.722
2.4930000000000003
2.642
2.64
2.415
2.875
2.799
3.137
2.784
2.878
3.025
2.528
2.494
2.768
2.9610000000000003
2.628
2.839
3.153
2.797
2.992
2.794
2.784
2.813
2.658
2.633
2.817
3.011
2.654
2.927
3.096
3.207
3.031
2.7710000000000004
2.675
2.625
3.056
2.805
3.111
3.096
2.7510000000000003
2.6460000000000004
2.861
2.988
3.4530000000000003
2.268
2.812
3.478
3.055
3.072
2.804
3.422
2.463
2.555
4.0
3.03
2.552
2.7460000000000004
2.904
3.096
2.787
2.772
2.782
2.8680000000000003
2.971
2.642
2.9330000000000003
2.792
2.397
3.122
2.761
2.51
2.698
3.073
3.057
3.339
2.792
2.634
3.1910000000000003
2.496
3.143
2.5610000000000004
2.917
2.7260000000000004
2.78
2.988
2.773
2.503
2.986
3.04
2.968
2.798
3.162
3.052
3.085
3.011
2.612
2.526
2.422
3.091
2.536
2.708
3.107
2.764
2.476
2.696
2.849
3.182
3.042
2.805
3.089
2.639
2.767
2.852
2.732
3.032
2.639
3.074
2.852
2.946
2.9160000000000004
2.797
2.616
2.97
3.04
2.944
2.688
3.399
2.642
2.764
2.986
2.81
2.6260000000000003
2.977
2.937
2.705
2.665
2.968
2.583
3.018
2.999
2.79
2.531
2.865
2.922
2.6060000000000003
2.934
2.645
2.7510000000000003
2.6260000000000003
2.898
3.497
2.53
2.47
2.821
2.878
2.736
2.97
2.907
2.865
2.855
3.157
2.869
2.984
2.844
2.865
2.412
2.783
2.616
2.733
2.7430000000000003
2.741
2.7060000000000004
2.488
2.675
2.749
2.76
2.701
3.076
2.8560000000000003
2.513
2.707
2.514
2.893
3.0860000000000003
2.937
2.758
2.525
3.11
2.817
2.693
2.725
2.837
2.9930000000000003
3.268
2.547
3.325
2.878
2.6630000000000003
2.834
3.218
3.16
2.832
2.717
2.798
2.762
2.488
3.047
2.727
2.862
2.757
3.16
2.922
2.887
3.053
2.753
2.65
2.635
2.891
2.68
2.5580000000000003
2.928
3.571
2.757
2.762
2.625
3.055
2.839
2.988
2.927
2.81
2.446
2.938
2.958
3.6010000000000004
3.089
2.376
3.049
3.031
2.641
2.7060000000000004
2.83
2.908
2.5780000000000003
2.964
2.7430000000000003
2.7710000000000004
2.852
2.864
2.992
2.642
2.8960000000000004
3.067
2.999
2.96
3.298
2.653
3.262
2.6180000000000003
3.236
2.855
2.456
3.091
2.769
2.736
3.024
2.714
2.644
2.625
2.9330000000000003
2.529
2.923
2.361
2.839
2.862
2.712
2.838
2.571
3.125
3.524
3.122
2.427
3.055
3.084
2.809
2.3080000000000003
2.7430000000000003
3.034
2.766
2.987
2.369
2.7
2.742
2.742
2.58
2.766
2.977
3.055
3.107
2.99
2.73
3.1180000000000003
2.794
3.013
2.819
2.762
2.674
2.354
2.755
3.08
3.073
2.377
3.079
2.776
2.301
2.72
3.2960000000000003
2.77
2.5340000000000003
2.765
2.319
3.156
2.841
2.624
2.724
2.74
2.718
2.89
2.829
2.943
3.0810000000000004
2.46
2.636
2.386
2.5540000000000003
3.108
2.793
2.352
2.854
3.083
2.754
2.92
2.9410000000000003
2.806
2.688
3.023
2.865
2.943
3.042
2.6830000000000003
2.6910000000000003
2.665
2.768
2.957
2.802
2.9530000000000003
2.966
2.696
2.633
2.6010000000000004
2.885
3.048
2.843
2.8560000000000003
3.122
2.917
2.852
3.054
3.094
3.006
2.656
2.885
2.878
2.825
2.718
3.073
2.898
3.1010000000000004
2.611
2.604
2.531
2.7
3.006
3.179
3.415
2.795
2.587
2.732
2.7460000000000004
2.924
3.393
2.225
2.799
3.013
3.1910000000000003
2.765
3.184
2.713
2.899
2.8480000000000003
2.75
3.064
2.881
2.724
2.982
2.9360000000000004
2.585
3.004
2.745
3.033
2.565
2.784
2.85
2.7880000000000003
2.8280000000000003
2.483
2.4
3.116
2.724
2.886
2.585
2.881
2.678
2.954
2.925
2.94
2.76
2.8110000000000004
2.911
2.595
2.884
3.18
3.053
2.888
2.957
2.6630000000000003
2.546
2.7230000000000003
2.277
2.99
2.684
2.924
2.461
2.643
2.766
