2.076
2.139
2.111
2.127
2.456
2.424
2.174
1.787
2.24
2.32
2.403
2.213
2.077
2.414
2.41
2.35
2.192
2.372
2.195
2.131
2.207
2.06
2.229
2.104
2.339
2.412
2.305
2.164
2.234
2.447
2.151
2.233
2.137
2.313
2.063
2.305
2.256
2.448
2.367
2.351
2.077
2.231
2.207
2.382
2.63
2.181
2.4930000000000003
2.384
2.167
2.134
2.264
2.329
2.323
2.249
2.209
2.384
2.255
2.065
2.333
2.285
2.432
2.415
2.218
2.229
2.397
2.023
2.403
2.237
2.599
2.319
2.132
2.131
2.378
2.033
2.396
2.319
2.232
2.37
2.523
2.375
2.331
2.21
2.132
2.468
2.153
2.244
2.15
2.108
2.33
2.289
2.418
2.508
2.266
2.25
2.332
2.286
2.109
2.375
2.19
2.298
2.313
2.289
2.216
2.253
2.164
2.391
2.167
2.254
2.186
2.489
2.4090000000000003
2.412
2.208
2.331
2.42
2.141
2.196
2.323
2.135
2.07
2.244
2.173
2.34
2.206
2.202
2.215
2.226
2.334
2.067
2.21
2.211
2.162
2.242
2.208
2.133
2.2030000000000003
2.219
2.382
2.334
2.184
2.132
2.346
2.34
2.187
2.305
2.172
2.279
2.314
2.102
2.276
2.5340000000000003
2.204
2.025
2.48
2.181
2.25
2.171
2.172
2.2880000000000003
2.188
2.422
2.3
2.246
2.442
2.197
2.464
2.192
2.3
2.27
2.218
2.2840000000000003
2.392
2.411
2.405
2.549
2.412
2.147
2.242
2.391
2.145
2.2430000000000003
2.235
2.175
2.031
2.209
2.105
2.1630000000000003
2.346
2.296
2.383
2.074
2.191
2.149
2.157
2.35
2.253
2.301
2.254
2.207
2.015
2.176
2.377
2.294
2.484
2.2030000000000003
2.278
2.2030000000000003
2.204
2.162
2.207
2.4090000000000003
2.342
2.126
2.017
2.1
2.1790000000000003
2.285
2.103
2.107
2.186
2.295
2.253
2.415
2.369
2.341
2.187
2.281
2.274
2.333
2.264
2.3080000000000003
2.382
2.146
2.325
2.357
2.212
2.478
2.124
2.169
2.196
2.251
2.472
2.0540000000000003
2.316
2.349
2.402
2.352
2.3480000000000003
2.188
2.352
2.225
2.322
2.131
2.359
1.96
2.341
2.3040000000000003
2.222
2.3480000000000003
2.25
2.194
2.306
2.436
2.135
2.389
2.298
2.487
2.272
2.283
2.432
2.423
2.309
2.341
2.247
2.48
2.29
2.419
2.263
2.253
2.331
2.316
2.251
2.176
2.202
2.352
2.128
2.293
2.336
2.476
1.969
2.162
2.37
2.13
2.3280000000000003
2.338
2.289
2.476
2.332
2.334
2.357
2.326
2.335
2.215
2.248
2.383
2.405
2.173
2.419
2.25
2.135
2.206
2.196
2.321
2.2
2.317
2.317
2.38
2.364
2.251
2.511
2.3
2.33
2.231
2.237
2.202
2.488
2.379
2.311
2.188
2.234
2.162
2.271
2.022
2.427
2.242
2.136
2.276
2.357
2.317
2.294
2.065
2.264
2.119
2.481
2.287
2.216
2.178
2.556
2.1790000000000003
2.255
2.367
2.126
2.298
2.072
1.97
2.293
2.091
2.2430000000000003
2.156
2.522
2.145
2.087
2.298
2.254
2.325
2.316
2.1630000000000003
2.247
2.074
2.472
2.396
2.341
2.329
2.297
2.289
2.155
2.169
2.248
2.244
2.346
2.448
2.15
2.464
2.356
2.508
2.402
2.2880000000000003
2.132
2.1790000000000003
2.235
2.33
2.358
2.35
2.341
2.31
2.357
2.342
2.22
2.299
2.151
2.36
2.391
2.207
2.157
2.282
2.342
2.263
2.457
2.262
2.651
2.143
2.15
2.057
2.3480000000000003
2.237
2.262
2.404
2.393
2.24
2.276
2.209
2.199
2.061
2.35
2.31
2.295
2.241
2.48
2.164
2.185
2.274
1.936
2.306
1.967
2.254
2.272
2.329
2.108
2.387
2.365
2.225
2.249
2.34
2.217
2.321
2.16
2.241
2.343
2.318
2.351
2.25
2.291
2.209
2.136
2.282
2.291
2.334
2.267
2.27
2.191
2.138
2.4130000000000003
