2.9139999999999997
2.937
2.569
2.5980000000000003
2.78
3.0469999999999997
3.0410000000000004
2.701
2.583
2.705
2.608
2.927
2.8680000000000003
2.678
3.042
3.0460000000000003
2.938
2.616
3.0580000000000003
3.0439999999999996
2.971
2.8510000000000004
2.722
2.887
2.91
2.4530000000000003
2.6860000000000004
3.105
2.9989999999999997
2.9960000000000004
3.014
2.82
2.7769999999999997
2.9939999999999998
2.892
2.7769999999999997
2.867
2.75
2.8280000000000003
2.8560000000000003
2.877
2.97
3.1069999999999998
2.766
3.1010000000000004
3.177
2.8169999999999997
2.838
2.8169999999999997
2.924
2.748
2.95
2.865
2.904
2.7119999999999997
2.765
2.912
2.7089999999999996
3.1839999999999997
2.662
2.7239999999999998
3.069
2.7939999999999996
2.6630000000000003
2.897
2.842
2.765
2.8160000000000003
2.9789999999999996
2.906
2.6060000000000003
2.93
2.888
3.153
3.028
3.153
3.109
2.804
2.866
2.762
2.677
2.878
2.763
2.9130000000000003
2.847
2.9760000000000004
2.7910000000000004
2.785
2.917
2.588
2.875
2.779
3.117
2.781
3.048
2.997
2.841
2.6910000000000003
2.8089999999999997
2.905
2.327
2.9
2.887
2.852
2.98
2.301
2.989
2.8760000000000003
2.8819999999999997
2.889
2.7230000000000003
2.9360000000000004
3.0
2.8360000000000003
2.2
2.91
2.947
2.8339999999999996
3.0839999999999996
2.858
2.986
2.655
2.7939999999999996
2.97
2.6719999999999997
2.7319999999999998
3.0660000000000003
2.878
2.8480000000000003
3.157
2.5780000000000003
3.2460000000000004
3.096
2.725
2.305
2.748
2.878
2.705
2.781
2.8569999999999998
2.889
2.967
2.4730000000000003
2.8560000000000003
2.602
2.8489999999999998
2.9989999999999997
2.915
2.861
2.8560000000000003
3.108
2.7539999999999996
3.113
2.752
2.889
3.013
2.7569999999999997
2.989
2.867
2.8680000000000003
2.9419999999999997
2.781
2.9160000000000004
2.928
2.813
3.103
2.9330000000000003
2.716
2.787
3.023
2.8930000000000002
3.147
3.201
2.8760000000000003
2.905
2.861
2.9019999999999997
3.0439999999999996
3.016
2.594
3.023
2.8160000000000003
2.6630000000000003
2.8680000000000003
2.7760000000000002
2.798
2.9730000000000003
3.14
2.827
3.161
2.8
2.858
3.005
2.7689999999999997
2.883
2.798
2.378
2.795
2.8710000000000004
2.8960000000000004
3.0410000000000004
3.1310000000000002
2.832
2.541
2.725
3.0239999999999996
3.0789999999999997
2.989
2.6710000000000003
2.8560000000000003
2.716
2.821
2.78
3.2439999999999998
3.17
2.767
3.011
2.8310000000000004
3.0210000000000004
3.015
2.971
2.866
2.6910000000000003
3.0039999999999996
2.841
3.0060000000000002
2.992
2.8510000000000004
2.949
2.891
2.7889999999999997
2.9189999999999996
2.985
2.878
2.9730000000000003
2.99
3.1069999999999998
2.928
2.792
2.571
2.892
2.862
2.812
2.965
2.855
3.036
2.841
2.803
2.813
3.109
2.8080000000000003
2.9330000000000003
3.102
2.935
3.07
2.983
2.785
2.717
3.062
2.7689999999999997
2.6069999999999998
2.923
2.877
2.8280000000000003
2.8280000000000003
2.986
2.947
2.815
2.909
2.614
2.8080000000000003
2.821
2.533
2.877
2.7689999999999997
3.1719999999999997
3.0669999999999997
2.471
2.885
2.926
3.073
3.0069999999999997
2.897
3.1010000000000004
2.7769999999999997
2.923
2.4819999999999998
2.9219999999999997
2.786
2.905
2.963
2.782
2.678
2.997
2.888
2.6039999999999996
2.935
2.8310000000000004
2.819
2.6519999999999997
3.03
2.927
3.1510000000000002
2.6860000000000004
2.946
2.9139999999999997
2.685
2.9730000000000003
2.842
2.721
2.903
3.2310000000000003
2.978
2.8960000000000004
2.68
2.54
2.873
2.906
2.8089999999999997
2.596
2.9530000000000003
2.7939999999999996
2.9819999999999998
2.892
2.807
3.1069999999999998
2.95
2.7539999999999996
2.7260000000000004
2.795
2.661
2.8789999999999996
2.755
2.801
2.7230000000000003
3.215
3.147
2.8689999999999998
3.0060000000000002
2.734
3.1289999999999996
2.8139999999999996
2.872
3.236
2.895
2.8289999999999997
2.929
2.552
2.912
2.693
2.9989999999999997
2.906
2.948
2.827
2.861
2.972
2.9189999999999996
2.9810000000000003
2.8310000000000004
2.734
2.82
2.909
2.9410000000000003
3.18
2.5780000000000003
2.944
3.008
2.497
2.924
2.5780000000000003
2.97
3.062
2.658
2.911
2.892
2.8139999999999996
3.0980000000000003
2.572
2.9130000000000003
2.83
2.9339999999999997
3.06
2.509
2.96
3.103
3.096
2.863
2.633
2.937
2.8760000000000003
2.9139999999999997
2.94
2.847
2.923
2.9130000000000003
3.075
3.076
2.84
2.766
2.7969999999999997
2.6630000000000003
2.784
2.9160000000000004
2.54
2.62
2.748
2.935
2.685
3.2310000000000003
2.9419999999999997
2.972
2.8139999999999996
2.6460000000000004
2.682
2.695
3.096
3.072
3.0439999999999996
3.055
2.9960000000000004
3.06
3.036
3.2310000000000003
2.653
2.9960000000000004
2.55
2.864
3.096
2.823
2.971
2.9610000000000003
2.8110000000000004
2.495
3.072
3.0439999999999996
2.878
3.049
3.295
2.935
2.7460000000000004
3.051
2.9530000000000003
3.0460000000000003
2.929
2.7260000000000004
3.012
2.8680000000000003
2.843
2.8689999999999998
3.017
2.82
2.8560000000000003
2.861
2.955
2.9139999999999997
2.778
2.985
2.665
2.927
2.878
2.8989999999999996
2.945
3.029
2.8710000000000004
2.9210000000000003
2.761
3.0239999999999996
3.037
3.04
2.782
2.841
2.9019999999999997
2.9730000000000003
2.946
3.116
2.766
2.889
2.4619999999999997
3.0069999999999997
2.582
3.0060000000000002
3.1460000000000004
2.96
3.0580000000000003
3.057
2.603
2.9819999999999998
2.575
2.571
2.832
2.778
2.928
2.844
2.78
3.049
3.072
2.987
3.035
3.1180000000000003
2.8680000000000003
3.24
3.122
3.032
2.903
2.87
2.659
2.86
2.7110000000000003
2.7969999999999997
2.85
3.139
2.522
3.199
2.8739999999999997
2.85
2.875
2.9330000000000003
2.58
3.0839999999999996
2.895
2.986
3.108
2.747
2.753
3.114
2.7569999999999997
2.9739999999999998
2.9530000000000003
2.6239999999999997
2.6039999999999996
2.536
2.812
2.8739999999999997
2.8760000000000003
3.1
2.82
3.089
2.905
2.8339999999999996
3.235
2.898
2.812
2.6439999999999997
3.005
2.697
3.017
3.051
2.872
3.013
3.0389999999999997
2.843
3.076
2.937
2.97
2.864
2.845
2.6260000000000003
3.0460000000000003
2.948
2.946
3.023
2.988
2.94
3.037
2.665
2.639
2.6710000000000003
2.8369999999999997
3.241
2.766
2.923
2.763
2.968
3.0660000000000003
2.7569999999999997
2.8939999999999997
2.8539999999999996
2.989
2.4330000000000003
2.499
3.0389999999999997
3.031
3.049
2.767
2.592
3.016
3.0180000000000002
2.842
3.148
3.043
2.821
2.9219999999999997
2.7439999999999998
2.484
2.353
2.815
2.859
3.173
2.991
2.5140000000000002
3.037
2.887
2.805
2.806
2.461
3.096
2.799
2.818
2.5140000000000002
2.889
2.269
2.944
3.1510000000000002
2.802
2.662
3.005
2.79
3.1289999999999996
3.06
2.5069999999999997
2.909
3.034
2.7710000000000004
2.923
2.833
2.945
2.701
3.109
2.733
2.741
2.898
2.5610000000000004
3.0389999999999997
2.89
2.932
2.872
2.423
2.862
3.153
3.009
2.949
2.908
3.158
2.906
2.96
2.8089999999999997
2.7
2.8939999999999997
2.7889999999999997
3.0610000000000004
2.565
2.9360000000000004
2.862
2.9010000000000002
2.924
2.497
3.0639999999999996
3.299
2.7060000000000004
3.031
2.72
2.9010000000000002
2.6889999999999996
2.8819999999999997
3.0210000000000004
2.7939999999999996
2.8989999999999996
2.9560000000000004
2.984
3.014
2.78
2.793
2.887
2.99
2.9930000000000003
2.658
2.5789999999999997
2.863
3.03
2.96
3.037
3.0789999999999997
3.0060000000000002
2.905
2.938
3.0469999999999997
2.9360000000000004
2.9019999999999997
2.628
2.7960000000000003
2.858
2.698
2.72
2.6910000000000003
3.035
2.4819999999999998
2.7889999999999997
3.033
3.06
3.075
2.457
3.01
2.951
3.088
2.915
3.013
3.236
2.62
3.013
2.9010000000000002
3.0180000000000002
2.8539999999999996
2.7969999999999997
2.819
2.988
2.905
2.7960000000000003
2.847
2.5610000000000004
2.96
3.14
2.668
2.7230000000000003
3.1710000000000003
3.0439999999999996
2.951
2.7230000000000003
2.7710000000000004
3.082
2.892
2.701
2.755
2.905
2.83
3.029
2.7510000000000003
2.602
2.8160000000000003
2.827
2.7230000000000003
2.714
2.8339999999999996
2.719
2.9989999999999997
2.988
2.98
2.859
2.9610000000000003
2.946
2.844
2.6180000000000003
3.181
2.845
2.7889999999999997
2.9960000000000004
2.9939999999999998
2.915
3.0010000000000003
2.99
2.842
2.676
2.6260000000000003
2.948
2.7510000000000003
2.8539999999999996
2.813
3.165
2.7089999999999996
2.898
2.6289999999999996
2.8810000000000002
2.9739999999999998
2.8289999999999997
2.6910000000000003
2.8760000000000003
2.824
2.903
2.766
2.9330000000000003
2.877
2.1069999999999998
2.977
2.847
3.005
2.983
3.123
3.157
3.053
2.987
2.6510000000000002
2.612
3.2319999999999998
2.7310000000000003
2.805
2.7569999999999997
2.984
2.84
3.056
2.8689999999999998
3.0610000000000004
3.033
2.94
2.488
3.035
2.9989999999999997
3.083
2.8680000000000003
2.7030000000000003
2.872
2.72
3.23
3.011
2.821
2.87
2.7239999999999998
2.225
2.873
2.745
2.785
2.842
2.8280000000000003
3.097
2.852
2.536
2.925
3.085
2.7769999999999997
2.928
2.583
2.89
2.967
2.909
3.0580000000000003
2.805
3.012
2.83
3.1310000000000002
3.06
2.826
2.91
2.885
2.878
3.16
2.573
2.998
2.7910000000000004
2.7969999999999997
2.8080000000000003
2.753
2.574
3.068
2.995
3.028
2.636
3.1919999999999997
3.1660000000000004
2.861
3.016
3.057
2.978
2.7960000000000003
2.481
2.6830000000000003
2.89
2.99
2.9330000000000003
2.944
2.766
3.148
3.154
3.012
2.8339999999999996
2.9419999999999997
2.7569999999999997
2.8480000000000003
2.568
3.1510000000000002
2.589
3.076
2.912
2.991
2.964
2.977
2.9760000000000004
3.1189999999999998
2.325
2.783
2.269
2.759
2.8360000000000003
3.159
3.113
2.945
3.1489999999999996
3.286
2.967
2.761
2.781
2.454
2.8360000000000003
2.637
2.9160000000000004
2.924
3.218
3.005
2.8819999999999997
2.988
2.991
2.762
3.0610000000000004
2.915
2.8989999999999996
2.887
3.1069999999999998
3.036
3.1189999999999998
3.3360000000000003
3.025
2.8369999999999997
2.766
2.9619999999999997
3.077
2.742
2.714
2.727
2.9139999999999997
2.82
3.082
2.639
2.8169999999999997
3.0210000000000004
2.9560000000000004
3.1210000000000004
2.9789999999999996
3.083
2.985
2.662
2.81
3.069
2.887
2.891
3.1039999999999996
2.9360000000000004
2.78
2.765
3.074
2.99
2.898
2.997
3.0189999999999997
2.7489999999999997
2.98
2.9789999999999996
2.847
2.931
2.9760000000000004
2.9539999999999997
3.1210000000000004
2.9219999999999997
2.938
3.113
2.908
2.5869999999999997
3.097
2.742
2.346
2.938
2.898
2.989
2.873
2.8289999999999997
2.858
2.839
2.9760000000000004
2.8930000000000002
3.031
3.08
2.93
2.9960000000000004
2.889
2.668
2.83
2.931
2.697
2.8169999999999997
2.972
2.58
2.825
3.15
2.887
3.052
2.938
2.891
3.176
2.918
3.13
2.7310000000000003
2.443
3.089
3.176
2.8089999999999997
3.109
2.9389999999999996
2.822
2.7
3.0639999999999996
3.123
2.958
2.8939999999999997
3.057
3.12
2.5869999999999997
2.88
2.951
2.6519999999999997
2.9339999999999997
2.4219999999999997
3.042
2.7319999999999998
2.8480000000000003
2.92
2.886
2.888
3.057
2.717
2.9930000000000003
2.943
2.86
3.074
3.016
3.123
3.092
2.85
2.8289999999999997
2.904
2.9419999999999997
2.568
3.048
2.9730000000000003
3.037
2.562
2.9210000000000003
2.7539999999999996
2.875
2.863
2.7689999999999997
3.182
2.9010000000000002
2.815
2.762
2.9339999999999997
2.759
3.0669999999999997
3.01
2.929
3.127
2.8139999999999996
2.835
2.985
2.948
2.88
2.91
2.885
3.176
3.134
3.068
2.7739999999999996
2.82
2.516
3.076
3.048
2.81
2.323
2.867
3.089
2.9619999999999997
2.965
3.05
2.9410000000000003
2.971
2.9330000000000003
2.759
2.6489999999999996
2.892
3.008
2.656
3.023
2.653
2.815
2.648
2.449
2.7960000000000003
2.903
2.915
2.69
2.7689999999999997
2.884
2.862
3.057
2.6830000000000003
2.589
2.906
2.815
2.725
3.092
2.78
3.0069999999999997
2.909
2.725
2.49
3.0210000000000004
2.94
2.929
2.6719999999999997
2.971
2.944
2.969
3.071
2.8539999999999996
2.92
2.9360000000000004
2.958
3.09
2.735
2.7880000000000003
2.886
2.905
2.895
2.924
3.055
2.734
3.05
2.9330000000000003
2.752
3.122
2.923
3.0660000000000003
3.22
3.0039999999999996
2.988
2.8930000000000002
3.029
3.049
2.87
2.725
3.036
3.202
3.2089999999999996
2.8110000000000004
3.1060000000000003
3.1439999999999997
3.012
3.093
2.986
2.782
2.813
2.9419999999999997
2.7569999999999997
2.847
2.9610000000000003
2.995
3.112
2.865
2.772
2.719
2.96
3.111
2.9010000000000002
2.662
2.948
2.802
2.642
2.852
2.969
3.0989999999999998
3.0469999999999997
2.989
3.0780000000000003
2.7889999999999997
2.541
2.9
2.938
3.125
2.7910000000000004
3.043
2.867
2.5580000000000003
2.745
2.878
3.074
2.8489999999999998
3.1310000000000002
2.783
3.071
2.75
2.758
2.9419999999999997
2.5660000000000003
2.952
2.719
2.968
2.773
3.034
2.908
3.023
3.111
3.1180000000000003
2.639
3.097
3.083
2.951
2.833
2.511
2.875
2.533
2.8510000000000004
2.7489999999999997
2.925
3.265
3.122
2.6860000000000004
2.864
2.862
2.8939999999999997
2.6630000000000003
2.969
3.0839999999999996
2.9330000000000003
2.819
2.8939999999999997
2.944
2.9139999999999997
2.7260000000000004
3.154
2.9619999999999997
2.69
2.515
3.0439999999999996
2.978
3.037
2.8560000000000003
2.7880000000000003
2.8960000000000004
2.827
2.9810000000000003
2.93
2.8339999999999996
3.005
2.807
2.614
2.925
2.7030000000000003
2.674
3.015
2.8930000000000002
2.944
2.847
2.9210000000000003
2.99
2.7960000000000003
2.833
2.611
3.1060000000000003
2.843
2.705
2.972
3.028
3.034
2.8169999999999997
3.353
2.7319999999999998
2.573
2.972
2.883
2.9610000000000003
2.927
2.912
2.898
2.7460000000000004
2.929
2.812
3.014
2.947
3.053
2.8569999999999998
3.0460000000000003
3.111
2.763
3.237
2.696
2.676
2.969
3.031
2.609
2.9360000000000004
3.016
2.843
2.9389999999999996
2.786
2.9330000000000003
3.028
3.0660000000000003
2.752
2.7710000000000004
2.7110000000000003
2.455
3.125
3.005
3.1060000000000003
2.989
2.855
3.028
2.935
2.925
3.051
3.005
3.0380000000000003
2.9739999999999998
2.762
3.043
2.957
2.6710000000000003
2.963
2.678
2.9789999999999996
3.017
2.947
2.8480000000000003
2.736
2.9339999999999997
2.6719999999999997
3.0069999999999997
2.807
3.0389999999999997
3.012
2.8169999999999997
2.8339999999999996
2.946
2.824
3.083
2.8930000000000002
2.478
2.943
3.0210000000000004
2.912
2.891
3.158
3.028
2.97
2.992
2.9560000000000004
2.846
2.966
2.8510000000000004
2.858
3.045
2.9210000000000003
2.9139999999999997
3.08
2.6460000000000004
2.85
2.545
3.0580000000000003
2.938
2.784
2.972
2.8689999999999998
1.807
3.2030000000000003
2.9389999999999996
2.986
2.785
3.115
2.628
2.6289999999999996
2.97
2.997
3.052
2.461
2.9530000000000003
3.0239999999999996
2.8089999999999997
2.591
2.47
2.8689999999999998
2.9
3.0410000000000004
2.9560000000000004
3.049
2.717
2.9730000000000003
2.745
2.823
2.795
3.1860000000000004
2.97
2.79
3.085
2.93
2.891
2.9739999999999998
2.823
2.782
2.832
3.0610000000000004
2.5839999999999996
2.966
2.924
2.9360000000000004
2.7289999999999996
2.58
2.9930000000000003
2.8339999999999996
3.0180000000000002
2.947
3.242
3.165
2.9419999999999997
2.858
2.904
2.997
2.7
2.966
2.858
2.766
2.864
2.865
2.897
3.219
2.8560000000000003
2.955
3.0589999999999997
2.688
2.628
3.136
3.065
2.804
2.886
2.628
2.983
2.497
2.84
2.479
3.134
2.681
2.5869999999999997
2.688
2.995
2.9010000000000002
2.611
3.0780000000000003
2.699
2.7
3.003
2.853
2.8139999999999996
2.842
3.32
3.016
3.0010000000000003
2.798
2.753
3.071
3.135
2.99
2.9789999999999996
2.819
2.628
2.877
3.005
2.847
2.8989999999999996
2.397
2.969
2.7430000000000003
3.0069999999999997
2.82
2.943
2.7569999999999997
3.154
2.859
3.01
3.159
2.7969999999999997
2.68
3.022
2.8369999999999997
2.9539999999999997
2.696
2.7039999999999997
2.765
2.955
2.925
3.1839999999999997
2.846
2.383
2.9560000000000004
3.157
3.0
3.22
2.702
3.1239999999999997
3.1069999999999998
2.8510000000000004
2.827
2.826
2.8139999999999996
3.222
2.677
3.28
2.948
2.588
2.9610000000000003
2.736
3.112
2.977
2.614
2.571
2.855
2.658
2.842
3.0439999999999996
2.702
2.7689999999999997
3.065
2.76
2.895
2.452
2.9019999999999997
3.0439999999999996
2.842
2.717
2.62
3.287
2.6
2.807
2.892
2.755
2.924
2.715
2.9339999999999997
2.965
2.924
3.105
3.01
2.931
2.627
2.7489999999999997
2.602
2.8
2.738
2.8489999999999998
2.877
2.9010000000000002
3.245
3.217
2.622
3.055
2.838
2.845
2.821
3.159
3.173
3.2939999999999996
2.186
2.964
2.96
3.009
2.812
3.056
2.592
2.8280000000000003
2.92
2.6489999999999996
2.821
2.867
2.838
3.0410000000000004
2.957
2.764
2.6639999999999997
1.652
2.6180000000000003
2.795
3.162
2.57
2.903
3.025
3.115
2.7889999999999997
2.622
2.736
3.208
2.8310000000000004
2.992
2.676
2.544
3.071
3.115
2.826
2.9219999999999997
3.162
2.872
2.948
2.943
2.9930000000000003
2.985
3.125
2.7539999999999996
2.5989999999999998
2.7910000000000004
2.952
2.892
2.779
2.7889999999999997
2.6830000000000003
2.492
2.676
2.64
2.8539999999999996
2.948
2.8680000000000003
2.7939999999999996
2.625
2.8480000000000003
2.627
3.0810000000000004
2.7119999999999997
2.95
3.0069999999999997
3.16
2.886
3.234
2.877
2.984
2.697
2.8760000000000003
2.736
2.859
3.102
2.897
3.2110000000000003
2.948
2.985
3.012
3.188
2.8810000000000002
2.653
2.9189999999999996
2.833
3.11
3.23
3.187
2.738
2.6060000000000003
2.824
2.674
3.065
2.908
2.5140000000000002
2.911
2.7030000000000003
2.8560000000000003
3.012
2.392
2.82
2.7939999999999996
2.9810000000000003
2.886
2.946
2.661
2.889
2.827
2.798
2.8960000000000004
3.133
2.937
2.908
2.985
2.9389999999999996
3.06
2.677
2.593
2.966
2.949
2.639
3.012
2.6439999999999997
2.76
3.0980000000000003
2.8789999999999996
2.806
2.531
3.0980000000000003
3.2260000000000004
2.6010000000000004
2.718
2.983
2.9810000000000003
2.972
2.932
2.972
2.714
3.0439999999999996
2.833
2.718
3.037
2.862
2.332
2.847
2.57
3.033
2.526
2.495
2.8689999999999998
2.8089999999999997
2.707
2.825
2.9
2.988
2.872
2.718
2.971
3.036
3.11
3.137
2.9189999999999996
2.679
2.8289999999999997
2.761
2.8680000000000003
2.8160000000000003
2.825
2.75
3.023
2.5869999999999997
2.628
2.952
2.924
2.778
2.787
2.8989999999999996
3.0060000000000002
2.88
2.8819999999999997
2.7969999999999997
3.077
2.938
2.952
3.049
2.84
2.556
2.738
2.964
2.892
2.7889999999999997
2.697
2.698
2.97
2.636
2.616
3.032
2.5810000000000004
2.8760000000000003
2.826
3.115
2.582
2.9530000000000003
3.117
2.71
2.647
2.7539999999999996
2.713
2.949
2.9339999999999997
2.7680000000000002
3.142
2.8710000000000004
2.9330000000000003
3.035
2.722
3.0069999999999997
2.9189999999999996
2.926
1.889
3.085
2.822
2.8689999999999998
2.891
3.23
2.863
3.162
2.963
2.773
2.844
2.8760000000000003
2.687
3.056
2.8930000000000002
2.7489999999999997
2.908
2.87
2.947
2.8680000000000003
3.156
2.752
3.125
2.565
2.96
2.766
2.636
2.838
2.5810000000000004
2.733
2.823
2.972
3.1210000000000004
2.843
2.878
2.886
2.4859999999999998
2.524
2.92
2.5839999999999996
3.092
2.957
2.763
2.662
2.8080000000000003
1.831
3.053
2.767
2.998
2.9560000000000004
2.94
2.8960000000000004
3.0239999999999996
3.1
3.02
3.049
2.846
3.051
2.537
2.992
