1.71
1.607
1.878
1.756
2.108
1.961
1.439
1.265
1.602
1.568
2.059
1.758
1.7819999999999998
1.838
2.022
2.235
1.55
2.055
1.978
1.5219999999999998
1.74
1.5519999999999998
1.743
1.825
1.778
1.982
2.1180000000000003
2.086
2.086
2.004
1.816
1.962
2.084
1.582
1.922
2.112
1.641
1.715
2.144
1.802
1.858
1.993
1.7
2.106
1.495
1.546
2.068
2.006
1.608
1.635
2.061
1.744
1.6769999999999998
1.896
1.332
2.017
1.837
1.481
1.964
1.768
1.941
2.037
1.594
1.709
1.493
1.237
2.099
2.06
1.7719999999999998
1.8
1.574
1.476
1.934
1.3769999999999998
1.887
1.749
1.962
1.48
2.072
1.982
2.072
2.099
1.607
1.877
1.977
1.709
1.574
1.618
1.6369999999999998
1.709
2.319
2.401
1.725
1.846
2.134
1.51
1.528
1.5730000000000002
1.98
1.719
1.828
1.975
1.4780000000000002
1.802
1.923
1.596
1.904
2.051
2.104
2.071
2.076
1.545
1.963
1.713
2.1
1.888
2.036
1.961
1.663
1.48
1.853
1.997
1.5319999999999998
1.594
1.993
1.5519999999999998
1.871
2.057
1.796
2.072
1.754
2.036
1.509
1.476
1.878
1.786
1.981
1.444
2.19
1.969
1.875
1.398
1.864
2.025
2.005
1.6909999999999998
1.533
1.504
1.507
1.884
1.6880000000000002
1.565
1.7819999999999998
2.229
1.507
1.6869999999999998
2.016
1.582
2.187
1.926
1.589
1.887
1.599
2.3080000000000003
2.022
2.0580000000000003
1.558
1.587
1.621
1.776
2.014
1.644
1.963
1.974
1.6780000000000002
1.59
1.722
1.986
1.4880000000000002
1.6369999999999998
1.6230000000000002
1.848
1.974
1.584
1.958
1.977
1.372
1.859
1.894
2.073
1.7519999999999998
1.5630000000000002
1.41
1.547
1.912
2.108
1.663
1.92
1.634
1.521
2.032
2.021
1.544
2.095
2.0340000000000003
1.6840000000000002
1.915
1.705
1.543
1.66
2.042
1.994
1.477
1.584
1.92
2.037
1.926
1.625
1.579
1.793
1.696
1.942
2.146
2.035
1.978
1.852
1.716
1.981
1.861
1.581
1.628
2.166
1.8
1.889
1.685
2.009
1.76
1.692
1.995
1.71
1.879
1.817
1.892
2.072
1.92
2.048
1.707
2.01
2.006
2.13
1.932
1.778
1.587
2.056
1.768
1.486
2.16
2.005
2.217
1.544
2.191
2.091
1.615
1.755
1.87
1.877
1.84
2.049
2.001
2.065
2.049
1.634
1.975
1.82
2.1790000000000003
1.479
1.675
1.959
1.4340000000000002
1.617
1.989
1.865
2.083
1.5659999999999998
1.6030000000000002
1.594
1.662
1.706
2.3480000000000003
1.275
1.991
2.006
1.3730000000000002
2.148
1.711
1.3
1.753
1.567
1.88
2.13
1.4980000000000002
2.052
1.56
1.307
2.266
1.956
1.32
1.4980000000000002
1.711
1.58
1.763
1.894
1.815
1.65
2.081
2.043
2.019
2.015
1.919
2.035
2.009
1.455
1.999
1.722
1.994
1.866
1.871
1.805
1.402
1.348
1.399
1.596
2.068
1.592
1.545
1.518
2.081
1.652
1.584
1.443
1.521
1.919
1.463
1.662
1.7719999999999998
1.907
1.484
2.089
1.84
1.6130000000000002
1.666
1.597
2.177
1.585
1.8
2.139
1.732
1.855
1.668
2.11
1.56
1.97
1.608
1.832
1.79
1.901
1.833
2.069
1.67
1.5830000000000002
1.806
2.028
1.981
2.109
2.13
1.646
1.842
1.878
2.025
1.617
2.126
1.574
1.564
2.16
2.08
1.817
1.843
2.018
2.176
1.928
1.93
1.561
1.641
1.632
1.997
1.569
2.0340000000000003
1.605
1.6780000000000002
1.631
1.634
1.55
1.66
2.055
2.033
1.636
2.02
2.044
1.6740000000000002
1.775
1.596
1.7990000000000002
1.832
2.128
2.169
2.044
2.083
1.893
1.802
1.59
1.779
1.89
1.267
1.6230000000000002
2.0
2.04
2.079
1.628
1.6980000000000002
1.4880000000000002
2.24
1.358
1.486
1.601
2.122
1.6
1.986
1.504
1.584
1.83
2.024
1.693
2.024
2.005
2.03
1.855
1.618
1.587
1.579
1.821
1.848
1.883
1.5
1.528
1.97
2.053
2.195
1.533
2.023
1.582
1.966
1.992
