1.956
1.73
1.815
1.508
1.658
2.1630000000000003
1.991
2.023
1.672
1.969
1.357
2.196
1.845
1.4509999999999998
1.403
1.663
1.877
1.724
1.683
2.045
1.5930000000000002
2.035
1.501
1.93
1.547
1.392
1.853
1.516
1.6130000000000002
2.127
1.851
1.694
1.591
1.6909999999999998
1.972
1.7080000000000002
1.908
1.476
1.927
1.883
2.177
1.819
1.408
1.5419999999999998
2.069
1.791
2.039
1.863
1.904
1.612
1.965
1.953
2.061
2.021
1.785
1.4069999999999998
2.041
1.525
2.079
1.539
1.62
1.898
2.021
1.6769999999999998
2.178
2.017
1.481
1.591
2.016
1.862
1.692
1.965
2.103
1.811
1.94
2.104
1.861
1.631
1.7380000000000002
1.681
1.704
1.863
1.506
1.925
1.339
2.0780000000000003
1.957
1.768
2.139
1.6130000000000002
1.878
1.741
1.605
1.629
2.213
1.508
1.375
1.474
2.046
1.6369999999999998
1.481
1.569
1.984
1.938
2.047
1.336
2.231
1.997
2.225
2.09
1.507
1.995
1.95
1.571
1.197
1.788
2.083
1.913
1.797
1.421
2.088
1.963
1.662
2.0
1.5219999999999998
2.105
2.218
2.169
1.808
1.994
1.399
1.726
1.495
1.625
1.483
1.534
1.754
1.5530000000000002
1.742
1.704
2.012
1.681
1.4580000000000002
1.858
1.673
2.056
2.132
1.776
2.02
1.628
2.154
1.747
2.018
1.745
1.91
1.7280000000000002
2.109
1.886
1.46
1.79
2.033
1.518
2.035
1.538
1.7480000000000002
2.197
1.391
1.615
1.5490000000000002
2.1
1.7380000000000002
1.56
1.784
2.151
1.856
2.019
1.898
1.604
1.732
1.804
2.305
1.617
1.525
1.612
1.889
1.893
2.101
1.941
1.568
2.044
1.5659999999999998
1.421
1.598
1.729
1.7080000000000002
1.944
1.546
1.664
2.02
2.063
2.104
1.639
1.503
1.683
1.526
1.911
1.907
1.985
2.013
1.963
1.936
1.746
1.418
1.949
2.131
1.587
2.166
2.096
2.068
2.191
1.979
1.476
1.402
1.655
1.907
1.876
1.893
1.455
1.919
2.157
1.651
1.721
1.5530000000000002
1.635
1.914
2.071
2.02
1.93
2.305
1.494
1.661
2.162
1.839
1.793
1.5530000000000002
2.06
1.97
1.979
1.78
2.064
1.949
1.953
1.69
2.157
1.456
2.0580000000000003
1.501
1.311
1.995
1.6369999999999998
1.354
1.793
1.659
1.961
2.028
1.968
1.977
2.068
2.092
1.569
1.4780000000000002
1.297
1.385
1.681
1.429
1.995
1.525
1.473
1.813
2.041
1.616
1.911
1.622
2.155
1.604
1.528
1.489
1.816
1.958
1.969
2.06
1.7619999999999998
1.6969999999999998
1.644
1.996
1.66
2.04
1.832
1.378
1.832
1.93
1.477
1.928
1.519
1.882
1.865
1.83
1.608
1.5590000000000002
1.5530000000000002
1.979
2.141
2.001
1.5119999999999998
1.775
1.494
1.7619999999999998
1.935
1.693
1.601
1.822
1.555
2.196
2.044
2.11
2.126
1.643
1.483
1.64
1.529
1.517
1.52
1.881
2.0580000000000003
1.524
2.001
1.597
2.149
1.547
1.671
1.763
1.955
1.892
1.965
1.455
1.754
2.014
1.4469999999999998
1.872
1.683
2.201
2.032
1.951
1.974
1.412
1.808
1.514
1.711
1.896
1.815
1.5830000000000002
1.97
2.042
1.942
1.399
1.648
1.812
1.497
1.924
1.481
1.781
1.874
1.344
2.148
2.067
1.569
2.166
1.855
2.19
1.975
1.898
1.6369999999999998
1.501
2.007
2.048
2.131
1.957
1.472
2.09
2.117
2.15
1.98
1.546
2.0
1.517
1.71
2.12
1.449
1.948
1.5759999999999998
1.584
2.008
2.141
1.364
1.5530000000000002
1.51
1.643
1.646
1.48
1.7
2.046
1.564
1.436
1.467
1.6969999999999998
1.845
1.599
2.049
1.565
1.884
2.1180000000000003
1.586
2.049
1.859
1.588
1.524
1.489
1.909
1.477
1.876
1.506
1.758
1.506
2.165
1.872
1.526
1.755
1.737
1.632
1.954
2.107
1.742
2.047
1.747
1.588
1.721
2.199
1.912
1.655
2.067
1.951
1.607
1.852
1.734
2.068
2.175
1.4340000000000002
1.46
1.98
1.669
1.93
1.44
2.082
1.887
1.663
1.366
1.808
1.793
1.49
1.503
1.682
1.5659999999999998
1.952
1.793
1.702
1.938
1.996
1.519
1.6769999999999998
1.3259999999999998
1.796
2.084
2.066
2.076
2.306
1.539
1.588
1.649
1.494
1.4509999999999998
1.733
2.013
1.5759999999999998
1.907
2.017
2.006
1.914
2.029
1.996
1.45
1.872
1.989
2.14
1.958
2.06
1.853
1.949
1.4580000000000002
1.5590000000000002
1.881
1.484
1.556
2.0
1.586
1.477
1.702
1.58
1.666
2.148
1.934
1.947
2.127
1.781
1.558
1.709
1.7
2.056
1.393
1.3969999999999998
1.669
1.4509999999999998
2.093
1.702
2.043
1.6
1.835
2.2030000000000003
2.164
1.473
2.022
1.73
2.0340000000000003
1.526
2.2430000000000003
1.602
1.903
1.54
1.977
2.143
1.723
1.886
1.639
1.831
2.075
1.577
1.846
1.735
2.059
1.891
1.978
2.01
2.062
2.075
2.135
2.056
1.947
1.88
2.09
1.721
2.202
1.533
2.117
2.048
2.239
1.484
1.858
2.007
2.025
1.719
1.568
1.98
1.4780000000000002
1.517
1.426
1.524
1.77
1.714
1.49
2.023
1.84
1.717
1.938
2.003
1.226
1.574
1.712
1.864
2.102
1.394
1.443
1.621
1.508
1.852
1.936
1.556
2.175
1.793
1.823
1.443
1.776
1.421
2.047
2.1590000000000003
1.575
1.5719999999999998
1.607
2.07
2.02
2.022
1.534
1.788
1.851
1.615
1.63
1.868
2.075
2.015
1.591
1.582
1.824
1.731
1.992
1.6909999999999998
1.4169999999999998
1.964
2.133
1.506
2.144
1.581
1.706
2.029
1.7380000000000002
1.7619999999999998
1.629
1.797
1.612
1.4680000000000002
2.228
1.848
2.076
1.571
1.706
1.608
1.942
2.166
1.376
1.96
1.754
1.652
2.044
1.764
1.489
1.947
1.5730000000000002
1.819
1.365
1.46
1.6880000000000002
1.854
1.99
1.817
1.589
2.221
1.985
1.6980000000000002
1.764
1.37
1.97
2.13
1.617
2.01
2.097
1.5
2.224
1.721
1.997
1.607
2.157
1.886
2.009
2.016
1.882
1.422
1.692
1.951
1.505
1.853
1.929
2.088
1.7080000000000002
1.533
1.971
1.398
2.289
1.702
1.7719999999999998
1.766
1.4380000000000002
1.866
1.493
1.843
1.949
1.6130000000000002
1.719
1.868
1.995
1.659
1.436
1.645
1.962
1.574
1.513
1.442
1.842
1.63
1.999
1.819
1.87
2.092
1.986
1.467
1.634
2.071
1.6880000000000002
1.845
1.5519999999999998
1.703
1.633
1.734
1.686
1.747
2.149
1.557
1.956
1.597
1.897
1.7380000000000002
1.837
1.425
1.947
1.61
1.546
1.933
1.485
2.182
2.217
1.904
2.117
2.063
1.5490000000000002
1.465
1.702
2.051
1.93
1.909
1.587
1.923
1.635
2.013
1.6740000000000002
2.128
1.608
1.733
1.648
1.856
1.986
1.951
1.648
2.093
2.0
1.642
2.035
1.6130000000000002
1.829
1.756
2.168
1.4169999999999998
2.104
1.978
1.664
1.2990000000000002
1.804
1.7
1.938
1.594
1.776
1.673
1.543
1.995
1.804
2.22
1.926
1.539
2.283
2.005
1.89
2.2030000000000003
1.869
1.432
1.672
1.93
1.635
1.812
1.928
1.449
1.433
1.6369999999999998
1.607
1.91
1.924
1.4340000000000002
2.318
1.82
1.357
1.461
2.006
1.6840000000000002
1.893
1.864
2.028
2.128
1.98
1.592
1.435
2.056
1.864
2.274
1.91
1.826
2.033
2.002
1.526
1.908
1.537
1.971
1.734
1.467
1.7080000000000002
1.666
1.56
2.061
2.14
1.784
1.55
2.105
1.714
1.479
2.085
2.139
1.951
1.444
1.577
1.65
2.132
1.818
2.07
1.742
1.991
2.16
2.036
1.991
1.745
1.9
1.882
1.856
1.52
2.05
1.721
1.889
2.069
2.012
1.866
2.156
1.894
1.886
1.379
1.5490000000000002
1.293
1.501
1.896
1.756
1.959
1.961
1.6969999999999998
2.197
2.132
1.99
1.46
1.411
2.134
1.625
2.099
2.095
1.473
1.989
1.982
1.846
2.0580000000000003
1.947
2.14
1.579
1.98
1.585
2.08
2.227
2.056
2.112
2.132
1.806
1.791
1.496
1.6980000000000002
1.61
1.831
1.941
1.926
1.946
2.133
1.546
1.624
2.12
1.987
1.998
2.2880000000000003
1.661
1.534
1.508
1.913
1.863
1.58
1.57
1.706
1.548
1.956
1.915
1.988
1.403
1.48
1.5
2.0580000000000003
1.749
1.732
1.59
1.988
1.6130000000000002
1.5619999999999998
2.089
2.084
1.934
2.033
1.967
1.721
1.592
1.913
1.824
1.592
1.898
1.7380000000000002
1.712
1.941
2.01
1.473
1.953
1.878
1.935
2.029
1.556
1.611
1.5530000000000002
2.104
1.463
1.68
2.097
1.496
2.13
1.927
1.595
2.028
1.83
1.894
1.915
2.138
1.598
1.959
1.761
1.904
1.61
1.561
1.633
2.108
2.025
2.037
1.888
1.874
1.638
2.042
1.978
2.104
2.04
1.751
1.786
1.4580000000000002
2.004
2.112
1.575
1.948
1.383
1.832
1.903
1.944
2.108
2.151
1.6769999999999998
2.119
1.612
1.889
1.494
1.739
2.04
2.113
1.479
1.734
2.191
1.774
2.0780000000000003
1.6769999999999998
1.449
2.017
2.074
2.134
1.571
1.979
1.978
2.086
1.813
1.649
1.763
1.972
1.751
1.812
1.966
1.5630000000000002
1.638
2.398
1.404
1.967
1.6130000000000002
1.729
1.651
2.138
1.983
1.92
1.913
2.2840000000000003
1.898
2.024
1.764
1.544
1.541
1.96
2.079
1.65
1.293
1.517
2.005
1.656
1.884
2.137
2.053
1.507
1.58
1.55
1.625
1.787
1.884
1.861
1.683
1.393
1.557
1.716
1.46
2.0540000000000003
1.836
1.579
1.5730000000000002
1.956
1.635
1.959
2.177
1.704
1.721
1.872
2.048
1.879
1.49
2.016
1.56
1.816
2.073
1.414
2.1180000000000003
2.049
1.639
1.452
2.135
1.6030000000000002
1.747
2.1180000000000003
2.079
1.88
1.596
2.099
1.52
1.557
1.715
1.899
1.611
2.177
2.053
2.065
1.398
2.033
2.116
1.534
1.79
1.565
1.854
1.94
1.607
1.881
1.716
1.874
1.941
1.777
2.252
1.784
2.088
1.735
1.88
2.117
1.778
2.195
2.247
2.049
1.942
1.973
1.436
2.2030000000000003
1.4269999999999998
1.991
1.966
1.779
1.721
1.4280000000000002
2.138
1.735
2.03
2.185
1.445
1.785
2.135
1.625
1.5630000000000002
1.777
1.903
1.944
1.869
2.0980000000000003
1.726
1.588
1.796
1.834
1.3430000000000002
1.948
2.004
2.189
1.578
1.971
1.605
1.954
1.973
2.193
1.543
2.065
1.628
1.558
1.722
1.558
1.872
1.835
1.913
1.916
1.853
1.936
2.04
1.778
1.501
1.546
1.5759999999999998
1.6230000000000002
1.819
1.786
1.6869999999999998
1.568
1.4340000000000002
2.063
1.749
1.6880000000000002
1.883
1.938
1.4280000000000002
1.432
2.053
2.209
1.4780000000000002
1.914
2.201
2.109
1.853
2.045
1.794
1.88
1.51
1.404
1.857
1.712
1.477
1.808
1.999
2.063
2.045
2.024
1.5219999999999998
1.506
1.5119999999999998
2.014
1.564
1.95
1.789
1.4580000000000002
1.493
1.692
1.601
1.894
1.717
1.98
1.339
2.0380000000000003
2.144
1.474
1.905
1.471
2.03
1.768
1.759
1.828
2.175
1.936
1.74
1.837
1.811
1.744
2.1590000000000003
1.928
1.483
1.965
1.893
2.305
1.619
1.842
1.654
1.611
1.72
2.0380000000000003
1.856
1.895
1.649
1.94
1.926
1.86
1.459
2.033
1.862
1.689
1.958
1.765
2.135
1.518
1.666
2.166
2.027
2.23
1.789
2.031
1.65
1.371
1.873
2.211
2.109
1.968
2.026
1.986
1.662
1.882
2.139
1.899
2.063
1.588
1.724
2.135
2.031
1.4780000000000002
1.956
1.364
2.108
1.84
2.126
1.822
1.654
2.103
1.634
2.08
1.4269999999999998
1.796
1.714
2.0
1.634
1.7480000000000002
1.599
1.749
1.856
1.406
1.875
1.975
1.393
1.621
1.6840000000000002
1.489
2.089
1.717
2.052
2.056
2.031
1.787
2.036
2.131
1.831
1.961
1.602
1.497
1.336
1.594
2.001
1.586
1.668
2.015
1.974
1.29
1.81
1.96
1.912
2.185
2.005
1.4480000000000002
1.568
1.822
2.186
2.156
1.536
2.094
1.481
1.617
1.6740000000000002
1.332
1.733
2.023
1.466
2.218
1.629
1.46
2.139
1.62
1.93
1.968
2.03
1.356
1.4409999999999998
2.029
1.963
1.536
2.148
1.736
1.866
1.393
2.104
1.305
2.231
1.473
1.997
1.976
1.666
2.01
1.712
1.715
1.863
1.5659999999999998
1.58
2.026
1.967
2.201
1.917
1.661
1.854
1.5490000000000002
1.5319999999999998
1.857
2.013
1.997
1.729
1.947
1.999
2.161
1.4340000000000002
1.86
1.671
2.188
2.1790000000000003
2.049
1.588
1.243
1.497
1.491
1.577
1.964
1.921
1.938
1.5719999999999998
1.607
1.493
1.3030000000000002
2.15
1.507
1.324
2.165
2.022
2.139
1.994
1.554
1.632
2.217
1.651
1.585
1.745
1.633
1.974
1.973
1.977
1.47
1.652
1.544
1.745
1.734
1.5930000000000002
1.729
1.56
1.5319999999999998
1.769
2.204
1.431
2.157
1.943
1.76
1.567
1.801
1.49
1.608
1.658
1.714
1.679
1.9
1.531
1.622
1.786
1.734
1.7990000000000002
1.443
1.845
2.145
2.035
2.1590000000000003
1.766
2.014
2.211
1.6869999999999998
2.064
1.473
1.96
1.965
1.4509999999999998
2.049
1.689
1.796
2.188
1.599
1.6569999999999998
1.789
1.541
1.453
2.102
1.6740000000000002
1.954
1.884
1.966
1.746
2.121
1.533
2.046
1.727
1.659
1.98
1.63
1.311
1.395
2.017
1.654
1.639
2.181
1.462
1.766
1.676
1.84
1.778
1.878
1.822
2.0540000000000003
1.954
1.6869999999999998
1.932
1.5930000000000002
1.975
1.97
1.883
2.059
2.142
1.835
1.91
1.839
1.979
2.084
1.893
1.557
2.146
2.0980000000000003
1.813
1.294
2.032
2.083
2.135
1.4580000000000002
2.026
1.336
1.7280000000000002
2.192
1.642
1.442
1.609
1.55
1.862
2.045
1.69
1.597
1.0490000000000002
1.495
1.722
1.904
1.669
2.045
1.97
2.117
1.4269999999999998
1.668
1.401
2.214
1.425
2.152
1.307
1.346
2.005
1.93
1.565
2.063
1.6880000000000002
2.136
1.884
2.182
1.903
2.121
2.101
1.768
1.648
1.547
1.989
1.942
1.601
1.4269999999999998
2.01
1.461
1.74
1.616
1.814
1.977
1.4480000000000002
1.6780000000000002
1.6269999999999998
2.096
1.897
1.586
1.711
1.961
1.534
1.592
2.062
1.968
1.513
2.161
1.703
2.051
1.568
2.063
1.616
1.592
2.032
1.903
2.131
2.021
2.176
1.658
1.27
1.474
1.5219999999999998
1.4680000000000002
1.94
2.153
1.719
1.5590000000000002
1.963
1.61
2.1790000000000003
1.681
1.4269999999999998
2.002
2.045
1.529
1.824
1.49
1.624
1.608
1.67
1.959
2.101
1.62
2.017
1.766
1.311
2.115
1.544
1.59
2.095
1.551
1.955
1.7480000000000002
1.4509999999999998
1.776
1.883
1.991
1.493
1.557
1.6840000000000002
1.463
1.918
1.97
1.461
1.599
1.332
2.01
1.754
1.492
2.062
1.8
2.403
1.351
2.114
1.462
2.112
1.617
1.569
1.995
1.931
1.46
2.117
1.528
1.986
1.412
1.335
2.093
1.995
1.948
1.5490000000000002
1.96
1.605
2.083
1.445
1.582
1.851
1.773
1.6840000000000002
2.024
1.805
1.915
1.595
1.858
2.268
1.861
1.461
1.999
1.592
1.473
2.03
1.827
1.444
1.584
1.632
1.797
1.99
1.865
1.929
1.967
2.003
2.053
2.239
2.053
1.505
1.544
1.922
1.477
2.033
2.0540000000000003
1.632
1.856
1.477
1.596
1.732
1.628
1.6569999999999998
1.848
2.014
1.547
1.611
2.085
1.908
1.686
1.94
1.351
1.793
1.876
1.621
2.0
1.419
1.949
2.094
1.463
1.57
1.6469999999999998
1.6230000000000002
1.659
2.131
2.025
1.834
1.581
1.995
1.561
2.113
2.148
1.374
1.909
2.069
1.692
1.968
1.817
1.946
1.668
1.807
2.033
1.941
2.142
1.6769999999999998
1.544
1.419
1.545
1.57
1.484
1.993
1.581
1.497
1.751
1.954
2.162
1.474
2.02
1.869
1.622
1.723
1.765
1.4409999999999998
2.112
1.794
1.41
1.771
1.504
1.106
2.043
1.937
1.5759999999999998
1.6869999999999998
1.806
2.016
2.117
2.1
2.006
1.586
1.462
2.016
1.423
2.077
