2.8939999999999997
2.697
2.6180000000000003
2.695
2.612
2.81
2.9589999999999996
2.719
2.887
2.7739999999999996
2.444
2.6069999999999998
2.963
2.889
2.805
3.103
2.7680000000000002
2.8280000000000003
2.838
2.6660000000000004
2.7119999999999997
2.62
2.8139999999999996
2.577
3.0989999999999998
2.7
2.4619999999999997
3.035
2.7969999999999997
3.0610000000000004
2.867
2.608
2.8280000000000003
2.891
2.9219999999999997
3.275
2.7230000000000003
2.479
2.79
2.688
2.88
2.977
2.909
2.7460000000000004
2.9219999999999997
3.105
2.82
2.6839999999999997
3.049
2.536
2.965
3.054
2.8989999999999996
3.1639999999999997
2.597
2.742
2.6489999999999996
2.886
3.076
2.5869999999999997
2.563
2.82
2.6239999999999997
2.715
2.5789999999999997
2.582
2.65
2.813
2.9360000000000004
3.05
2.58
3.102
2.967
2.9
2.895
2.9139999999999997
2.932
2.6430000000000002
2.798
3.04
2.392
2.763
3.111
2.832
3.034
2.968
2.833
2.758
2.7689999999999997
2.937
2.87
2.741
2.892
2.7769999999999997
2.889
2.898
2.9419999999999997
3.115
2.615
2.658
2.6910000000000003
2.9739999999999998
2.7880000000000003
2.909
2.6710000000000003
2.6210000000000004
2.785
2.752
2.9610000000000003
2.5980000000000003
2.727
2.875
2.958
3.1260000000000003
2.583
2.727
2.9539999999999997
2.8089999999999997
2.407
2.785
2.8369999999999997
2.7680000000000002
3.284
2.53
3.0460000000000003
2.965
2.969
2.83
2.718
3.0210000000000004
2.5789999999999997
3.174
2.997
2.725
2.623
2.62
2.867
2.7689999999999997
2.6919999999999997
3.1289999999999996
2.9330000000000003
2.8480000000000003
2.614
2.639
2.688
2.628
2.6830000000000003
2.7239999999999998
2.938
3.2689999999999997
2.99
2.645
2.8569999999999998
2.852
2.9189999999999996
2.634
2.6830000000000003
2.943
2.82
2.784
3.049
2.9939999999999998
2.665
2.966
2.62
3.034
2.9819999999999998
3.2769999999999997
3.141
2.929
2.5540000000000003
2.9560000000000004
2.96
2.85
2.728
2.7960000000000003
2.7889999999999997
2.775
2.7680000000000002
2.385
2.91
3.035
2.6239999999999997
2.9419999999999997
2.991
2.891
2.688
3.009
3.048
3.012
3.033
2.785
2.8080000000000003
2.9210000000000003
3.0260000000000002
2.7319999999999998
2.803
3.135
2.7689999999999997
2.7910000000000004
2.858
3.1710000000000003
2.925
2.738
3.065
2.717
2.99
2.758
2.685
2.93
2.7089999999999996
2.8169999999999997
2.991
3.141
3.043
2.9810000000000003
2.733
2.8939999999999997
2.7119999999999997
2.688
2.802
2.862
2.886
2.803
2.803
3.102
2.705
2.778
2.935
2.661
2.772
2.786
2.8710000000000004
2.805
2.861
2.688
2.803
2.977
2.907
2.9810000000000003
2.785
2.8689999999999998
2.7910000000000004
2.679
2.545
2.963
2.833
2.662
2.9610000000000003
2.86
2.9189999999999996
2.798
2.9939999999999998
2.596
3.1239999999999997
2.773
2.7739999999999996
2.451
2.895
2.8289999999999997
2.846
2.7769999999999997
2.76
2.721
2.718
2.7689999999999997
2.873
2.715
2.907
2.549
2.542
2.8760000000000003
2.792
2.8280000000000003
2.9419999999999997
3.0580000000000003
3.008
2.458
2.7510000000000003
2.701
3.01
2.897
2.747
2.969
2.748
2.988
2.6510000000000002
2.81
2.717
2.736
2.7310000000000003
2.6289999999999996
2.884
2.736
2.878
2.582
2.9360000000000004
2.675
3.0269999999999997
2.826
2.997
2.693
3.1210000000000004
2.67
2.915
3.016
2.8710000000000004
2.803
2.656
2.861
2.6239999999999997
2.986
2.8819999999999997
2.853
2.892
2.715
2.6489999999999996
2.7889999999999997
2.591
2.9189999999999996
2.8310000000000004
3.077
3.028
2.713
2.884
2.911
2.9410000000000003
2.716
3.05
2.747
2.826
2.5540000000000003
2.761
2.659
2.687
2.782
3.036
2.574
2.948
2.989
2.964
2.827
2.685
2.912
2.84
2.878
3.051
2.8930000000000002
2.628
2.654
2.911
2.853
2.7439999999999998
2.764
2.57
3.062
2.917
2.883
2.782
2.736
2.498
2.7119999999999997
2.6430000000000002
3.1689999999999996
2.5789999999999997
2.6639999999999997
2.735
2.68
2.9160000000000004
2.741
2.73
3.637
2.5140000000000002
2.635
2.8169999999999997
2.6510000000000002
3.0039999999999996
2.696
3.03
2.83
2.9330000000000003
3.048
2.793
2.925
3.103
3.034
2.6660000000000004
2.431
2.7969999999999997
2.891
2.888
3.0189999999999997
2.843
3.012
2.964
2.887
2.758
3.154
2.853
2.34
3.1460000000000004
2.98
2.51
2.7039999999999997
2.502
2.6839999999999997
3.031
2.95
2.906
2.8989999999999996
3.1239999999999997
2.444
3.089
2.855
2.763
2.9739999999999998
2.804
2.96
3.0069999999999997
2.845
3.123
3.137
2.968
2.6460000000000004
2.758
2.7260000000000004
3.1010000000000004
3.0210000000000004
2.658
2.888
2.8789999999999996
2.648
2.766
2.843
3.147
3.103
2.9419999999999997
3.614
2.872
2.658
3.074
2.8739999999999997
3.063
2.9130000000000003
2.781
2.639
2.676
2.7239999999999998
2.545
2.8939999999999997
3.05
2.898
2.859
2.708
2.898
2.89
2.895
2.94
2.758
2.8110000000000004
2.8489999999999998
3.398
2.885
2.845
2.935
3.017
2.813
2.944
2.997
2.99
2.727
2.8169999999999997
2.9619999999999997
2.918
2.802
2.739
2.693
2.804
2.8
2.718
3.002
2.9739999999999998
3.0580000000000003
3.0010000000000003
3.065
2.7560000000000002
2.9219999999999997
3.1010000000000004
2.9810000000000003
2.825
2.553
2.728
2.693
2.897
2.792
3.205
2.662
2.967
2.908
2.762
3.2510000000000003
2.7319999999999998
2.904
2.8789999999999996
2.7969999999999997
2.673
2.972
3.1060000000000003
2.761
2.748
2.931
2.6310000000000002
2.614
2.605
2.884
2.609
2.9930000000000003
2.8369999999999997
2.759
2.917
2.675
2.884
2.76
2.6630000000000003
2.7969999999999997
2.821
2.927
2.787
2.721
2.8280000000000003
2.392
2.8810000000000002
2.767
2.7039999999999997
2.972
2.553
2.946
2.8080000000000003
2.707
3.161
3.054
2.9139999999999997
3.04
2.778
2.742
2.897
3.0860000000000003
2.6639999999999997
2.9619999999999997
2.841
2.702
3.032
2.823
2.887
2.725
2.7230000000000003
2.371
2.7680000000000002
2.799
2.717
3.0239999999999996
2.695
2.801
2.932
2.676
2.927
2.5869999999999997
2.638
3.287
2.7039999999999997
2.7260000000000004
2.596
2.546
2.883
2.263
2.713
2.9139999999999997
2.8280000000000003
2.526
2.677
2.937
2.6319999999999997
2.968
2.638
2.792
2.633
2.83
3.029
2.908
2.924
2.955
2.705
2.792
2.199
2.878
2.714
2.76
2.943
3.1439999999999997
2.677
3.16
2.883
2.655
2.681
2.738
2.875
2.679
2.738
2.677
2.6460000000000004
2.6310000000000002
2.798
3.051
2.833
2.5839999999999996
2.9219999999999997
2.7960000000000003
2.75
2.803
2.4730000000000003
2.988
2.9739999999999998
2.611
3.14
2.59
2.719
2.694
2.673
2.822
2.7260000000000004
2.738
2.594
3.139
2.8539999999999996
2.6319999999999997
2.595
2.455
2.785
2.95
2.82
2.924
2.733
3.0789999999999997
2.864
2.647
2.892
2.944
2.7689999999999997
3.034
2.97
2.694
2.839
2.912
2.719
2.7539999999999996
2.541
2.781
2.938
2.411
2.7030000000000003
2.7689999999999997
3.123
2.741
2.926
2.866
2.8989999999999996
2.785
3.0239999999999996
3.3560000000000003
2.95
2.825
2.763
2.8760000000000003
2.85
2.98
2.892
2.892
2.895
2.884
2.7889999999999997
2.7710000000000004
2.761
2.71
2.719
2.596
3.134
2.9610000000000003
2.628
2.6039999999999996
2.8
2.717
2.733
2.6319999999999997
2.665
2.911
2.638
2.6180000000000003
2.94
3.1319999999999997
3.0660000000000003
2.7910000000000004
3.054
2.898
2.93
2.75
2.5
2.975
2.512
2.8689999999999998
2.734
2.695
3.017
2.6069999999999998
3.02
2.838
2.833
2.97
3.002
2.425
2.373
3.222
2.641
3.208
2.7039999999999997
2.964
2.8
2.8110000000000004
2.714
3.2
2.53
2.865
2.8489999999999998
2.7960000000000003
2.877
2.9810000000000003
2.798
2.501
2.763
2.394
2.62
2.494
2.799
3.013
3.0639999999999996
2.674
2.886
3.2880000000000003
3.0589999999999997
2.878
2.738
2.516
2.658
2.927
2.617
2.907
3.2739999999999996
2.8739999999999997
2.9219999999999997
2.95
3.0839999999999996
2.935
2.815
2.908
2.6439999999999997
2.7510000000000003
2.676
2.8480000000000003
2.436
2.7939999999999996
2.904
2.824
3.175
2.6310000000000002
2.502
2.877
2.72
3.0
2.5980000000000003
2.824
2.7239999999999998
2.356
3.11
3.082
2.835
2.6060000000000003
3.122
3.096
2.992
2.932
2.5660000000000003
2.6289999999999996
3.341
2.7439999999999998
2.6010000000000004
2.71
2.895
2.6180000000000003
3.011
2.725
3.486
2.946
2.739
2.812
3.096
2.846
2.873
2.6489999999999996
2.8489999999999998
2.552
3.1039999999999996
2.9130000000000003
2.488
2.8310000000000004
2.793
3.06
2.149
3.0669999999999997
2.887
2.833
2.9389999999999996
2.897
2.944
2.783
2.7710000000000004
2.969
2.9210000000000003
2.839
2.544
2.4090000000000003
2.627
3.1689999999999996
2.6489999999999996
2.8489999999999998
2.5860000000000003
2.7060000000000004
2.6439999999999997
2.906
2.949
2.783
3.008
2.722
3.103
3.0469999999999997
2.798
2.9339999999999997
2.612
2.761
2.7289999999999996
2.832
2.753
2.747
2.915
2.909
2.802
2.964
2.9760000000000004
2.88
2.883
2.813
2.7910000000000004
2.988
2.488
2.6710000000000003
2.8510000000000004
2.9
2.74
2.9160000000000004
2.575
3.138
2.895
2.758
2.725
2.931
2.582
2.885
2.6039999999999996
2.978
2.93
3.04
2.695
2.824
2.761
2.853
2.9939999999999998
2.94
2.2569999999999997
3.16
1.9580000000000002
2.84
2.74
3.167
3.023
2.753
3.009
3.5
2.8739999999999997
2.738
2.7039999999999997
2.511
2.694
2.6039999999999996
2.812
2.924
3.242
2.951
2.6860000000000004
2.9139999999999997
2.846
2.91
2.969
2.929
2.699
2.725
2.9210000000000003
2.944
2.8169999999999997
2.839
2.745
2.84
2.7289999999999996
2.968
3.095
2.282
2.801
2.745
2.681
2.6910000000000003
2.823
2.855
2.7880000000000003
2.9530000000000003
2.9339999999999997
2.843
2.886
3.1889999999999996
2.9530000000000003
2.7489999999999997
2.779
2.824
3.17
3.082
3.0589999999999997
2.5980000000000003
2.7310000000000003
2.6510000000000002
3.074
3.1910000000000003
2.987
2.8
3.133
2.667
2.87
2.86
2.93
3.21
2.6439999999999997
2.926
2.9139999999999997
2.877
2.6830000000000003
2.891
3.075
2.714
2.96
2.702
2.8480000000000003
2.767
2.795
3.092
2.674
2.7039999999999997
2.552
2.783
2.9610000000000003
2.9189999999999996
3.0860000000000003
2.761
2.6839999999999997
2.909
2.866
2.77
2.6910000000000003
2.7739999999999996
2.682
2.7689999999999997
2.8489999999999998
2.609
3.0989999999999998
2.8280000000000003
2.585
2.714
2.8689999999999998
3.0669999999999997
2.969
2.925
2.8989999999999996
2.9010000000000002
2.738
3.448
2.64
3.01
2.8080000000000003
2.713
2.611
2.753
2.8489999999999998
2.935
2.972
3.048
2.778
2.559
2.51
2.832
2.634
2.696
2.661
2.477
2.822
2.615
2.875
2.847
2.793
3.016
2.9810000000000003
2.378
2.6630000000000003
3.094
2.685
2.929
2.781
2.725
2.929
2.7239999999999998
2.7769999999999997
2.9130000000000003
2.557
2.636
2.748
2.926
2.958
2.568
2.7689999999999997
2.715
3.029
2.661
2.83
3.1830000000000003
2.68
2.905
2.8280000000000003
2.8360000000000003
2.775
3.3510000000000004
2.957
2.872
2.958
3.008
2.523
2.7319999999999998
2.758
2.806
2.87
2.964
3.17
2.8289999999999997
2.244
2.4730000000000003
2.819
2.537
2.915
3.003
2.61
2.92
2.7460000000000004
2.947
2.9139999999999997
2.949
2.6710000000000003
2.858
2.904
2.86
2.7230000000000003
2.675
2.804
3.0589999999999997
2.656
2.886
2.634
2.827
2.42
2.78
2.822
2.734
2.929
3.112
2.6889999999999996
3.023
2.798
2.947
2.6830000000000003
2.93
2.685
2.931
2.668
3.1639999999999997
2.779
2.8739999999999997
2.785
2.793
2.84
2.7569999999999997
3.0439999999999996
2.716
2.8739999999999997
3.0669999999999997
3.095
2.654
3.0239999999999996
2.7039999999999997
2.76
2.8789999999999996
2.991
2.947
2.8710000000000004
2.7060000000000004
2.9139999999999997
2.5869999999999997
2.673
2.93
2.832
2.616
2.8539999999999996
2.676
2.733
3.017
2.842
2.6519999999999997
2.966
2.559
3.03
3.105
3.0189999999999997
3.139
2.833
2.8139999999999996
2.792
2.9760000000000004
3.0269999999999997
2.9
3.005
2.9730000000000003
2.911
2.918
3.137
2.572
2.674
3.0869999999999997
2.63
2.8489999999999998
2.8089999999999997
2.6460000000000004
2.773
2.9160000000000004
2.455
2.807
2.898
2.9
3.0189999999999997
2.7560000000000002
2.862
2.799
2.883
2.6210000000000004
2.878
2.844
2.801
2.8819999999999997
2.687
2.484
2.8089999999999997
2.772
2.803
2.775
2.765
2.79
2.8569999999999998
2.8339999999999996
2.74
2.898
3.113
2.8289999999999997
2.9930000000000003
2.878
3.0389999999999997
2.761
2.845
2.66
2.635
2.8110000000000004
2.693
2.714
3.1319999999999997
2.5380000000000003
2.707
3.188
3.0
2.984
2.855
3.057
2.799
3.225
2.821
2.5469999999999997
2.721
3.141
2.85
2.667
3.016
2.835
3.19
2.7569999999999997
2.7710000000000004
2.64
2.6639999999999997
2.9610000000000003
2.907
2.9939999999999998
2.622
2.775
2.722
2.673
2.654
2.372
2.9189999999999996
3.029
2.7489999999999997
2.452
2.82
3.025
2.8080000000000003
2.716
2.662
2.767
2.9410000000000003
3.089
2.83
2.608
2.9560000000000004
2.7310000000000003
2.677
2.904
2.7680000000000002
2.548
2.9419999999999997
2.675
2.656
3.034
2.947
2.8489999999999998
2.585
2.803
2.6839999999999997
2.802
2.623
2.645
2.7969999999999997
2.929
2.838
3.082
3.675
2.678
2.625
2.765
3.162
2.71
2.8160000000000003
2.741
2.825
2.9339999999999997
2.826
2.8930000000000002
2.582
2.944
2.853
2.772
3.1630000000000003
2.807
2.827
3.095
2.459
2.676
2.8280000000000003
2.7680000000000002
2.602
2.823
3.1060000000000003
2.891
3.1710000000000003
3.0389999999999997
3.016
2.847
2.977
2.7439999999999998
2.795
2.617
2.682
3.177
2.928
2.94
2.997
2.938
2.877
2.8760000000000003
2.928
3.005
2.741
2.905
2.821
2.891
2.762
3.0580000000000003
2.718
2.867
2.963
2.8139999999999996
2.798
2.9360000000000004
2.728
2.9730000000000003
2.625
2.48
2.927
2.845
2.969
3.2310000000000003
2.8930000000000002
2.883
2.61
2.623
2.7289999999999996
2.8139999999999996
2.878
2.92
2.798
3.1260000000000003
2.747
3.3739999999999997
2.9219999999999997
2.96
2.6839999999999997
3.0669999999999997
2.742
2.886
2.8139999999999996
2.662
2.745
2.72
2.9619999999999997
3.055
2.693
2.7910000000000004
2.728
2.852
2.8080000000000003
2.804
2.727
2.8680000000000003
1.956
3.0410000000000004
2.775
2.799
2.9389999999999996
2.925
2.965
2.645
2.839
2.9539999999999997
2.861
3.239
2.98
2.8569999999999998
2.9360000000000004
2.787
3.125
3.0610000000000004
3.051
3.088
2.883
3.1010000000000004
2.7260000000000004
2.745
2.977
2.727
2.574
2.714
2.888
3.017
2.7939999999999996
3.1839999999999997
2.634
2.722
2.819
3.0010000000000003
2.718
2.85
2.3819999999999997
2.8110000000000004
2.502
2.8360000000000003
2.483
2.8369999999999997
2.87
3.113
2.5610000000000004
3.092
2.845
2.897
2.898
2.653
2.883
2.8960000000000004
3.068
2.859
2.905
3.062
2.694
2.701
2.9419999999999997
3.071
3.1660000000000004
3.025
2.8689999999999998
2.9130000000000003
2.568
2.785
2.886
2.694
2.855
2.571
3.2880000000000003
2.68
2.653
2.476
3.0660000000000003
2.945
2.51
2.917
3.032
2.734
3.023
2.802
2.7539999999999996
2.4819999999999998
3.028
2.815
2.7569999999999997
2.699
3.083
3.1430000000000002
3.1460000000000004
2.6519999999999997
2.713
2.838
3.69
2.8680000000000003
3.07
2.8689999999999998
2.414
2.6010000000000004
2.802
2.693
2.6289999999999996
2.8810000000000002
2.735
2.589
3.188
3.185
2.925
2.698
3.0269999999999997
2.98
2.6689999999999996
2.827
2.427
2.701
2.843
2.7230000000000003
2.7039999999999997
3.065
2.9010000000000002
2.9530000000000003
3.0389999999999997
2.677
2.957
2.7489999999999997
2.7739999999999996
3.346
2.945
2.958
3.103
2.992
3.0260000000000002
2.806
2.7319999999999998
2.8139999999999996
2.83
2.6239999999999997
2.957
2.667
2.9730000000000003
2.705
2.68
2.9930000000000003
2.76
2.9389999999999996
2.734
2.985
2.766
2.7460000000000004
2.537
2.5989999999999998
2.678
2.687
2.8280000000000003
2.889
2.661
2.553
2.411
2.8280000000000003
2.885
2.907
2.451
2.93
3.137
2.8139999999999996
2.767
2.8489999999999998
2.9810000000000003
2.6660000000000004
2.6710000000000003
2.5869999999999997
2.8810000000000002
2.832
3.411
2.832
2.932
2.929
2.7110000000000003
2.6639999999999997
2.718
3.0260000000000002
2.803
2.7739999999999996
2.842
2.8710000000000004
2.969
2.675
2.778
2.858
2.892
2.72
2.8930000000000002
3.008
2.9739999999999998
2.323
2.863
2.6910000000000003
2.9419999999999997
2.639
2.972
2.779
2.553
2.87
2.681
2.827
2.781
2.495
2.89
2.714
2.8360000000000003
2.395
1.9040000000000001
2.799
2.977
3.234
2.906
2.766
2.9160000000000004
2.89
3.13
2.617
3.013
3.074
2.804
2.908
2.747
2.602
3.01
2.918
2.722
2.727
2.727
2.613
2.917
2.7680000000000002
2.886
2.8160000000000003
2.958
2.947
2.885
2.5780000000000003
2.8510000000000004
2.568
2.78
3.13
2.917
2.379
2.75
2.6189999999999998
2.798
3.033
2.782
2.978
2.8480000000000003
2.5669999999999997
2.73
2.658
2.6519999999999997
2.88
3.0669999999999997
3.1719999999999997
2.7230000000000003
2.903
3.2769999999999997
2.826
2.917
2.826
2.878
2.8160000000000003
2.853
2.915
2.92
2.555
2.569
2.716
2.895
3.069
2.812
2.76
2.8369999999999997
2.9360000000000004
2.927
2.883
2.76
2.5989999999999998
2.7760000000000002
2.977
2.917
2.885
2.6310000000000002
2.71
2.812
2.833
2.71
2.494
2.657
3.105
2.74
2.81
2.852
2.9789999999999996
2.8819999999999997
2.91
2.639
2.8139999999999996
2.81
2.8280000000000003
2.8510000000000004
3.0860000000000003
2.92
3.305
2.667
2.717
2.8680000000000003
2.5810000000000004
2.556
2.8819999999999997
2.803
2.8169999999999997
2.803
2.742
3.21
2.8480000000000003
2.947
3.057
2.687
3.0060000000000002
2.742
2.859
2.733
2.639
2.9530000000000003
2.8930000000000002
2.984
2.969
2.696
2.688
2.863
2.432
2.9730000000000003
2.336
2.887
2.665
2.695
2.892
3.04
2.701
2.7510000000000003
2.944
2.592
2.717
2.7689999999999997
3.325
3.036
2.5980000000000003
3.227
3.029
2.559
2.582
2.818
3.072
2.8
2.718
2.717
3.0039999999999996
2.714
2.499
2.8110000000000004
2.887
3.133
2.616
2.967
3.1260000000000003
2.775
2.636
2.863
2.8989999999999996
2.8080000000000003
2.764
2.917
2.659
2.5140000000000002
2.47
2.79
2.741
2.55
2.6310000000000002
2.636
3.0
2.988
2.5839999999999996
2.6039999999999996
2.855
2.654
2.595
2.885
1.435
2.737
2.864
2.6039999999999996
3.0810000000000004
2.775
2.658
2.892
2.8280000000000003
3.063
2.95
3.142
2.885
3.083
2.5989999999999998
3.264
2.728
2.65
3.1460000000000004
3.0780000000000003
3.0060000000000002
2.8489999999999998
2.8289999999999997
3.0180000000000002
2.802
3.109
2.991
2.915
2.861
2.745
2.488
2.799
2.668
2.8289999999999997
2.677
2.727
2.7230000000000003
2.861
3.4210000000000003
2.668
3.035
2.5639999999999996
2.546
3.0039999999999996
2.7710000000000004
2.795
2.8789999999999996
2.635
2.9539999999999997
2.883
2.9019999999999997
2.81
3.08
2.835
2.252
2.764
2.873
2.929
2.927
3.0069999999999997
2.568
2.7119999999999997
2.725
2.03
3.092
2.738
3.611
3.1060000000000003
2.76
2.707
2.988
2.9730000000000003
2.6689999999999996
2.714
2.8819999999999997
2.929
2.634
3.0639999999999996
