2.853
2.595
2.813
2.657
3.114
2.805
2.648
2.029
2.7239999999999998
3.03
2.608
2.7689999999999997
2.8989999999999996
3.05
2.872
2.7939999999999996
2.653
2.7439999999999998
2.592
2.533
2.748
2.741
2.79
2.8289999999999997
2.721
3.005
2.7769999999999997
2.8280000000000003
2.804
2.728
2.698
2.819
2.717
2.5780000000000003
2.675
2.91
2.761
2.622
2.9130000000000003
2.7310000000000003
2.4859999999999998
2.6689999999999996
2.6510000000000002
2.839
3.202
2.99
2.98
3.137
3.003
2.6260000000000003
2.822
2.93
2.9930000000000003
2.7760000000000002
3.0389999999999997
3.049
2.911
2.775
2.72
2.7489999999999997
3.0980000000000003
2.958
2.7289999999999996
2.906
3.347
3.3739999999999997
2.7430000000000003
3.025
3.404
2.508
2.8310000000000004
2.696
3.1830000000000003
2.7760000000000002
2.824
2.725
3.0189999999999997
2.574
2.907
2.948
2.752
2.85
2.7
3.031
2.702
2.719
2.625
2.49
2.8510000000000004
2.799
2.963
3.04
2.588
2.986
2.812
2.908
2.63
2.9389999999999996
2.7319999999999998
2.9730000000000003
2.403
2.784
2.938
2.888
2.806
2.892
2.694
2.972
2.656
3.0660000000000003
2.94
3.017
2.7489999999999997
2.932
2.86
2.495
2.8689999999999998
2.8089999999999997
2.963
2.929
3.103
2.693
2.411
2.8569999999999998
2.7910000000000004
3.037
2.8160000000000003
2.784
2.7760000000000002
2.9130000000000003
2.634
2.835
2.6430000000000002
2.9389999999999996
2.772
2.76
2.778
2.562
2.611
2.765
2.87
2.616
2.944
2.678
3.022
2.8689999999999998
3.0469999999999997
2.68
2.915
2.5669999999999997
2.693
2.957
2.526
2.767
2.693
2.6860000000000004
2.889
2.906
2.74
2.667
3.0210000000000004
2.8489999999999998
2.8680000000000003
3.003
2.7110000000000003
2.878
2.408
2.907
3.063
2.525
2.708
2.594
2.835
2.7939999999999996
2.986
2.6239999999999997
2.603
2.753
2.7460000000000004
2.8369999999999997
2.634
3.0069999999999997
2.815
2.9789999999999996
2.6710000000000003
2.661
2.872
2.696
2.721
2.815
2.591
2.6630000000000003
2.766
2.846
2.819
2.781
2.8510000000000004
2.741
2.645
2.491
2.9960000000000004
3.14
2.984
2.866
2.937
2.722
2.93
3.127
2.7439999999999998
2.8339999999999996
2.9989999999999997
2.9939999999999998
2.678
2.793
2.7230000000000003
2.497
3.114
2.95
2.8760000000000003
2.843
2.7460000000000004
2.66
2.89
2.9139999999999997
2.76
2.6639999999999997
2.904
3.0610000000000004
2.86
2.865
3.008
3.028
2.862
3.2039999999999997
2.492
2.9410000000000003
2.909
2.909
2.895
2.654
2.8539999999999996
2.8569999999999998
2.7239999999999998
2.86
2.929
2.483
2.589
3.049
2.79
2.8539999999999996
2.875
3.377
2.883
1.709
2.8280000000000003
3.049
2.967
2.714
2.755
2.945
2.681
2.931
2.915
2.929
3.103
2.764
2.937
2.734
2.845
3.015
3.179
3.013
3.702
3.247
3.137
2.085
3.138
2.662
2.6830000000000003
3.153
2.9760000000000004
2.753
2.833
2.912
2.5780000000000003
2.7969999999999997
2.7969999999999997
3.117
2.969
2.483
2.582
2.5860000000000003
3.031
2.87
2.577
3.077
3.2039999999999997
2.6069999999999998
2.7710000000000004
2.8689999999999998
2.926
2.5269999999999997
2.8510000000000004
2.747
2.86
2.738
2.7760000000000002
2.989
2.6039999999999996
2.636
2.8110000000000004
2.781
2.9560000000000004
2.63
2.843
2.802
2.971
2.915
2.787
2.978
2.793
2.84
2.943
2.583
2.51
2.6010000000000004
3.075
2.673
2.72
3.06
2.819
2.555
2.673
3.1719999999999997
2.583
2.457
2.739
2.585
2.8510000000000004
2.972
3.0639999999999996
2.7460000000000004
2.991
2.785
3.003
2.948
3.083
2.9960000000000004
2.6660000000000004
2.6860000000000004
2.7230000000000003
2.702
2.715
2.9330000000000003
2.6189999999999998
2.6910000000000003
2.9330000000000003
2.68
2.583
2.847
2.978
2.705
2.6660000000000004
2.6260000000000003
2.911
3.213
2.559
2.782
2.6889999999999996
2.99
2.542
2.673
2.725
3.109
2.8089999999999997
2.833
2.766
2.87
2.889
2.969
3.0639999999999996
2.625
3.031
2.88
3.173
2.77
2.968
2.633
2.802
2.718
2.758
2.792
2.7030000000000003
2.7319999999999998
2.8739999999999997
2.5
2.8139999999999996
2.847
2.88
2.5540000000000003
2.48
2.9960000000000004
2.676
2.8710000000000004
2.8569999999999998
2.9819999999999998
2.661
3.405
2.793
2.841
3.05
2.633
2.782
3.034
2.8680000000000003
2.785
3.145
2.9139999999999997
2.553
2.522
2.7060000000000004
2.576
2.7060000000000004
3.037
2.7239999999999998
2.752
2.748
3.1039999999999996
2.911
2.63
2.625
2.971
2.986
2.123
3.065
2.932
2.841
2.67
3.1460000000000004
2.592
2.675
2.8339999999999996
3.103
2.764
2.8930000000000002
2.677
2.657
3.055
2.9210000000000003
2.844
2.907
2.8480000000000003
2.7089999999999996
2.824
2.656
2.696
2.85
2.888
2.966
2.522
3.009
2.815
