2.745
2.603
2.672
2.446
2.778
2.8710000000000004
2.765
2.6910000000000003
2.52
2.685
2.459
2.607
2.702
2.563
2.774
2.7710000000000004
2.6710000000000003
2.535
2.812
2.814
2.65
2.613
2.321
2.66
2.609
2.1790000000000003
2.423
2.599
2.7430000000000003
2.825
2.5380000000000003
2.4730000000000003
2.713
2.793
2.656
2.708
2.73
2.399
2.662
2.764
2.7710000000000004
2.849
2.699
2.734
2.754
2.798
2.635
2.599
2.909
2.863
2.697
2.884
2.658
2.782
2.624
2.707
2.678
2.486
2.758
2.232
2.685
2.6180000000000003
2.619
2.602
2.684
2.668
2.738
2.616
2.7110000000000003
2.656
2.399
2.569
2.774
2.994
2.805
2.6910000000000003
3.022
2.607
2.752
2.634
2.611
2.865
2.656
2.753
2.524
2.786
2.649
2.576
2.6460000000000004
2.371
2.752
2.7910000000000004
2.678
2.72
3.048
2.439
2.74
2.593
2.718
2.563
2.523
2.763
2.665
2.728
2.6460000000000004
1.868
2.841
2.624
2.719
2.657
2.548
2.843
2.948
2.59
2.516
2.714
2.826
2.519
2.6210000000000004
2.747
2.7460000000000004
2.777
2.96
2.5540000000000003
2.49
2.645
3.009
2.718
2.704
2.75
2.302
3.002
2.773
2.57
2.44
2.63
2.451
2.406
2.596
3.017
2.7110000000000003
2.837
2.249
2.613
2.497
2.576
2.591
2.724
2.717
2.972
2.73
2.669
2.873
2.759
2.824
2.812
2.636
2.803
2.749
2.6
2.633
2.457
2.782
2.292
2.635
2.812
2.638
2.509
2.739
2.684
2.583
2.537
2.927
2.702
2.585
2.687
2.6260000000000003
2.897
2.779
2.495
2.8680000000000003
2.741
2.398
2.855
2.752
2.757
2.7260000000000004
2.757
2.902
2.648
2.67
2.747
3.016
2.437
2.597
2.669
2.385
2.468
2.702
2.755
2.619
2.842
2.756
2.356
2.752
2.697
2.7960000000000003
2.7310000000000003
2.708
2.7030000000000003
2.7110000000000003
2.442
2.5340000000000003
2.895
3.034
2.512
2.84
2.707
2.656
2.759
2.692
2.634
2.583
2.764
2.62
2.67
2.643
2.625
2.775
2.584
2.51
2.656
2.571
2.641
2.5610000000000004
2.758
2.888
2.7510000000000003
2.722
2.4
2.68
2.945
2.599
2.631
2.557
2.814
2.802
2.727
2.594
2.713
2.649
2.822
2.7110000000000003
2.687
2.594
2.672
2.513
2.092
2.858
2.688
2.406
2.69
2.5340000000000003
2.628
2.674
2.513
2.867
2.709
2.602
2.5
2.406
2.332
2.396
2.623
2.428
2.655
2.719
2.4090000000000003
2.5810000000000004
2.651
2.813
2.861
2.545
2.801
2.6710000000000003
2.583
2.326
2.7910000000000004
2.603
2.599
2.806
2.752
2.766
2.682
2.7230000000000003
2.439
2.849
2.5810000000000004
2.317
2.531
2.722
2.643
2.8510000000000004
2.65
2.719
2.721
2.478
2.573
2.572
2.576
2.7230000000000003
2.898
2.721
2.762
2.684
2.145
2.79
2.7060000000000004
2.659
2.324
3.003
2.62
2.79
2.781
2.801
2.899
2.543
2.436
2.7460000000000004
2.4130000000000003
2.58
2.739
2.701
2.505
2.341
2.9130000000000003
3.0580000000000003
2.877
2.672
2.727
2.937
2.742
2.692
2.971
2.733
2.729
2.624
2.376
2.667
2.627
2.6710000000000003
2.68
2.636
2.718
2.774
2.814
2.729
2.693
2.65
2.656
2.539
2.623
2.502
3.11
2.302
2.594
2.85
2.634
2.779
2.707
2.689
3.177
2.482
2.627
2.73
2.708
2.772
2.641
2.758
2.887
2.783
2.795
2.416
2.757
2.947
2.7910000000000004
2.705
2.565
2.638
2.637
2.762
2.721
2.678
2.755
2.899
2.85
2.798
2.5340000000000003
2.536
2.57
2.556
2.769
2.57
2.637
2.522
2.65
2.824
2.26
2.83
2.952
2.8080000000000003
2.373
2.557
2.432
2.66
2.681
2.526
2.6830000000000003
2.6
2.716
2.928
2.8310000000000004
2.918
2.665
2.752
2.609
2.4930000000000003
2.769
2.6060000000000003
2.964
2.613
2.668
2.403
2.718
2.877
2.655
2.6460000000000004
3.073
2.64
2.585
2.515
2.894
2.861
2.698
2.718
2.715
2.659
2.652
2.395
2.858
2.753
2.6710000000000003
2.841
2.637
2.878
2.651
2.735
2.549
2.738
2.556
2.874
2.732
2.874
2.539
2.528
2.472
2.995
2.794
2.509
2.702
2.776
2.331
2.707
2.829
2.903
2.574
2.766
2.485
2.63
2.439
2.7110000000000003
2.798
2.727
2.855
3.0210000000000004
2.786
2.826
2.48
2.4
2.5860000000000003
2.571
2.567
2.725
2.664
2.7310000000000003
3.053
2.515
2.709
2.906
2.712
3.221
2.7
2.756
2.825
2.7710000000000004
2.469
2.764
2.412
2.556
2.624
2.63
2.612
2.821
2.385
2.721
2.612
2.806
2.361
2.61
3.019
2.625
2.77
2.503
2.7460000000000004
2.873
2.6830000000000003
2.807
2.873
2.329
2.639
2.169
2.778
2.758
2.583
2.6260000000000003
2.472
2.802
2.778
2.615
3.053
2.817
2.526
2.662
2.718
2.515
2.903
2.881
2.729
2.838
2.452
2.708
2.8360000000000003
2.5540000000000003
2.834
2.651
2.677
2.513
2.619
2.644
2.895
2.678
2.6910000000000003
2.669
2.826
2.729
2.767
2.577
2.697
2.8960000000000004
2.511
2.694
2.681
2.62
2.954
2.363
2.593
2.76
2.819
2.344
2.457
2.685
2.847
2.823
2.659
2.49
2.752
2.881
2.441
2.725
2.635
2.804
2.661
2.624
2.494
2.41
2.572
2.577
2.809
2.61
2.6180000000000003
2.874
2.677
2.656
2.588
2.425
2.699
2.713
2.4930000000000003
2.6180000000000003
2.555
2.355
2.692
2.919
2.903
2.4130000000000003
2.655
2.599
2.584
2.741
2.465
2.562
2.932
2.508
2.815
2.512
2.678
2.707
2.891
2.434
2.718
2.764
2.66
2.845
2.396
2.728
2.679
2.564
2.651
2.698
2.849
2.8310000000000004
2.568
2.975
2.766
2.568
2.405
2.403
2.733
2.689
2.714
2.467
2.456
2.715
2.73
2.779
2.416
2.714
2.7310000000000003
2.471
2.78
2.7030000000000003
2.721
2.505
2.694
2.764
2.609
2.764
2.734
3.002
2.6660000000000004
2.624
2.715
2.742
2.693
2.537
2.562
2.609
2.636
2.767
2.657
2.564
2.517
2.77
2.724
2.651
2.873
2.652
2.7310000000000003
2.659
2.676
2.499
2.648
2.477
2.485
2.752
2.734
2.656
2.9
2.98
2.778
2.45
2.8760000000000003
2.464
2.96
2.695
2.651
2.768
2.32
2.55
2.652
2.787
2.713
2.701
2.54
2.63
2.759
2.84
2.48
2.623
2.735
2.995
2.557
2.609
2.864
2.789
2.6630000000000003
2.762
2.599
2.769
2.65
2.497
2.595
2.609
2.518
2.91
2.676
2.502
2.584
2.679
2.8360000000000003
2.6
2.725
2.639
2.645
2.947
2.773
2.812
2.861
2.715
2.623
2.6210000000000004
2.7880000000000003
2.807
2.634
2.882
3.009
2.904
3.064
2.784
2.542
2.605
2.713
2.584
2.5980000000000003
2.097
2.722
2.9130000000000003
2.374
2.681
2.379
2.629
2.814
2.815
2.625
2.584
2.7
2.932
2.611
2.887
2.637
2.282
2.782
2.46
2.667
2.747
3.067
2.91
2.8280000000000003
2.765
2.371
2.281
2.907
2.679
2.6710000000000003
2.693
2.767
2.633
2.813
2.6660000000000004
2.9960000000000004
2.839
2.785
2.422
2.8160000000000003
2.7110000000000003
2.674
2.66
2.637
2.514
2.716
2.69
2.835
2.662
2.757
2.373
2.248
2.827
2.688
2.754
2.518
2.555
3.0410000000000004
2.645
2.551
2.434
2.765
2.798
2.924
2.414
2.541
2.875
2.545
2.909
2.562
2.735
2.614
2.784
2.756
2.713
2.806
2.785
2.655
2.861
2.456
2.613
2.576
2.516
2.572
2.454
2.679
2.735
2.886
2.759
2.242
2.907
2.958
2.396
2.818
2.575
2.709
2.631
2.164
2.629
2.838
2.824
2.532
2.709
2.571
2.854
2.906
2.7910000000000004
2.553
2.893
2.522
2.909
2.244
2.795
2.379
2.783
2.8560000000000003
1.991
2.724
2.728
2.823
2.824
2.307
2.714
2.337
2.68
2.827
2.87
2.7430000000000003
2.739
2.758
3.067
2.872
2.724
2.713
2.594
2.783
2.619
2.747
2.6910000000000003
3.187
2.78
2.494
2.677
2.858
2.6180000000000003
2.676
2.511
2.787
2.75
2.928
2.832
2.81
2.893
2.907
2.544
2.722
2.675
2.907
2.709
2.738
2.49
2.619
2.547
3.0610000000000004
2.4290000000000003
2.491
2.869
2.6460000000000004
2.71
2.88
2.974
2.502
2.338
2.678
2.766
2.502
2.714
3.051
2.366
2.759
2.67
2.7710000000000004
2.735
2.714
2.587
2.987
2.434
2.523
2.693
2.847
2.918
2.454
2.757
2.938
2.687
2.662
2.725
2.5
2.6910000000000003
2.853
2.777
2.567
2.676
2.587
2.753
2.519
2.673
2.744
2.673
2.8480000000000003
2.705
2.9810000000000003
2.705
2.797
2.592
2.7260000000000004
2.587
2.729
2.651
2.476
2.7060000000000004
2.879
2.62
2.693
2.729
2.632
2.774
2.792
2.494
2.753
2.807
3.074
2.65
2.385
2.91
2.763
2.756
2.619
2.682
2.47
2.487
2.943
2.662
2.6660000000000004
2.698
2.83
2.873
2.38
2.648
2.667
2.664
2.777
2.449
2.905
2.48
2.699
2.74
2.821
2.6710000000000003
2.738
2.397
2.794
2.758
2.542
2.721
2.955
2.733
2.829
2.728
2.86
2.661
2.5660000000000003
2.155
2.585
2.797
2.766
2.504
2.6210000000000004
2.543
2.629
2.641
2.475
3.129
2.602
2.526
2.569
2.7710000000000004
2.9530000000000003
2.758
2.885
2.714
2.727
2.63
2.624
2.842
2.7510000000000003
2.886
2.807
2.736
2.697
2.685
2.503
2.714
2.677
2.522
2.8360000000000003
2.72
2.708
2.285
2.5540000000000003
2.6860000000000004
2.6660000000000004
2.667
2.754
2.846
2.467
2.7310000000000003
2.639
2.431
2.887
2.902
2.633
2.835
2.624
2.7880000000000003
2.499
2.445
2.717
2.668
2.511
2.483
2.71
2.803
2.75
2.826
2.715
2.379
2.756
2.717
2.522
2.904
2.669
3.009
2.6260000000000003
2.635
2.47
2.878
2.859
2.522
2.458
2.595
2.814
2.71
2.843
2.749
2.728
2.5
2.802
2.637
2.516
2.632
2.567
2.617
2.664
2.7960000000000003
2.688
2.4
2.8080000000000003
2.65
2.456
2.842
2.717
2.77
2.958
2.707
2.944
2.714
2.785
2.7510000000000003
2.536
2.568
2.639
3.017
2.7710000000000004
2.8360000000000003
2.84
2.729
2.803
2.844
2.659
2.719
2.6010000000000004
2.882
2.749
2.6
2.883
2.6830000000000003
2.903
2.633
2.5780000000000003
2.806
2.679
2.776
2.769
2.395
2.862
2.805
2.559
2.5
2.757
2.792
2.905
2.834
2.7060000000000004
2.636
2.474
2.562
2.978
2.957
2.495
2.6710000000000003
2.6860000000000004
2.611
2.7510000000000003
2.774
2.914
2.846
2.783
2.49
2.84
2.524
2.38
2.461
2.309
2.6210000000000004
2.648
2.814
2.869
2.682
2.676
2.734
2.911
2.482
2.4290000000000003
2.7880000000000003
2.729
2.653
2.806
2.4930000000000003
2.449
2.26
2.5810000000000004
2.434
2.784
2.911
3.045
2.71
2.7460000000000004
2.651
2.758
2.73
2.843
2.593
2.754
2.653
2.823
2.652
2.583
2.509
3.031
3.026
2.638
2.371
2.752
2.698
2.777
2.654
2.568
2.638
2.676
2.675
2.67
2.7460000000000004
2.964
2.724
2.4730000000000003
2.488
2.5810000000000004
2.38
2.611
2.602
2.659
2.524
2.93
2.74
2.226
2.725
2.582
2.704
2.651
2.5
2.639
2.737
2.762
2.6910000000000003
2.988
2.577
2.544
2.817
2.8680000000000003
2.662
2.724
2.6010000000000004
2.62
2.7510000000000003
2.736
2.408
2.978
2.672
2.781
2.5340000000000003
2.892
2.637
2.679
2.8510000000000004
2.419
2.185
2.588
2.654
2.35
2.781
2.797
2.6460000000000004
2.569
2.815
2.818
2.708
2.865
2.5980000000000003
2.589
2.575
2.5340000000000003
2.954
2.714
2.5780000000000003
2.7230000000000003
2.738
2.786
2.675
2.7110000000000003
2.697
2.72
2.907
2.718
2.653
2.9330000000000003
2.943
2.336
2.479
2.35
2.797
2.698
2.792
2.545
2.513
2.649
2.442
2.904
2.292
2.7
2.75
2.814
2.9530000000000003
2.762
2.7230000000000003
2.68
2.614
2.299
2.675
2.642
2.692
2.629
2.907
2.546
2.492
2.769
2.765
2.612
2.719
2.636
2.88
2.864
2.71
2.696
2.885
2.669
2.251
2.665
2.734
2.704
2.518
2.737
2.827
1.394
2.777
2.675
2.545
2.699
2.803
2.549
2.226
2.629
2.807
2.785
2.309
2.844
2.837
2.608
2.402
2.724
2.802
2.702
2.901
2.6830000000000003
2.6830000000000003
2.843
2.79
2.619
2.6830000000000003
2.645
2.725
2.358
2.681
2.712
2.799
2.639
2.526
2.7110000000000003
2.608
2.5540000000000003
2.785
2.488
2.8280000000000003
2.451
2.69
2.525
2.361
2.801
2.699
2.677
2.928
2.674
2.867
2.855
2.787
2.892
2.827
2.695
2.748
2.67
2.448
2.789
2.72
2.786
2.839
2.9
2.757
2.792
2.524
2.7310000000000003
2.576
2.668
2.7430000000000003
2.8960000000000004
2.639
2.441
2.634
2.55
2.472
3.012
2.654
2.625
2.552
2.678
2.652
2.442
2.718
2.366
2.4930000000000003
2.814
2.747
2.869
2.7310000000000003
3.016
2.8510000000000004
2.863
2.609
2.756
2.74
2.749
2.661
2.846
2.5810000000000004
2.635
2.6180000000000003
2.609
2.757
2.738
2.24
2.789
2.748
2.672
2.742
2.853
2.635
2.962
2.874
2.659
2.778
2.553
2.611
2.647
2.5860000000000003
2.867
2.35
2.644
2.555
2.747
2.476
3.079
2.662
2.281
3.003
2.689
2.951
2.757
2.736
2.87
2.681
2.773
2.698
2.511
2.6710000000000003
2.912
2.277
2.729
2.458
2.451
2.81
2.484
2.767
2.677
2.591
2.5540000000000003
2.7030000000000003
2.548
2.651
2.645
2.65
2.564
2.73
2.503
2.624
2.351
2.449
2.804
2.644
2.092
2.614
2.8310000000000004
2.438
2.6830000000000003
2.648
2.615
2.432
2.462
2.636
2.68
2.758
2.866
2.6260000000000003
2.899
2.509
2.43
2.529
2.684
2.491
2.694
2.672
2.735
3.1210000000000004
2.872
2.582
2.708
2.576
2.855
2.4090000000000003
2.823
2.648
2.9160000000000004
2.275
2.583
2.708
2.7710000000000004
2.461
2.844
2.331
2.682
1.83
2.476
2.614
2.682
2.658
2.615
2.829
2.531
2.535
1.374
2.4730000000000003
2.762
2.749
2.42
2.733
2.7460000000000004
2.763
2.388
2.513
2.7710000000000004
2.904
2.531
2.7460000000000004
2.249
2.6060000000000003
2.756
2.9210000000000003
2.702
2.71
2.878
2.718
2.784
2.624
2.897
2.866
2.844
2.817
2.6180000000000003
2.542
2.678
2.71
2.641
2.388
2.795
2.307
2.45
2.319
2.841
2.661
2.645
2.715
2.6
2.5380000000000003
2.548
2.977
2.5540000000000003
2.573
2.644
3.14
2.752
2.923
2.795
2.744
2.667
2.527
2.6060000000000003
2.697
2.9210000000000003
2.679
2.863
2.695
2.705
2.737
2.805
2.662
2.521
2.5810000000000004
2.634
2.637
2.955
2.9930000000000003
2.599
2.408
2.684
2.6260000000000003
2.677
2.662
2.352
2.8760000000000003
2.69
2.541
2.755
2.337
2.567
2.509
2.744
2.7230000000000003
2.877
2.529
2.642
2.679
2.514
2.672
2.994
2.738
2.85
2.485
2.765
2.77
2.277
2.718
2.869
2.635
2.514
2.59
2.637
2.613
2.82
2.6180000000000003
2.656
2.782
2.762
2.872
2.755
2.605
2.662
2.588
2.881
2.552
2.645
2.603
2.736
2.804
2.405
2.7510000000000003
2.883
2.279
2.754
2.364
2.875
2.517
2.321
2.517
2.812
2.6
2.425
2.749
2.559
2.617
2.468
3.033
2.715
2.911
2.8560000000000003
2.931
2.576
2.645
2.668
2.735
2.568
2.6
2.296
2.757
2.6910000000000003
2.42
2.712
2.697
2.899
2.737
2.94
2.46
2.619
2.524
2.85
2.812
2.767
2.568
3.068
2.5660000000000003
2.571
2.516
2.844
2.211
2.7060000000000004
2.762
2.591
2.55
2.468
2.469
2.785
2.47
2.7260000000000004
2.465
2.681
2.165
2.689
2.776
2.749
2.596
2.667
2.516
2.846
2.66
2.619
2.697
2.825
2.699
2.564
2.43
2.9610000000000003
2.733
2.657
2.541
2.7910000000000004
2.754
2.755
2.657
3.027
2.424
3.055
2.698
2.4930000000000003
2.7910000000000004
2.7230000000000003
2.53
2.6830000000000003
2.648
2.6210000000000004
2.636
2.704
2.565
2.679
2.959
2.545
2.88
2.212
2.627
2.964
2.324
2.79
2.382
2.3680000000000003
2.696
2.7260000000000004
2.782
2.725
2.712
2.735
2.551
2.376
2.657
2.31
2.744
2.963
2.369
2.888
2.727
1.608
2.7430000000000003
2.757
3.037
2.6010000000000004
2.753
2.682
2.768
2.9410000000000003
2.532
2.685
2.392
2.744
2.476
2.656
