3.0860000000000003
2.881
2.934
2.783
2.88
2.959
2.96
2.76
3.198
3.084
2.716
2.79
3.178
2.696
3.179
3.13
3.145
2.81
3.029
3.049
3.133
3.043
3.169
3.07
3.196
2.57
2.844
3.322
3.258
3.128
3.007
2.875
2.9
2.943
2.861
2.794
2.861
2.898
2.994
3.123
2.951
3.245
3.139
3.235
3.08
3.449
2.854
2.907
3.189
3.055
2.853
2.749
3.179
2.952
2.952
3.03
2.965
3.133
3.053
3.0780000000000003
2.761
3.102
2.517
2.798
3.144
3.076
3.0810000000000004
2.972
3.06
3.09
2.735
2.962
3.158
3.302
3.092
3.195
3.23
3.177
3.045
3.4610000000000003
2.753
2.906
3.327
2.787
3.2710000000000004
2.985
2.825
2.77
2.995
2.949
3.075
3.145
3.247
2.937
3.022
3.352
3.1710000000000003
3.09
3.008
3.0460000000000003
3.073
3.327
2.77
2.812
3.159
2.349
2.908
3.002
3.019
2.8280000000000003
2.862
3.202
2.939
3.367
2.383
3.01
2.724
2.835
3.219
3.252
3.152
3.057
3.407
2.8360000000000003
2.932
2.787
3.196
2.803
2.83
3.152
3.062
3.394
3.088
3.124
2.867
2.8
3.3360000000000003
2.974
2.945
3.3280000000000003
2.972
3.253
2.9810000000000003
2.818
2.951
2.901
2.7880000000000003
3.015
3.049
3.069
3.09
3.156
3.0610000000000004
2.929
3.18
3.19
3.059
3.199
3.151
3.119
3.042
3.247
3.049
3.312
3.079
3.003
2.949
3.063
3.128
3.074
3.099
3.085
3.415
2.882
3.018
3.159
2.925
3.244
3.2060000000000004
2.986
3.05
3.047
2.804
3.052
3.096
2.9560000000000004
3.032
3.11
3.482
3.32
3.362
3.252
3.397
2.992
2.71
3.03
3.082
3.252
3.157
3.138
3.009
3.399
3.047
2.9410000000000003
3.164
3.1
2.7430000000000003
2.984
2.944
2.9530000000000003
2.919
3.464
2.966
3.175
3.0410000000000004
3.175
3.08
2.955
2.912
3.0580000000000003
2.83
3.05
2.957
3.3310000000000004
3.0660000000000003
3.4210000000000003
3.1830000000000003
3.062
3.2230000000000003
2.957
2.968
2.991
3.062
2.93
2.914
3.128
3.124
3.127
3.135
3.033
3.194
3.108
2.969
2.968
3.1060000000000003
3.051
2.872
3.085
3.254
3.3080000000000003
2.959
2.925
3.312
2.989
2.885
3.0
3.389
2.5780000000000003
2.905
2.907
2.959
3.062
3.083
2.67
2.888
2.906
3.004
2.9560000000000004
3.099
2.682
3.25
3.074
2.909
3.0460000000000003
2.968
3.12
3.095
2.795
3.076
3.122
3.346
3.137
2.958
3.256
3.15
3.1910000000000003
2.674
2.968
3.043
3.2060000000000004
2.886
3.029
2.9130000000000003
3.027
3.124
2.612
2.855
3.201
3.034
2.93
3.0
3.009
3.346
3.199
3.057
3.244
2.9130000000000003
3.089
3.057
3.009
2.987
3.044
2.96
3.148
2.694
2.7260000000000004
2.9
3.0980000000000003
3.028
3.05
3.434
3.237
3.392
3.062
2.738
2.928
3.0410000000000004
2.858
2.855
3.0010000000000003
3.063
3.2310000000000003
2.89
2.557
3.065
3.275
3.272
2.977
2.967
3.108
3.0660000000000003
2.985
3.0010000000000003
2.947
3.17
3.363
2.937
3.073
2.907
2.564
2.931
3.156
2.91
3.088
3.089
3.076
3.367
2.97
2.531
2.9810000000000003
2.887
3.139
3.11
3.691
3.062
3.1710000000000003
3.18
2.872
3.131
3.026
3.032
2.987
2.824
2.754
2.9730000000000003
3.017
3.052
2.643
2.982
2.8280000000000003
2.887
3.222
2.94
2.977
3.207
3.202
2.9160000000000004
2.824
3.12
3.107
2.988
3.0610000000000004
3.315
2.872
3.268
3.19
3.2460000000000004
3.084
2.977
3.0780000000000003
3.108
2.888
2.8760000000000003
2.958
2.783
2.877
3.177
3.122
3.221
2.968
3.09
3.045
3.181
3.196
2.8560000000000003
3.2110000000000003
3.025
3.042
3.404
2.8760000000000003
3.199
3.321
3.034
2.905
3.095
2.724
2.857
3.427
3.173
3.0810000000000004
3.306
3.0410000000000004
3.01
3.113
3.09
3.462
3.188
3.562
3.049
2.928
3.0860000000000003
2.994
2.782
2.83
3.077
3.24
3.016
2.958
2.755
3.135
2.744
3.07
2.755
3.239
3.004
2.9530000000000003
3.122
3.012
2.988
3.123
2.977
3.412
3.156
3.009
3.088
3.344
3.3110000000000004
3.386
3.268
3.134
2.94
3.04
3.051
2.837
3.256
3.023
3.028
3.108
3.032
2.899
3.057
3.013
3.0210000000000004
3.184
3.239
2.939
2.865
2.5660000000000003
3.033
3.245
2.897
3.004
3.062
3.013
3.158
3.3710000000000004
3.111
2.844
2.9960000000000004
3.012
3.144
3.034
3.054
2.859
3.088
2.754
3.035
2.827
3.194
2.978
3.135
2.736
2.891
2.963
3.039
2.98
3.0810000000000004
3.09
3.116
2.945
2.975
3.127
2.939
3.008
3.214
3.164
3.042
2.931
3.148
3.122
2.744
3.083
3.323
2.877
3.397
2.825
3.192
2.997
3.235
2.966
2.977
2.934
3.063
3.227
3.104
3.513
3.423
2.838
3.119
3.263
2.93
3.004
2.7230000000000003
3.145
3.049
3.072
2.875
3.147
2.91
2.978
3.225
3.3110000000000004
2.897
3.0010000000000003
2.672
3.067
3.011
2.972
3.135
2.815
2.891
3.0780000000000003
2.803
3.117
2.942
2.826
2.847
3.035
2.854
2.893
3.1910000000000003
2.9330000000000003
3.249
3.105
3.009
3.114
3.309
2.968
3.161
3.073
2.9530000000000003
2.903
2.739
2.426
2.698
2.995
3.094
3.176
3.386
2.8760000000000003
3.37
2.693
3.005
3.132
2.7310000000000003
3.01
3.065
2.7030000000000003
2.8760000000000003
2.982
2.653
2.905
3.2
3.0860000000000003
2.789
3.272
2.8960000000000004
2.83
2.968
3.018
3.148
3.255
2.864
3.373
2.968
2.931
2.8710000000000004
3.035
2.986
3.099
2.985
3.014
3.013
3.028
3.043
2.929
2.8080000000000003
2.773
3.467
3.258
3.0010000000000003
3.276
3.174
3.031
2.912
3.181
3.225
2.991
3.212
2.989
3.26
3.29
3.0780000000000003
3.049
3.049
3.1210000000000004
3.151
3.202
3.022
2.734
2.9760000000000004
3.011
2.8680000000000003
2.96
3.343
2.918
2.954
3.1260000000000003
3.3560000000000003
2.9760000000000004
3.035
3.179
2.958
3.131
2.886
2.834
3.33
2.7710000000000004
3.123
3.071
3.102
2.842
3.074
2.951
3.115
3.339
3.309
3.0810000000000004
2.679
2.96
2.645
3.075
2.887
2.834
2.874
3.135
2.938
2.954
3.028
3.268
3.039
3.115
3.346
3.2960000000000003
3.133
3.089
3.2960000000000003
2.942
2.909
3.239
3.123
3.222
2.817
3.454
3.037
2.9610000000000003
3.229
3.4410000000000003
2.865
2.975
3.3510000000000004
2.885
3.089
3.199
3.089
3.0460000000000003
2.98
2.838
3.094
2.963
2.909
2.911
3.059
3.176
2.945
2.985
3.084
2.827
2.952
2.875
2.637
2.617
2.924
3.039
3.147
3.1060000000000003
3.064
3.077
3.045
2.833
2.975
3.312
3.035
3.108
3.036
2.89
3.199
3.207
3.144
3.087
2.697
2.983
2.999
2.98
3.164
3.063
3.169
2.869
2.905
3.06
3.125
3.3360000000000003
2.978
2.693
2.859
3.085
2.9330000000000003
2.864
3.094
3.051
2.562
3.006
3.302
3.02
3.24
3.014
3.285
3.089
2.819
2.838
3.064
3.241
2.8710000000000004
2.997
2.918
3.4610000000000003
2.8480000000000003
3.1710000000000003
2.947
3.238
2.8960000000000004
3.031
2.972
3.214
2.74
2.983
2.966
2.925
2.846
3.149
3.319
3.337
3.079
2.95
2.932
2.337
3.534
3.073
3.142
3.154
3.3
3.199
2.845
3.1630000000000003
3.043
2.919
3.254
2.632
2.77
3.015
3.029
3.103
3.298
3.148
3.053
2.919
2.932
3.2710000000000004
3.092
2.937
2.814
3.462
3.016
3.1260000000000003
3.055
3.094
3.089
3.039
3.437
2.777
3.292
2.937
3.122
3.074
3.155
3.419
3.0010000000000003
3.15
2.943
2.917
3.181
2.861
2.974
2.9410000000000003
3.232
2.992
2.986
2.911
3.132
3.068
2.935
3.006
3.1210000000000004
2.7430000000000003
3.093
3.139
3.002
3.353
2.733
2.768
3.187
2.75
3.175
2.823
3.154
2.584
3.254
2.104
2.781
2.997
2.925
3.353
3.009
3.415
3.435
3.055
3.0810000000000004
3.094
2.592
3.02
3.222
3.0210000000000004
2.968
3.369
3.097
2.898
3.268
2.881
3.1260000000000003
3.276
3.109
3.062
2.873
3.258
3.113
2.964
3.011
2.854
3.002
2.752
3.096
3.259
2.863
3.031
3.168
3.097
2.918
2.817
3.175
3.16
3.076
3.0410000000000004
3.123
3.003
3.423
3.099
3.209
2.9810000000000003
3.043
3.4210000000000003
3.212
3.4530000000000003
3.0580000000000003
2.972
2.717
3.2910000000000004
3.355
3.19
3.353
3.064
3.096
3.048
3.309
3.077
3.309
3.228
2.944
3.107
2.886
2.94
3.069
3.2110000000000003
3.197
3.199
2.858
2.874
3.112
3.103
3.004
3.002
3.073
3.175
2.77
3.2260000000000004
3.2060000000000004
3.142
3.233
3.1830000000000003
3.107
2.899
3.0410000000000004
3.004
2.932
2.975
2.889
2.952
2.716
2.98
2.689
2.947
3.218
3.008
3.177
3.172
3.02
3.06
3.05
3.005
3.294
3.094
2.8360000000000003
3.026
3.116
2.968
2.874
3.1830000000000003
3.1060000000000003
2.843
3.037
3.479
3.3360000000000003
2.61
3.03
2.952
2.9730000000000003
3.0010000000000003
2.965
3.162
2.945
2.96
2.752
2.991
3.345
3.269
2.938
2.955
3.244
3.088
2.9930000000000003
3.161
3.292
3.31
2.994
2.979
3.0
2.9810000000000003
2.977
3.192
3.15
2.859
2.94
2.959
2.95
2.938
2.959
3.277
3.195
3.085
2.95
3.0010000000000003
3.064
2.65
3.514
3.148
3.252
2.969
3.217
2.994
3.1860000000000004
3.253
3.077
3.085
3.137
3.2
2.761
3.034
2.998
3.252
2.777
3.2960000000000003
3.075
2.894
2.835
3.28
2.965
3.09
3.123
3.247
3.008
3.115
3.208
3.355
3.103
3.036
3.096
2.668
2.928
3.129
2.917
2.602
2.954
3.177
2.95
3.109
2.96
3.053
3.1060000000000003
2.858
2.971
3.202
3.353
3.091
3.105
2.792
3.218
2.987
3.221
2.904
2.869
3.019
3.074
3.033
3.006
3.449
3.149
3.217
3.044
3.052
2.89
3.057
3.122
3.08
3.39
2.955
3.127
2.925
3.0860000000000003
3.152
2.965
3.31
3.3310000000000004
2.915
3.0
2.8560000000000003
3.426
3.006
2.987
3.266
3.052
3.057
3.2460000000000004
3.247
2.9530000000000003
3.111
2.989
3.06
3.168
3.294
2.964
3.275
3.282
3.1010000000000004
3.259
3.0980000000000003
3.006
3.112
3.3
2.901
3.176
2.944
3.244
3.11
3.304
3.068
2.9560000000000004
2.883
3.15
3.18
2.997
3.208
2.947
3.217
3.196
3.418
3.043
3.039
3.007
3.0380000000000003
2.804
3.012
2.844
2.786
3.219
2.84
3.2230000000000003
3.083
2.838
2.863
2.898
3.278
2.768
3.03
2.938
3.164
2.9
2.945
3.299
2.835
2.92
3.068
3.094
3.158
2.925
3.1860000000000004
3.049
3.04
3.329
3.175
3.283
3.173
3.0610000000000004
3.045
2.798
2.928
3.008
3.054
3.096
3.297
3.112
3.131
3.047
3.138
3.002
3.108
2.872
2.965
2.901
2.505
3.022
3.051
3.076
2.964
2.883
3.54
2.925
2.98
3.154
2.9360000000000004
3.179
3.137
2.804
2.904
3.071
3.027
3.28
3.08
2.9960000000000004
3.091
2.817
3.029
3.227
3.024
2.865
3.075
3.178
3.2110000000000003
3.2710000000000004
3.104
3.033
3.0010000000000003
3.2430000000000003
2.948
3.2230000000000003
2.934
2.764
2.994
3.0660000000000003
3.049
3.263
3.567
3.087
2.895
3.175
3.117
3.003
2.998
2.821
3.117
3.293
3.029
3.007
3.213
3.148
3.168
3.029
3.009
3.34
2.937
3.295
2.865
3.199
3.304
2.883
2.841
3.02
3.082
3.073
3.425
3.438
3.11
3.084
2.935
2.783
2.776
3.165
3.167
3.157
3.067
2.963
3.232
3.0380000000000003
3.092
3.167
3.107
3.2430000000000003
3.097
3.062
2.8760000000000003
3.062
3.149
3.22
3.162
3.109
3.053
3.015
2.858
3.143
2.8080000000000003
3.03
3.03
3.006
3.3310000000000004
2.732
3.142
3.477
3.102
3.309
3.127
2.968
3.278
2.884
3.04
2.998
2.9610000000000003
3.22
3.202
3.322
3.264
2.78
2.9730000000000003
3.1710000000000003
2.947
2.8480000000000003
3.099
2.901
3.213
2.983
3.17
3.333
2.925
3.035
3.017
2.9560000000000004
3.179
3.3480000000000003
2.801
3.02
1.802
3.1830000000000003
2.9160000000000004
3.087
2.779
3.095
3.239
3.057
3.067
3.094
3.016
2.965
3.076
3.17
3.238
2.613
2.632
2.926
3.075
3.268
2.847
3.415
3.207
2.977
2.843
3.149
2.839
2.9930000000000003
3.27
3.3960000000000004
2.924
3.136
3.1060000000000003
2.838
2.974
3.27
3.119
2.769
3.0610000000000004
2.8160000000000003
2.966
2.9960000000000004
2.962
3.09
3.2
3.064
3.114
3.177
3.17
3.5210000000000004
3.04
3.024
2.9960000000000004
2.928
3.149
2.9560000000000004
3.169
3.249
3.175
3.032
3.029
3.269
3.071
3.104
3.128
3.2960000000000003
2.8510000000000004
3.116
3.0810000000000004
3.197
3.24
2.7310000000000003
3.261
2.872
3.26
2.775
3.184
2.939
3.065
3.06
3.287
3.239
3.1710000000000003
2.6260000000000003
3.011
2.9560000000000004
3.13
2.9810000000000003
2.929
3.008
3.285
3.147
3.18
2.825
2.9530000000000003
3.272
3.381
3.0860000000000003
3.002
2.75
2.839
2.9810000000000003
3.055
2.904
3.068
3.074
3.178
2.994
3.205
3.0580000000000003
2.954
3.022
2.905
3.122
2.825
3.0010000000000003
2.745
3.199
2.9410000000000003
2.9530000000000003
3.139
2.931
2.922
3.063
3.484
2.958
3.467
2.853
3.014
3.274
2.721
2.9730000000000003
3.23
3.218
3.208
3.071
2.88
2.819
3.047
2.983
3.516
3.143
3.198
2.8960000000000004
2.667
2.924
3.017
3.248
3.108
2.95
3.123
2.853
2.812
2.949
2.86
2.864
3.005
3.01
2.957
2.944
2.591
3.189
2.901
2.9930000000000003
2.5780000000000003
2.8160000000000003
3.259
3.0210000000000004
2.927
3.017
3.445
3.043
2.7880000000000003
2.994
2.948
3.14
3.564
3.1260000000000003
3.216
3.123
2.813
2.843
2.784
3.029
3.089
3.27
3.068
3.367
3.3360000000000003
2.964
3.19
3.0
2.907
2.834
3.006
3.0460000000000003
3.386
2.51
2.846
2.757
3.136
3.224
2.849
3.109
3.019
3.013
2.8960000000000004
2.951
3.1180000000000003
3.01
3.0580000000000003
2.974
2.968
2.705
1.633
3.138
3.309
3.304
2.975
3.074
3.059
2.928
3.199
2.593
3.29
3.397
3.143
3.097
3.135
3.11
3.091
3.238
3.088
2.823
3.04
3.1860000000000004
2.965
3.109
3.198
2.873
3.174
2.96
3.114
2.882
3.053
2.991
3.056
3.199
2.917
3.068
2.837
2.772
3.007
3.054
2.98
3.08
3.089
2.7910000000000004
2.942
3.09
2.926
3.006
3.388
3.465
3.1860000000000004
3.215
3.115
2.869
3.184
3.29
3.187
2.974
2.971
3.031
3.32
3.184
3.154
3.097
3.14
2.9530000000000003
3.1180000000000003
3.085
3.188
2.917
3.039
2.971
3.014
2.859
2.962
3.035
2.832
3.054
2.95
3.116
2.84
3.1180000000000003
2.957
2.645
3.0460000000000003
3.257
3.268
2.7710000000000004
2.781
3.1860000000000004
2.891
3.117
3.09
3.181
3.3310000000000004
3.334
2.974
3.09
3.055
3.281
3.143
3.092
3.167
3.025
2.881
3.108
2.752
2.9530000000000003
2.952
2.949
3.128
3.216
2.968
3.205
3.123
3.059
2.518
2.975
3.059
3.12
2.932
2.984
3.065
3.394
2.858
3.2110000000000003
2.8560000000000003
2.535
2.814
2.654
3.033
2.776
2.989
3.003
3.04
2.822
2.999
3.085
3.026
2.8680000000000003
2.927
3.387
3.149
3.178
3.282
2.739
2.749
2.931
2.989
3.007
3.057
3.153
3.033
2.657
3.197
2.925
3.114
2.9210000000000003
2.948
2.977
3.259
2.907
3.075
2.986
3.26
3.007
3.107
2.872
2.994
2.795
2.888
2.8560000000000003
3.065
3.139
2.903
2.781
2.878
3.14
3.079
2.923
3.125
3.125
2.999
2.795
2.833
2.548
3.192
3.16
2.947
2.844
2.928
2.926
3.286
3.023
3.194
3.03
2.8360000000000003
2.899
3.274
2.903
3.337
2.95
3.006
2.287
2.819
3.103
2.817
2.74
3.5210000000000004
3.402
3.237
2.99
3.077
3.0980000000000003
2.889
2.841
3.056
2.799
2.995
3.089
3.063
2.9610000000000003
2.908
3.113
3.0380000000000003
3.007
2.752
3.321
3.1210000000000004
3.167
2.62
3.043
2.93
3.198
3.051
2.9960000000000004
3.023
3.095
3.2
2.701
2.644
2.8280000000000003
3.2430000000000003
3.196
3.305
3.039
3.161
3.0580000000000003
1.597
3.0
3.249
3.313
3.265
3.031
3.008
3.181
3.045
2.88
3.375
2.6460000000000004
3.108
2.694
3.015
