2.97
3.015
3.011
2.969
3.304
2.9739999999999998
3.034
1.973
3.073
3.325
2.861
2.675
3.1889999999999996
3.016
3.137
3.1310000000000002
3.033
3.122
3.13
2.787
2.725
2.6719999999999997
3.0469999999999997
2.778
3.142
3.139
2.9130000000000003
3.054
3.305
3.0060000000000002
3.07
3.053
2.977
3.049
2.889
2.8360000000000003
2.928
2.8539999999999996
3.115
2.861
2.9
2.958
2.775
3.1060000000000003
3.377
3.2439999999999998
3.2239999999999998
3.214
3.1660000000000004
3.1510000000000002
2.965
3.097
3.181
3.065
3.088
3.048
3.2110000000000003
2.792
3.0039999999999996
3.0610000000000004
3.111
3.148
2.7510000000000003
3.295
3.533
2.61
2.825
3.2319999999999998
3.227
3.005
2.8760000000000003
2.9989999999999997
3.077
3.048
3.082
3.15
3.11
3.06
3.0410000000000004
3.0810000000000004
3.043
3.043
2.7889999999999997
3.325
2.9739999999999998
3.085
3.0669999999999997
2.8310000000000004
2.9139999999999997
2.885
3.21
3.0789999999999997
2.9960000000000004
3.0
3.117
3.1910000000000003
2.74
3.341
3.016
3.451
2.915
3.16
3.283
2.88
2.847
3.273
2.931
3.02
2.8710000000000004
3.279
3.1210000000000004
3.3710000000000004
3.1180000000000003
3.057
2.878
2.966
2.9219999999999997
2.86
2.9760000000000004
3.3569999999999998
3.517
2.7760000000000002
2.804
2.977
2.81
3.1289999999999996
2.95
3.062
2.839
3.1639999999999997
2.861
2.992
3.301
3.134
3.0439999999999996
3.0389999999999997
2.9360000000000004
3.002
2.9330000000000003
2.775
3.072
3.3310000000000004
2.873
3.036
2.928
2.997
3.122
3.063
3.1860000000000004
2.803
3.222
3.2119999999999997
2.92
2.992
3.318
3.076
2.8960000000000004
3.0869999999999997
3.06
2.948
3.123
3.1889999999999996
3.378
3.147
3.1060000000000003
2.9789999999999996
2.972
3.222
3.194
2.9939999999999998
3.167
2.925
2.88
3.161
2.8739999999999997
3.216
3.1
2.883
3.16
3.0060000000000002
3.0460000000000003
2.966
2.88
2.984
2.968
2.987
3.008
3.196
3.108
3.04
2.925
3.0810000000000004
3.073
3.195
3.013
3.1910000000000003
3.247
3.0860000000000003
2.9619999999999997
2.7880000000000003
3.134
3.127
2.89
3.0180000000000002
2.991
3.028
2.9960000000000004
3.083
3.0
3.234
3.0839999999999996
3.1489999999999996
2.7239999999999998
3.1430000000000002
3.015
2.948
3.0580000000000003
2.9930000000000003
3.063
2.877
2.9789999999999996
2.907
3.187
3.012
3.157
2.985
3.0010000000000003
3.198
3.0
3.464
3.431
2.991
2.8310000000000004
3.528
3.048
3.108
3.128
3.012
2.967
3.195
3.108
2.609
2.903
2.925
3.115
3.25
2.8569999999999998
2.965
2.935
3.161
2.7739999999999996
3.283
3.0989999999999998
2.9419999999999997
2.79
3.295
3.278
2.898
3.0789999999999997
3.0189999999999997
2.7960000000000003
2.764
3.1489999999999996
3.287
3.111
3.008
3.0839999999999996
3.103
3.06
2.95
3.12
3.4160000000000004
3.272
3.3739999999999997
3.1919999999999997
2.734
3.326
2.918
3.053
3.0810000000000004
3.112
3.03
2.912
3.2689999999999997
2.93
2.863
2.917
3.1460000000000004
3.12
2.92
2.905
3.227
2.552
3.0589999999999997
3.17
3.1719999999999997
3.41
3.56
2.991
3.109
3.466
3.016
2.605
3.135
2.945
3.148
3.182
3.188
2.931
2.909
3.008
2.989
3.0580000000000003
2.714
3.13
3.032
3.1839999999999997
3.031
2.844
3.411
2.9939999999999998
3.17
3.247
2.725
2.825
3.522
3.1430000000000002
2.8169999999999997
2.995
2.9989999999999997
2.688
2.892
2.972
3.465
2.9819999999999998
2.7310000000000003
3.095
3.02
3.057
3.1260000000000003
3.3339999999999996
2.949
2.3609999999999998
3.122
3.196
2.8689999999999998
3.2680000000000002
3.055
2.9210000000000003
3.1239999999999997
3.0239999999999996
3.2230000000000003
3.1180000000000003
3.2569999999999997
2.7680000000000002
2.904
3.12
3.2680000000000002
2.763
3.036
3.218
2.88
3.1460000000000004
3.1239999999999997
3.065
3.12
2.862
2.9589999999999996
2.862
3.2539999999999996
2.8689999999999998
2.955
3.008
3.236
3.032
2.842
2.71
2.9760000000000004
2.5980000000000003
3.3939999999999997
2.977
3.0669999999999997
3.1719999999999997
3.049
3.262
3.051
3.199
2.885
2.986
3.002
3.115
2.9010000000000002
2.97
3.242
2.898
2.7319999999999998
3.074
3.127
3.093
2.766
3.0060000000000002
3.0669999999999997
3.261
2.9419999999999997
3.0869999999999997
3.0069999999999997
2.9360000000000004
3.295
3.0869999999999997
2.9789999999999996
3.137
2.9360000000000004
3.0239999999999996
3.137
3.072
3.085
3.1689999999999996
3.0669999999999997
3.0210000000000004
2.989
2.7710000000000004
2.9360000000000004
3.062
3.34
3.076
2.908
2.855
3.325
3.2
2.952
3.105
3.108
3.1039999999999996
2.668
3.116
3.114
3.162
3.2239999999999998
3.395
3.1189999999999998
3.045
3.215
3.248
3.063
2.99
3.03
2.86
3.197
3.377
3.1489999999999996
2.8339999999999996
2.9160000000000004
2.8310000000000004
2.7
2.971
2.842
2.944
3.116
2.9960000000000004
2.9419999999999997
2.987
2.972
