2.97
3.015
3.011
2.969
3.304
2.974
3.034
1.973
3.073
3.325
2.861
2.675
3.189
3.016
3.137
3.131
3.033
3.122
3.13
2.787
2.725
2.672
3.047
2.778
3.142
3.139
2.9130000000000003
3.054
3.305
3.006
3.07
3.053
2.977
3.049
2.889
2.8360000000000003
2.928
2.854
3.115
2.861
2.9
2.958
2.775
3.1060000000000003
3.377
3.244
3.224
3.214
3.1660000000000004
3.151
2.965
3.097
3.181
3.065
3.088
3.048
3.2110000000000003
2.792
3.004
3.0610000000000004
3.111
3.148
2.7510000000000003
3.295
3.533
2.61
2.825
3.232
3.227
3.005
2.8760000000000003
2.999
3.077
3.048
3.082
3.15
3.11
3.06
3.0410000000000004
3.0810000000000004
3.043
3.043
2.789
3.325
2.974
3.085
3.067
2.8310000000000004
2.914
2.885
3.21
3.079
2.9960000000000004
3.0
3.117
3.1910000000000003
2.74
3.341
3.016
3.451
2.915
3.16
3.283
2.88
2.847
3.273
2.931
3.02
2.8710000000000004
3.279
3.1210000000000004
3.3710000000000004
3.1180000000000003
3.057
2.878
2.966
2.922
2.86
2.9760000000000004
3.357
3.517
2.776
2.804
2.977
2.81
3.129
2.95
3.062
2.839
3.164
2.861
2.992
3.301
3.134
3.044
3.039
2.9360000000000004
3.002
2.9330000000000003
2.775
3.072
3.3310000000000004
2.873
3.036
2.928
2.997
3.122
3.063
3.1860000000000004
2.803
3.222
3.212
2.92
2.992
3.318
3.076
2.8960000000000004
3.087
3.06
2.948
3.123
3.189
3.378
3.147
3.1060000000000003
2.979
2.972
3.222
3.194
2.994
3.167
2.925
2.88
3.161
2.874
3.216
3.1
2.883
3.16
3.006
3.0460000000000003
2.966
2.88
2.984
2.968
2.987
3.008
3.196
3.108
3.04
2.925
3.0810000000000004
3.073
3.195
3.013
3.1910000000000003
3.247
3.0860000000000003
2.962
2.7880000000000003
3.134
3.127
2.89
3.018
2.991
3.028
2.9960000000000004
3.083
3.0
3.234
3.084
3.149
2.724
3.143
3.015
2.948
3.0580000000000003
2.9930000000000003
3.063
2.877
2.979
2.907
3.187
3.012
3.157
2.985
3.0010000000000003
3.198
3.0
3.464
3.431
2.991
2.8310000000000004
3.528
3.048
3.108
3.128
3.012
2.967
3.195
3.108
2.609
2.903
2.925
3.115
3.25
2.857
2.965
2.935
3.161
2.774
3.283
3.099
2.942
2.79
3.295
3.278
2.898
3.079
3.019
2.7960000000000003
2.764
3.149
3.287
3.111
3.008
3.084
3.103
3.06
2.95
3.12
3.4160000000000004
3.272
3.374
3.192
2.734
3.326
2.918
3.053
3.0810000000000004
3.112
3.03
2.912
3.269
2.93
2.863
2.917
3.1460000000000004
3.12
2.92
2.905
3.227
2.552
3.059
3.17
3.172
3.41
3.56
2.991
3.109
3.466
3.016
2.605
3.135
2.945
3.148
3.182
3.188
2.931
2.909
3.008
2.989
3.0580000000000003
2.714
3.13
3.032
3.184
3.031
2.844
3.411
2.994
3.17
3.247
2.725
2.825
3.522
3.143
2.817
2.995
2.999
2.688
2.892
2.972
3.465
2.982
2.7310000000000003
3.095
3.02
3.057
3.1260000000000003
3.334
2.949
2.361
3.122
3.196
2.869
3.268
3.055
2.9210000000000003
3.124
3.024
3.2230000000000003
3.1180000000000003
3.257
2.768
2.904
3.12
3.268
2.763
3.036
3.218
2.88
3.1460000000000004
3.124
3.065
3.12
2.862
2.959
2.862
3.254
2.869
2.955
3.008
3.236
3.032
2.842
2.71
2.9760000000000004
2.5980000000000003
3.394
2.977
3.067
3.172
3.049
3.262
3.051
3.199
2.885
2.986
3.002
3.115
2.901
2.97
3.242
2.898
2.732
3.074
3.127
3.093
2.766
3.006
3.067
3.261
2.942
3.087
3.007
2.9360000000000004
3.295
3.087
2.979
3.137
2.9360000000000004
3.024
3.137
3.072
3.085
3.169
3.067
3.0210000000000004
2.989
2.7710000000000004
2.9360000000000004
3.062
3.34
3.076
2.908
2.855
3.325
3.2
2.952
3.105
3.108
3.104
2.668
3.116
3.114
3.162
3.224
3.395
3.119
3.045
3.215
3.248
3.063
2.99
3.03
2.86
3.197
3.377
3.149
2.834
2.9160000000000004
2.8310000000000004
2.7
2.971
2.842
2.944
3.116
2.9960000000000004
2.942
2.987
2.972
