2.612
2.322
2.404
2.462
2.317
2.641
2.615
2.4730000000000003
2.488
2.5660000000000003
2.241
2.443
2.51
2.396
2.472
2.555
2.55
2.31
2.678
2.569
2.445
2.467
2.518
2.447
2.474
2.05
2.318
2.625
2.564
2.722
2.485
2.363
2.444
2.57
2.488
2.608
2.381
2.199
2.588
2.649
2.614
2.73
2.401
2.435
2.7960000000000003
2.4730000000000003
2.583
2.466
2.7460000000000004
2.47
2.701
2.7960000000000003
2.482
2.582
2.451
2.5340000000000003
2.465
2.379
2.617
2.219
2.347
2.524
2.431
2.337
2.528
2.397
2.57
2.327
2.545
2.568
2.266
2.406
2.5780000000000003
2.685
2.613
2.587
2.785
2.394
2.565
2.694
2.416
2.6060000000000003
2.592
2.7030000000000003
2.632
2.498
2.533
2.521
2.49
2.439
2.54
2.442
2.67
2.274
2.639
2.322
2.614
2.537
2.398
2.392
2.516
2.651
2.588
2.572
2.489
2.104
2.727
2.539
2.59
2.406
2.521
2.631
2.631
2.6460000000000004
2.3480000000000003
2.47
2.65
2.248
2.42
2.5
2.609
2.624
2.801
2.366
2.393
2.46
2.715
2.4290000000000003
2.474
2.679
2.38
2.807
2.556
2.582
2.379
2.407
2.5610000000000004
2.327
2.4730000000000003
2.728
2.602
2.4930000000000003
2.338
2.436
2.321
2.4290000000000003
2.441
2.448
2.64
2.56
2.673
2.444
2.719
2.676
2.4930000000000003
2.544
2.582
2.609
2.492
2.3480000000000003
2.574
2.494
2.531
2.2880000000000003
2.451
2.549
2.3280000000000003
2.523
2.629
2.431
2.283
2.408
2.688
2.608
2.491
2.518
2.432
2.583
2.454
2.214
2.624
2.656
2.48
2.58
2.536
2.529
2.499
2.469
2.747
2.632
2.542
2.5
2.91
2.396
2.337
2.46
2.628
2.6010000000000004
2.5810000000000004
2.502
2.509
2.804
2.5610000000000004
2.395
2.643
2.5540000000000003
2.658
2.562
2.395
2.657
2.402
2.403
2.3080000000000003
2.614
2.855
2.478
2.593
2.529
2.482
2.548
2.476
2.442
2.628
2.519
2.502
2.589
2.572
2.496
2.451
2.544
2.361
2.432
2.457
2.456
2.486
2.583
2.692
2.676
2.717
2.562
2.625
2.56
2.431
2.509
2.506
2.612
2.529
2.477
2.622
2.589
2.523
2.679
2.546
2.543
2.513
2.567
2.486
2.319
2.715
2.597
2.431
2.4
2.497
2.418
2.446
2.417
2.614
2.495
2.416
2.161
2.416
2.344
2.299
2.591
2.564
2.5860000000000003
2.447
2.27
2.295
2.466
2.649
2.645
2.432
2.552
2.507
2.559
2.391
2.5340000000000003
2.391
2.511
2.51
2.525
2.478
2.498
2.548
2.277
2.63
2.393
2.609
2.371
2.517
2.537
2.756
2.474
2.585
2.471
2.31
2.542
2.485
2.3080000000000003
2.462
2.718
2.434
2.6830000000000003
2.397
2.237
2.471
2.5
2.477
2.424
2.738
2.605
2.6630000000000003
2.532
2.5580000000000003
2.798
2.444
2.496
2.821
2.23
2.548
2.56
2.477
2.394
2.254
2.668
2.867
2.587
2.502
2.589
2.866
2.531
2.537
2.678
2.481
2.452
2.587
2.515
2.537
2.367
2.503
2.504
2.513
2.52
2.427
2.699
2.553
2.321
2.432
2.481
2.325
2.4090000000000003
2.41
2.837
2.38
2.468
2.547
2.484
2.494
2.431
2.571
2.826
2.301
2.645
2.6
2.514
2.68
2.411
2.63
2.513
2.672
2.5380000000000003
2.55
2.689
2.701
2.5610000000000004
2.477
2.242
2.553
2.547
2.605
2.5540000000000003
2.719
2.551
2.842
2.584
2.6060000000000003
2.548
2.475
2.4930000000000003
2.376
2.632
2.402
2.527
2.423
2.404
2.687
2.3480000000000003
2.649
2.63
2.659
2.269
2.395
2.604
2.376
2.565
2.532
2.5540000000000003
2.5540000000000003
2.556
2.789
2.719
2.674
2.404
2.556
2.333
2.507
2.594
2.439
2.649
2.6710000000000003
2.4290000000000003
2.2430000000000003
2.656
2.786
2.513
2.5380000000000003
2.989
2.548
2.31
2.497
2.576
2.6
2.59
2.345
2.267
2.4090000000000003
2.508
2.344
2.616
2.687
2.527
2.715
2.279
2.741
2.6010000000000004
2.502
2.636
2.576
2.394
2.694
2.563
2.832
2.402
2.403
2.652
2.937
2.545
2.6
2.633
2.639
2.322
2.5610000000000004
2.673
2.535
2.529
2.605
2.463
2.526
2.346
2.701
2.684
2.634
2.63
2.799
2.636
2.612
2.504
2.562
2.514
2.422
2.399
2.405
2.658
2.603
2.882
2.406
2.608
2.778
2.475
2.878
2.524
2.513
2.595
2.6010000000000004
2.349
2.527
2.426
2.521
2.448
2.564
2.31
2.66
2.204
2.559
2.34
2.655
2.427
2.466
2.713
2.536
2.7230000000000003
2.344
2.497
2.654
2.4090000000000003
2.655
2.447
2.327
2.375
2.164
2.637
2.51
2.4
2.349
2.269
2.593
2.496
2.461
2.754
2.476
2.401
2.491
2.435
2.446
2.759
2.479
2.565
2.582
2.481
2.45
2.6180000000000003
2.432
2.705
2.333
2.444
2.307
2.5540000000000003
2.565
2.702
2.71
2.517
2.536
2.721
2.48
2.383
2.338
2.582
2.799
2.424
2.636
2.502
2.372
2.682
2.236
2.378
2.556
2.649
2.285
2.441
2.565
2.416
2.527
2.507
2.317
2.4090000000000003
2.477
2.571
2.628
2.486
2.513
2.4930000000000003
2.519
2.63
2.556
2.355
2.418
2.799
2.49
2.519
2.704
2.526
2.552
2.437
2.209
2.494
2.404
2.466
2.519
2.504
2.18
2.531
2.793
2.737
2.153
2.567
2.465
2.521
2.767
2.188
2.471
2.757
2.438
2.582
2.411
2.596
2.422
2.542
2.448
2.5610000000000004
2.434
2.4330000000000003
2.45
2.232
2.584
2.471
2.195
2.571
2.525
2.475
2.54
2.425
2.635
2.418
2.4
2.7110000000000003
2.3680000000000003
2.527
2.55
2.594
2.483
2.488
2.489
2.526
2.515
2.407
2.647
2.6710000000000003
2.37
2.613
2.5340000000000003
2.6210000000000004
2.351
2.5580000000000003
2.502
2.369
2.421
2.414
2.8110000000000004
2.633
2.474
2.653
2.456
2.617
2.389
2.439
2.5540000000000003
2.59
2.623
2.465
2.564
2.415
2.548
2.533
2.428
2.79
2.84
2.57
2.399
2.458
2.434
2.417
2.267
2.385
2.53
2.526
2.49
2.7230000000000003
2.838
2.5380000000000003
2.384
2.62
2.485
2.77
2.682
2.393
2.64
2.255
2.483
2.675
2.585
2.503
2.39
2.408
2.607
2.444
2.6210000000000004
2.655
2.234
2.5540000000000003
2.895
2.371
2.668
2.509
2.423
2.55
2.464
2.523
2.733
2.414
2.457
2.535
2.53
2.252
2.574
2.336
2.338
2.38
2.551
2.354
2.369
2.572
2.59
2.525
2.544
2.6910000000000003
2.795
2.789
2.375
2.491
2.447
2.404
2.48
2.4530000000000003
2.593
2.765
2.559
2.727
2.489
2.484
2.459
2.29
2.398
2.411
1.968
2.452
2.69
2.194
2.551
2.391
2.519
2.276
2.547
2.427
2.548
2.55
2.75
2.458
2.733
2.58
2.055
2.698
2.481
2.517
2.464
2.89
2.744
2.607
2.556
2.26
2.33
2.804
2.376
2.507
2.37
2.647
2.462
2.664
2.514
2.963
2.5580000000000003
2.593
2.312
2.669
2.58
2.572
2.454
2.53
2.597
2.474
2.68
2.562
2.502
2.599
2.442
2.191
2.7110000000000003
2.585
2.68
2.472
2.642
2.7260000000000004
2.549
2.438
2.484
2.62
2.529
2.62
2.172
2.487
2.75
2.326
2.696
2.47
2.517
2.5580000000000003
2.649
2.694
2.422
2.7060000000000004
2.576
2.513
2.735
2.414
2.465
2.53
2.508
2.379
2.597
2.278
2.652
2.631
2.544
2.408
2.8
2.602
2.461
2.637
2.419
2.5580000000000003
2.589
2.093
2.431
2.745
2.679
2.459
2.471
2.462
2.627
2.76
2.616
2.436
2.794
2.442
2.712
2.499
2.7910000000000004
2.4290000000000003
2.553
2.699
1.99
2.531
2.539
2.572
2.457
2.091
2.614
2.532
2.421
2.71
2.81
2.637
2.628
2.674
3.007
2.677
2.603
2.61
2.2840000000000003
2.613
2.548
2.524
2.632
2.912
2.674
2.475
2.547
2.619
2.4730000000000003
2.515
2.533
2.553
2.585
2.678
2.583
2.68
2.698
2.535
2.462
2.597
2.485
2.844
2.468
2.437
2.407
2.489
2.443
2.898
2.277
2.4330000000000003
2.672
2.568
2.571
2.7460000000000004
2.874
2.387
2.361
2.467
2.699
2.525
2.417
2.7460000000000004
2.2880000000000003
2.515
2.452
2.661
2.644
2.341
2.426
2.724
2.412
2.3280000000000003
2.585
2.559
2.7310000000000003
2.385
2.593
2.715
2.515
2.509
2.416
2.551
2.623
2.6660000000000004
2.569
2.431
2.457
2.431
2.61
2.462
2.402
2.376
2.486
2.513
2.5
2.764
2.583
2.4730000000000003
2.544
2.548
2.526
2.487
2.511
2.272
2.61
2.717
2.45
2.587
2.623
2.471
2.592
2.569
2.517
2.522
2.579
2.602
2.436
2.406
2.717
2.555
2.624
2.43
2.498
2.447
2.353
2.73
2.656
2.497
2.594
2.5
2.528
2.229
2.48
2.432
2.411
2.5610000000000004
2.36
2.651
2.4
2.525
2.637
2.436
2.546
2.631
2.197
2.592
2.612
2.358
2.66
2.718
2.43
2.6710000000000003
2.608
2.559
2.608
2.3480000000000003
2.2030000000000003
2.438
2.58
2.553
2.27
2.507
2.408
2.532
2.434
2.394
2.837
2.468
2.617
2.7710000000000004
2.643
2.837
2.839
2.724
2.479
2.571
2.5780000000000003
2.362
2.455
2.56
2.6630000000000003
2.793
2.65
2.689
2.495
2.5380000000000003
2.569
2.54
2.281
2.576
2.47
2.395
2.309
2.398
2.588
2.588
2.616
2.465
2.577
2.647
2.5980000000000003
2.5580000000000003
2.251
2.725
2.732
2.497
2.527
2.58
2.475
2.4
2.398
2.499
2.5
2.533
2.434
2.531
2.398
2.698
2.628
2.61
2.4290000000000003
2.495
2.512
2.527
2.8480000000000003
2.408
2.467
2.475
2.61
2.273
2.638
2.559
2.366
2.416
2.524
2.6180000000000003
2.414
2.77
2.495
2.651
2.607
2.61
2.641
2.5540000000000003
2.404
2.452
2.441
2.477
2.6210000000000004
2.535
2.498
2.701
2.44
2.343
2.574
2.449
2.6
2.7310000000000003
2.468
2.768
2.62
2.68
2.623
2.446
2.521
2.541
2.777
2.692
2.523
2.681
2.469
2.543
2.776
2.468
2.523
2.4530000000000003
2.6660000000000004
2.594
2.545
2.701
2.387
2.531
2.596
2.457
2.655
2.4130000000000003
2.5980000000000003
2.681
2.342
2.432
2.604
2.584
2.544
2.5340000000000003
2.6210000000000004
2.659
2.563
2.509
2.396
2.526
2.356
2.656
2.585
2.376
2.602
2.499
2.312
2.637
2.437
2.727
2.784
2.722
2.4730000000000003
2.624
2.512
2.393
2.383
2.394
2.475
2.4930000000000003
2.521
2.7
2.474
2.435
2.6260000000000003
2.7230000000000003
2.524
2.277
2.5810000000000004
2.577
2.548
2.624
2.266
2.435
2.46
2.544
2.412
2.741
2.714
2.7710000000000004
2.515
2.478
2.426
2.525
2.64
2.559
2.556
2.615
2.421
2.628
2.403
2.57
2.316
2.918
2.632
2.49
2.41
2.648
2.52
2.47
2.576
2.366
2.627
2.421
2.655
2.511
2.39
2.846
2.498
2.273
2.607
2.559
2.261
2.38
2.4530000000000003
2.403
2.632
2.6860000000000004
2.602
2.294
2.526
2.28
2.572
2.61
2.186
2.4930000000000003
2.7
2.535
2.56
2.877
2.358
2.294
2.7
2.676
2.326
2.516
2.487
2.4290000000000003
2.506
2.673
2.366
2.672
2.574
2.572
2.367
2.659
2.625
2.471
2.732
2.199
2.324
2.523
2.557
2.31
2.616
2.658
2.604
2.485
2.647
2.782
2.508
2.715
2.515
2.491
2.575
2.638
2.8560000000000003
2.4530000000000003
2.524
2.64
2.502
2.448
2.56
2.574
2.614
2.475
2.789
2.533
2.536
2.7060000000000004
2.5810000000000004
2.251
2.479
2.422
2.672
2.42
2.526
2.366
2.557
2.476
2.359
2.709
2.218
2.692
2.699
2.661
2.619
2.628
2.397
2.659
2.338
2.378
2.679
2.467
2.641
2.559
2.6010000000000004
2.431
2.658
2.665
2.627
2.525
2.4530000000000003
2.488
2.553
2.662
2.557
2.518
2.568
2.537
2.471
2.238
2.5340000000000003
2.481
2.577
2.659
2.6060000000000003
1.641
2.628
2.501
2.427
2.463
2.728
2.406
2.188
2.465
2.661
2.553
2.391
2.701
2.5540000000000003
2.527
2.277
2.358
2.5540000000000003
2.64
2.692
2.5540000000000003
2.624
2.695
2.539
2.696
2.525
2.419
2.552
2.472
2.708
2.471
2.701
2.44
2.564
2.419
2.45
2.379
2.499
2.353
2.571
2.227
2.65
2.44
2.427
2.674
2.651
2.46
2.729
2.701
2.697
2.637
2.63
2.673
2.675
2.547
2.609
2.465
2.5
2.568
2.503
2.591
2.705
2.781
2.631
2.5860000000000003
2.564
2.463
2.444
2.569
2.593
2.64
2.465
2.432
2.484
2.427
2.341
2.9410000000000003
2.507
2.358
2.604
2.524
2.675
2.668
2.531
2.425
2.1830000000000003
2.6260000000000003
2.592
2.628
2.642
2.7430000000000003
2.608
2.57
2.371
2.427
2.563
2.84
2.614
2.649
2.46
2.212
2.462
2.439
2.575
2.482
2.242
2.447
2.642
2.757
2.695
2.682
2.6660000000000004
2.701
2.677
2.5580000000000003
2.579
2.489
2.54
2.491
2.531
2.6260000000000003
2.287
2.519
2.756
2.717
2.278
2.818
2.45
2.241
2.714
2.547
2.809
2.684
2.533
2.7910000000000004
2.642
2.587
2.69
2.451
2.528
2.674
2.393
2.7
2.317
2.399
2.6010000000000004
2.439
2.508
2.465
2.54
2.439
2.505
2.283
2.509
2.549
2.458
2.419
2.58
2.487
2.398
2.228
2.475
2.591
2.397
2.319
2.316
2.715
2.4530000000000003
2.405
2.513
2.709
2.3
2.236
2.358
2.4290000000000003
2.688
2.705
2.488
2.725
2.365
2.461
2.309
2.559
2.329
2.591
2.446
2.687
2.677
2.741
2.338
2.529
2.396
2.664
2.389
2.6210000000000004
2.715
2.64
2.236
2.461
2.62
2.6210000000000004
2.659
2.647
2.35
2.382
1.895
2.414
2.376
2.377
2.374
2.466
2.64
2.443
2.158
1.807
2.3680000000000003
2.577
2.805
2.4930000000000003
2.523
2.605
2.629
2.546
2.344
2.593
2.93
2.421
2.653
2.342
2.503
2.489
2.764
2.507
2.491
2.477
2.386
2.678
2.408
2.734
2.762
2.5810000000000004
2.7030000000000003
2.376
2.408
2.481
2.537
2.523
2.546
2.5980000000000003
2.34
2.237
2.273
2.5980000000000003
2.441
2.465
2.454
2.416
2.465
2.34
2.766
2.38
2.499
2.58
2.843
2.596
2.7260000000000004
2.641
2.497
2.6460000000000004
2.441
2.504
2.479
2.682
2.444
2.555
2.414
2.459
2.46
2.712
2.495
2.599
2.426
2.274
2.46
2.735
2.713
2.397
2.352
2.533
2.365
2.602
2.519
2.124
2.732
2.548
2.458
2.603
2.0580000000000003
2.323
2.466
2.574
2.573
2.716
2.5860000000000003
2.627
2.511
2.447
2.604
2.6460000000000004
2.577
2.716
2.4090000000000003
2.659
2.673
2.393
2.518
2.74
2.481
2.3480000000000003
2.44
2.307
2.542
2.584
2.425
2.587
2.701
2.607
2.855
2.639
2.568
2.526
2.582
2.614
2.511
2.5580000000000003
2.314
2.728
2.69
2.196
2.569
2.6710000000000003
1.767
2.649
2.239
2.719
2.35
2.325
2.522
2.6180000000000003
2.506
2.227
2.521
2.49
2.47
2.437
2.852
2.58
2.5610000000000004
2.685
2.887
2.395
2.495
2.459
2.438
2.432
2.484
2.265
2.719
2.623
2.522
2.5340000000000003
2.442
2.718
2.553
2.495
2.431
2.496
2.356
2.5860000000000003
2.612
2.665
2.504
2.852
2.489
2.491
2.382
2.611
2.314
2.5810000000000004
2.503
2.372
2.468
2.343
2.407
2.383
2.585
2.478
2.442
2.47
2.296
2.477
2.571
2.507
2.5340000000000003
2.536
2.482
2.391
2.497
2.695
2.51
2.523
2.642
2.416
2.406
2.87
2.455
2.471
2.533
2.627
2.632
2.434
2.388
2.7910000000000004
2.462
2.866
2.497
2.517
2.664
2.559
2.512
2.604
2.528
2.38
2.523
2.436
2.509
2.535
2.737
2.412
2.667
2.302
2.423
2.659
2.438
2.485
2.315
2.326
2.734
2.637
2.687
2.529
2.643
2.656
2.213
2.148
2.603
2.322
2.622
2.629
2.242
2.4930000000000003
2.652
1.756
2.614
2.588
2.847
2.589
2.468
2.505
2.64
2.687
2.487
2.644
2.147
2.569
2.235
2.719
