2.668
2.496
2.539
2.443
2.387
2.7
2.599
2.445
2.584
2.512
2.227
2.679
2.555
2.498
2.647
2.707
2.51
2.509
2.708
2.603
2.222
2.412
2.213
2.491
2.244
2.055
2.275
2.491
2.602
2.592
2.596
2.528
2.398
2.283
2.722
2.264
2.378
2.3280000000000003
2.459
2.489
2.73
2.552
2.555
2.303
2.714
2.728
2.471
2.346
2.641
2.597
2.549
2.738
2.559
2.757
2.5
2.125
2.305
2.322
2.83
2.218
2.331
2.584
2.539
2.421
2.631
2.594
2.259
2.323
2.676
2.71
2.33
2.532
2.605
2.63
2.764
2.477
2.555
2.396
2.8360000000000003
2.467
2.282
2.667
2.388
2.567
2.055
2.638
2.556
2.718
2.56
2.182
2.588
2.552
2.747
2.471
2.673
2.394
2.279
2.494
2.729
2.471
2.623
2.267
2.471
2.633
2.536
1.7
2.553
2.436
2.58
2.455
2.346
2.735
2.557
2.482
1.7080000000000002
2.477
2.645
2.336
2.545
2.347
2.459
2.56
2.428
2.401
2.444
2.503
2.495
2.477
2.542
2.774
2.04
2.738
2.906
2.28
1.932
2.234
2.312
2.34
2.488
2.36
2.514
2.543
2.3
2.367
2.437
2.501
2.568
2.513
2.702
2.448
2.611
2.259
2.546
2.639
2.574
2.419
2.506
2.801
2.675
2.418
2.551
2.147
2.715
1.987
2.604
2.733
2.488
2.176
2.0580000000000003
2.551
2.425
2.423
2.658
2.794
2.436
2.579
2.426
2.7060000000000004
2.565
2.428
2.844
2.227
2.115
2.321
2.483
2.67
2.5580000000000003
2.487
2.592
2.44
2.387
2.347
2.653
2.231
2.6180000000000003
2.6
2.004
2.2230000000000003
2.448
2.405
2.623
2.424
2.539
2.234
2.157
2.515
2.508
2.574
2.635
2.58
2.555
2.277
2.021
2.661
2.812
2.4
2.834
2.546
2.68
2.627
2.742
2.403
2.05
2.636
2.441
2.541
2.557
2.4330000000000003
2.5980000000000003
2.357
2.083
2.476
2.432
2.482
2.431
2.713
2.525
2.502
2.5980000000000003
2.167
2.133
2.6010000000000004
2.4290000000000003
2.418
2.623
2.716
2.702
2.623
2.579
2.513
2.5780000000000003
2.559
2.351
2.6910000000000003
2.63
2.595
2.224
1.516
2.517
2.5660000000000003
2.113
2.535
2.607
2.504
2.45
2.617
2.608
2.5810000000000004
2.607
2.435
2.273
2.189
2.251
2.542
2.153
2.6010000000000004
2.632
2.265
2.625
2.448
2.406
2.574
2.4330000000000003
2.729
2.4930000000000003
2.444
2.221
2.5540000000000003
2.528
2.546
2.82
2.563
2.43
2.484
2.526
2.314
2.535
2.38
2.032
2.551
2.51
2.277
2.744
1.938
2.5380000000000003
2.632
2.509
2.158
2.536
2.408
2.677
2.722
2.452
2.141
2.394
2.01
2.549
2.65
2.545
2.095
2.5860000000000003
2.292
2.79
2.591
2.415
2.8280000000000003
2.361
1.702
2.274
2.26
2.142
2.62
2.496
2.505
2.128
2.709
2.372
2.679
2.478
2.357
2.755
2.662
2.502
2.785
2.162
2.562
2.392
2.204
2.535
2.419
2.527
2.776
2.551
2.474
2.468
2.4330000000000003
2.421
2.485
2.546
2.632
2.5340000000000003
2.638
2.478
2.455
2.04
2.274
2.582
2.202
2.9330000000000003
2.447
2.563
2.307
2.358
2.451
2.7060000000000004
2.507
2.7260000000000004
2.277
2.693
2.68
2.434
2.65
2.047
2.448
2.637
2.8
2.362
2.316
2.614
2.515
2.595
2.511
2.625
2.699
2.291
2.639
2.7430000000000003
2.049
2.347
2.52
2.403
2.624
2.508
2.278
2.201
2.4
2.589
2.22
2.57
2.593
2.636
2.357
2.238
2.112
2.307
2.544
2.513
2.633
2.389
2.681
2.8280000000000003
2.526
2.69
2.54
2.539
2.344
2.629
2.572
2.513
2.608
2.191
2.466
2.202
2.678
2.699
2.006
2.668
2.859
2.074
2.404
2.442
2.615
2.628
2.5610000000000004
2.557
2.49
2.551
2.507
2.266
2.52
2.75
2.482
2.699
2.524
2.814
2.438
2.541
2.234
2.658
2.356
2.704
2.134
2.7310000000000003
2.662
2.417
2.0980000000000003
2.355
2.504
2.2030000000000003
2.209
2.524
2.301
2.5980000000000003
2.5810000000000004
2.695
2.417
2.485
2.422
2.6060000000000003
2.226
2.568
2.7880000000000003
2.482
2.651
2.653
2.21
2.491
2.297
2.167
2.198
2.418
2.306
2.285
2.3
2.761
2.68
2.399
2.774
2.922
2.617
2.821
2.62
2.603
2.629
2.622
2.501
2.58
2.06
1.848
2.406
2.614
2.402
2.8080000000000003
2.153
2.536
2.6210000000000004
2.744
2.031
2.546
2.852
2.503
2.792
2.513
2.546
2.675
2.446
2.616
2.537
2.484
2.229
2.023
2.376
2.489
2.507
2.246
2.52
2.729
2.597
2.556
2.7030000000000003
2.597
2.4930000000000003
2.083
2.697
2.366
2.503
2.478
2.593
2.7230000000000003
2.469
2.617
2.754
2.535
2.609
2.342
2.499
2.461
2.662
2.6
2.677
2.664
2.448
2.764
2.61
2.499
2.457
2.506
2.583
2.299
2.454
2.445
2.477
2.5980000000000003
2.764
2.237
2.515
2.655
2.589
2.202
2.259
2.694
2.4330000000000003
2.6180000000000003
1.993
1.804
2.444
2.674
2.181
2.684
2.522
2.579
2.488
2.502
1.412
1.949
2.383
2.354
2.825
2.2840000000000003
1.821
2.33
2.422
2.435
2.371
2.109
2.569
2.588
2.377
1.821
2.62
1.901
2.699
2.792
2.235
2.385
2.342
2.584
2.5660000000000003
2.694
2.248
2.685
2.306
2.562
2.733
2.364
2.474
2.422
2.662
2.282
2.5610000000000004
2.515
2.303
2.464
2.432
2.549
2.638
2.261
2.6210000000000004
2.293
2.513
2.628
2.6210000000000004
2.7260000000000004
2.588
2.613
2.135
2.275
2.628
2.637
2.785
2.1180000000000003
2.353
2.61
2.651
2.66
2.028
2.6060000000000003
2.772
2.516
2.662
2.3480000000000003
2.5610000000000004
2.4530000000000003
2.519
2.722
2.614
2.446
2.251
2.584
2.6210000000000004
2.559
2.184
2.705
2.5580000000000003
2.525
2.511
2.267
2.459
2.444
2.645
2.687
2.616
2.542
2.623
2.638
2.758
2.037
2.585
2.393
2.699
2.267
2.636
2.205
2.455
2.605
2.205
2.398
2.652
2.6630000000000003
2.599
2.231
2.702
2.13
2.514
2.427
2.524
2.612
1.689
2.41
1.905
2.588
2.662
2.401
2.061
2.548
2.536
2.488
2.156
2.282
2.632
2.511
2.251
2.225
2.472
2.714
2.579
2.5980000000000003
2.451
2.754
2.555
2.3280000000000003
2.467
2.476
2.43
2.652
2.657
2.398
2.594
2.67
2.39
2.507
2.482
2.207
2.643
2.7310000000000003
2.737
2.2840000000000003
2.505
2.521
2.445
2.375
2.7230000000000003
2.6710000000000003
2.257
2.548
2.787
2.576
2.8480000000000003
2.7
2.241
1.988
2.421
2.595
2.385
2.495
2.444
2.42
2.39
2.535
2.456
2.679
2.692
2.694
2.411
2.5340000000000003
2.394
2.497
2.477
2.66
2.459
2.16
2.698
2.35
2.39
2.573
2.669
2.392
2.484
2.615
2.213
2.152
2.499
2.5580000000000003
2.575
2.375
2.741
2.4730000000000003
2.468
2.544
2.533
2.739
2.511
2.3480000000000003
2.57
2.72
2.444
2.399
2.7310000000000003
1.727
2.728
2.593
2.4530000000000003
2.401
2.6210000000000004
1.912
2.029
2.53
2.306
2.502
2.394
2.056
2.718
2.404
2.321
2.103
2.587
2.029
2.516
2.517
2.557
2.573
2.375
2.655
2.3
2.6660000000000004
2.365
2.524
2.458
2.532
2.548
2.616
2.006
2.895
2.244
2.464
2.529
2.255
2.401
2.1830000000000003
2.353
2.669
2.7060000000000004
2.674
2.025
2.6860000000000004
2.825
2.12
2.839
2.7060000000000004
2.545
2.211
2.192
2.079
2.549
2.632
2.496
2.548
2.604
2.753
2.777
2.665
2.369
2.741
2.34
2.5
1.898
2.587
2.391
2.668
2.696
2.613
2.688
2.603
2.617
2.733
2.289
2.452
1.96
2.591
2.425
2.71
2.559
2.589
2.497
2.681
2.725
2.511
2.451
2.256
2.567
2.303
2.516
2.469
2.6830000000000003
2.6180000000000003
2.467
2.555
2.682
2.457
2.48
2.219
2.54
2.486
2.714
2.536
2.504
2.772
2.737
2.472
2.54
2.318
2.272
2.405
2.361
2.365
2.559
2.464
2.4090000000000003
2.1630000000000003
2.471
2.779
2.642
2.63
2.9360000000000004
2.569
2.218
2.024
2.4530000000000003
2.466
2.093
2.5610000000000004
2.77
2.564
2.452
2.48
2.72
2.525
2.501
2.273
2.714
2.04
2.57
2.426
2.684
2.584
2.39
2.583
2.593
2.495
2.575
2.629
2.436
2.521
2.652
2.545
2.542
2.567
2.571
2.549
2.357
2.457
2.504
2.615
2.8360000000000003
2.55
2.6860000000000004
2.715
2.58
2.536
2.507
2.212
2.472
2.495
2.355
2.638
2.738
2.4330000000000003
2.596
2.541
2.48
2.689
2.641
2.195
2.669
2.472
2.784
2.276
2.556
2.53
2.624
2.609
2.408
2.715
2.481
2.378
2.749
2.54
2.551
2.537
2.545
2.6010000000000004
2.215
2.457
2.55
2.362
2.754
2.011
2.669
2.63
2.4530000000000003
2.694
2.524
2.381
2.697
2.255
2.595
2.763
2.503
2.774
2.675
2.7230000000000003
2.669
2.449
2.6
2.812
2.536
2.047
2.338
2.479
2.634
2.092
2.511
2.259
2.357
2.541
2.444
2.454
2.436
2.682
2.193
2.642
2.427
2.32
2.661
2.654
2.82
2.5340000000000003
2.662
2.47
2.712
2.6910000000000003
2.498
2.58
2.662
2.675
2.519
2.454
2.298
2.253
2.805
2.65
2.541
1.7819999999999998
2.42
2.702
2.001
2.559
2.633
2.749
2.1590000000000003
2.779
2.266
2.289
2.55
2.709
2.568
2.553
2.295
2.469
2.511
2.204
2.467
2.5610000000000004
2.219
1.99
2.623
2.499
2.489
2.758
2.178
2.391
2.496
2.737
2.479
2.564
2.389
2.655
2.6180000000000003
2.564
2.139
2.553
2.583
2.515
2.088
2.484
2.524
2.568
2.713
2.559
2.486
2.018
2.565
2.456
2.073
2.544
2.513
2.456
2.394
2.4530000000000003
2.644
2.238
2.523
2.579
2.233
2.745
2.466
2.622
2.694
2.573
2.659
2.112
2.777
2.6
2.222
2.462
2.457
2.735
2.447
2.502
2.805
2.693
2.462
2.835
2.619
2.4730000000000003
2.518
2.199
2.68
2.321
2.798
2.516
2.718
2.414
2.324
2.442
2.664
2.61
2.631
2.073
2.478
2.544
2.073
1.996
2.459
2.632
2.708
2.68
2.66
2.339
2.155
2.483
2.744
2.66
2.56
2.476
2.552
2.528
2.602
2.408
2.63
2.512
2.672
2.088
2.759
2.264
2.19
2.414
2.006
2.528
2.5660000000000003
2.636
2.6
2.5580000000000003
2.481
2.637
2.672
2.244
2.1630000000000003
2.58
2.719
2.41
2.373
2.293
2.574
2.136
2.696
2.04
2.389
2.748
2.718
2.175
2.658
2.523
2.733
2.411
2.589
2.575
2.632
2.635
2.6180000000000003
2.478
2.478
2.2840000000000003
2.532
2.62
2.303
2.139
2.576
2.476
2.604
2.5780000000000003
2.451
2.625
2.391
2.443
2.455
2.584
2.867
2.263
2.378
2.21
2.263
2.327
2.398
2.364
2.3
2.055
2.709
2.374
1.957
2.5
2.169
2.471
2.57
2.425
2.431
2.6830000000000003
2.631
2.325
2.459
2.55
2.39
2.852
2.604
2.287
2.384
2.377
2.3080000000000003
2.317
2.51
2.277
2.39
2.687
2.705
2.446
2.385
2.225
2.506
2.79
2.361
2.01
2.317
2.7
2.356
2.65
2.643
2.539
2.149
2.463
2.527
2.438
2.926
2.389
2.629
2.226
2.142
2.61
2.752
2.533
2.577
2.668
2.507
2.167
2.813
2.629
2.6060000000000003
2.699
2.48
2.698
2.8480000000000003
2.699
2.141
2.485
2.207
2.614
2.549
2.5
2.399
2.151
2.4290000000000003
2.06
2.83
2.073
2.7030000000000003
2.128
2.6180000000000003
2.355
2.682
2.491
2.292
2.463
1.928
2.524
2.47
2.195
2.57
2.739
2.629
2.707
2.589
2.5860000000000003
2.536
2.491
2.408
2.5610000000000004
2.612
2.408
2.564
2.241
2.461
1.954
2.238
2.323
2.397
2.018
2.632
2.543
1.06
2.64
2.426
2.297
2.408
2.597
1.949
2.217
2.521
2.801
2.7910000000000004
2.267
2.884
2.549
2.421
2.336
2.206
2.513
2.51
2.39
2.559
2.412
2.358
2.661
1.957
2.442
2.543
2.6460000000000004
1.857
2.072
2.508
2.57
2.613
2.628
2.707
2.938
2.0
2.789
1.769
2.866
2.465
2.251
2.311
2.031
2.4730000000000003
2.191
2.588
2.427
2.383
2.376
2.546
2.725
2.603
2.813
2.402
2.515
2.549
2.402
2.545
2.7230000000000003
2.604
2.657
2.404
2.577
2.572
2.39
2.648
2.653
2.491
2.596
2.612
2.257
1.85
2.202
2.464
2.422
2.6860000000000004
2.547
2.611
2.333
2.358
1.905
1.943
2.642
2.402
2.4130000000000003
2.733
2.648
2.628
2.5810000000000004
2.222
2.6210000000000004
2.698
2.563
2.399
2.6260000000000003
2.553
2.641
2.542
2.593
2.411
2.482
2.484
2.645
2.527
2.291
2.49
2.394
2.658
2.265
2.616
2.115
2.8480000000000003
2.664
2.505
2.57
2.294
2.293
2.403
2.461
2.73
2.253
2.369
1.993
2.19
2.635
2.834
2.515
2.135
2.46
2.603
2.694
2.77
2.7230000000000003
2.891
2.345
2.544
2.588
2.56
2.414
2.403
2.107
2.654
2.448
2.29
2.682
2.142
2.397
2.488
2.264
2.321
2.58
2.414
2.56
2.4130000000000003
2.314
2.405
2.563
2.399
2.5
2.47
2.575
2.6010000000000004
2.41
1.516
2.209
2.543
2.099
2.494
2.541
2.176
2.4930000000000003
2.4130000000000003
2.597
2.649
2.553
2.634
2.472
2.4930000000000003
2.421
2.45
2.482
2.546
2.54
2.826
2.592
2.536
2.6710000000000003
2.6180000000000003
2.25
2.665
2.522
2.733
2.25
2.72
2.704
2.655
1.811
2.4
2.6260000000000003
2.707
2.218
2.45
1.796
2.4130000000000003
2.583
2.412
2.313
2.565
2.411
2.299
2.8960000000000004
2.306
2.279
1.002
2.354
2.823
2.583
2.166
2.574
2.682
2.7910000000000004
2.267
2.719
2.105
2.763
2.106
2.45
1.935
2.008
2.588
2.69
2.316
2.63
2.585
2.697
2.544
2.604
2.603
2.765
2.66
2.449
2.407
1.986
2.485
2.487
2.449
2.267
2.553
2.211
2.114
2.216
2.506
2.4930000000000003
2.436
2.446
2.4330000000000003
2.461
2.352
2.302
2.412
2.387
2.325
2.624
2.682
2.714
2.265
2.594
1.977
2.656
2.459
2.628
2.6910000000000003
2.382
2.738
2.444
2.623
2.775
2.864
2.713
2.003
2.31
2.454
2.562
2.6630000000000003
2.826
2.477
2.258
2.415
2.456
2.702
2.267
2.248
2.512
2.531
2.0380000000000003
2.505
2.014
2.4
2.091
2.736
2.462
2.6830000000000003
2.283
2.462
2.799
1.7480000000000002
2.519
2.287
2.793
2.643
2.41
2.476
2.652
2.107
1.903
2.514
2.608
2.254
2.559
2.399
2.153
2.667
2.503
2.254
2.337
2.609
2.761
2.255
2.279
2.647
2.478
2.579
2.58
2.514
2.64
2.674
2.24
2.309
2.602
2.679
2.369
2.634
2.246
2.547
2.481
1.898
2.526
2.523
2.497
2.411
2.657
2.5540000000000003
2.7310000000000003
2.276
2.556
2.541
2.516
2.673
2.519
2.35
2.404
2.451
2.572
2.6260000000000003
2.522
2.324
2.577
2.521
2.056
2.444
2.591
2.272
2.557
2.319
2.658
2.427
2.464
2.715
2.498
2.651
2.615
2.84
2.395
1.991
2.511
2.579
2.303
2.712
2.704
2.543
2.445
2.197
2.5610000000000004
2.52
2.165
2.551
2.394
2.624
1.965
2.612
2.603
2.477
2.23
2.676
1.679
2.5780000000000003
2.462
2.149
2.66
2.6660000000000004
2.655
2.6260000000000003
2.346
2.591
2.575
2.461
2.281
2.699
2.444
2.764
2.1630000000000003
2.61
2.181
2.707
2.6
2.239
2.499
2.518
2.449
2.714
2.444
2.353
2.447
2.556
2.7
2.517
2.861
2.324
2.546
2.16
2.502
2.681
1.866
2.644
2.222
2.235
2.48
2.613
2.633
2.467
2.443
2.627
2.145
2.274
2.4290000000000003
2.074
2.597
2.85
2.086
2.668
2.222
1.193
2.638
2.483
2.188
2.326
2.391
2.553
2.574
2.654
2.515
2.102
2.503
2.579
2.36
2.527
