2.603
2.403
2.649
2.502
2.838
2.762
2.634
1.915
2.567
2.4290000000000003
2.642
2.374
2.492
2.755
2.7060000000000004
2.7310000000000003
2.386
2.687
2.58
2.309
2.513
2.234
2.474
2.5780000000000003
2.526
2.616
2.512
2.569
2.5610000000000004
2.732
2.579
2.67
2.49
2.467
2.504
2.679
2.487
2.593
2.631
2.65
2.5610000000000004
2.516
2.417
2.6710000000000003
2.912
2.574
2.84
2.697
2.365
2.489
2.542
2.7430000000000003
2.556
2.864
2.559
2.759
2.562
2.516
2.661
2.69
2.758
2.702
2.593
2.406
2.769
2.424
2.728
2.65
2.701
2.469
2.479
2.39
2.762
2.441
2.69
2.372
2.705
2.641
2.684
2.736
2.767
2.744
2.524
2.885
2.603
2.545
2.486
2.432
2.537
2.523
2.689
2.79
2.525
2.715
2.681
2.8
2.418
2.503
2.528
2.826
2.709
2.656
2.61
2.445
2.555
2.71
2.511
2.6630000000000003
2.488
2.88
2.823
2.827
2.687
2.573
2.627
2.314
2.677
2.648
2.455
2.334
2.591
2.452
2.543
2.4290000000000003
2.602
2.73
2.5980000000000003
2.656
2.475
2.6
2.479
2.592
2.728
2.73
2.62
2.556
2.5810000000000004
2.515
2.609
2.537
2.688
2.53
2.574
2.579
2.73
2.3080000000000003
2.708
2.5980000000000003
2.584
2.507
2.658
2.593
2.53
2.725
2.2840000000000003
2.604
2.761
2.481
2.759
2.6210000000000004
2.677
2.597
2.516
2.934
2.662
2.738
2.408
2.72
2.412
2.629
2.641
2.675
2.675
2.708
2.5980000000000003
2.559
2.789
2.714
2.838
2.576
2.58
2.595
2.6180000000000003
2.466
2.662
2.499
2.412
2.614
2.7
2.721
2.47
2.34
2.434
2.557
2.71
2.627
2.604
2.542
2.27
2.395
2.651
2.6010000000000004
2.377
2.722
2.56
2.5540000000000003
2.668
2.504
2.615
2.511
2.736
2.6910000000000003
2.46
2.252
2.58
2.571
2.647
2.592
2.333
2.605
2.567
2.495
2.8360000000000003
2.8160000000000003
2.654
2.571
2.474
2.588
2.615
2.6010000000000004
2.487
2.806
2.605
2.7880000000000003
2.517
2.556
2.624
2.302
2.685
2.492
2.659
2.6210000000000004
2.491
2.709
2.529
2.625
2.525
2.639
2.6060000000000003
2.785
2.498
2.728
2.608
2.76
2.444
2.769
2.592
2.546
2.597
2.65
2.514
2.704
2.336
2.565
2.733
2.594
2.622
2.64
2.715
2.733
2.735
2.603
2.789
2.685
2.99
2.741
2.699
2.631
2.349
2.7260000000000004
2.741
2.661
2.57
2.869
2.5
2.546
2.553
2.612
2.855
2.491
2.512
2.7
2.515
2.6710000000000003
2.513
2.5980000000000003
2.605
2.4530000000000003
2.541
2.67
2.749
2.603
2.47
2.454
2.682
2.701
2.599
2.756
2.613
2.557
2.511
2.608
2.667
2.39
2.69
2.718
2.557
2.6860000000000004
2.533
2.823
2.67
2.543
2.6710000000000003
2.516
2.233
2.783
2.694
2.535
2.64
2.344
2.227
2.4930000000000003
2.494
2.9
2.486
2.6180000000000003
2.699
2.507
2.78
2.687
2.817
2.61
1.979
2.843
2.495
2.295
2.375
2.795
2.625
2.4530000000000003
2.573
2.583
2.737
2.3680000000000003
2.476
2.6830000000000003
2.642
2.615
2.511
2.824
2.37
2.437
2.43
2.5340000000000003
2.576
2.6460000000000004
2.377
2.478
2.32
2.752
2.608
2.701
2.862
2.643
2.672
2.329
2.629
2.612
2.742
2.607
2.862
2.486
2.694
2.62
2.779
2.7460000000000004
2.769
2.442
2.483
2.497
2.7230000000000003
2.635
2.521
2.635
2.676
2.563
2.658
2.624
2.5540000000000003
2.392
2.56
2.496
2.5380000000000003
2.637
2.604
2.434
2.537
2.8480000000000003
2.336
2.688
2.637
2.494
2.572
2.665
2.6860000000000004
2.59
2.807
2.569
2.446
2.509
2.582
2.457
2.447
2.79
2.564
2.6660000000000004
2.533
2.481
2.794
2.539
2.6630000000000003
2.395
2.559
2.303
2.573
2.622
2.61
2.542
2.78
2.653
2.677
2.628
2.721
2.539
2.676
2.432
2.439
2.757
2.674
2.597
2.6710000000000003
2.613
2.435
2.428
2.512
2.692
2.576
2.574
2.778
2.4130000000000003
2.564
2.7110000000000003
