2.97
2.668
2.7880000000000003
2.655
3.084
2.813
2.971
1.776
2.725
2.662
2.724
2.42
2.616
2.904
2.942
3.012
2.562
2.712
2.849
2.568
2.383
2.422
2.647
2.489
2.702
2.745
2.702
2.697
2.7060000000000004
3.014
2.487
2.863
2.595
2.479
2.602
2.708
2.556
2.952
2.854
3.089
2.853
2.742
2.612
2.886
2.9330000000000003
2.713
2.809
2.899
2.635
2.675
2.753
2.708
2.376
2.89
2.638
2.8560000000000003
2.735
2.519
2.536
2.9960000000000004
2.768
2.773
2.886
2.6
3.06
2.576
2.992
2.778
2.964
2.545
2.407
2.577
2.943
2.718
2.8110000000000004
2.249
2.895
2.9
2.804
2.769
2.9130000000000003
2.782
2.474
3.018
2.5580000000000003
2.977
2.516
2.434
2.699
2.6260000000000003
2.926
2.948
2.451
2.867
3.023
2.904
2.527
2.611
2.654
2.9330000000000003
2.807
2.8480000000000003
2.965
2.583
2.734
2.782
2.83
2.77
2.681
3.037
2.83
3.194
2.81
2.665
2.8760000000000003
2.491
2.784
2.897
2.483
2.89
2.6210000000000004
2.418
2.523
2.658
2.6060000000000003
2.728
2.776
2.74
2.425
3.0
2.7880000000000003
2.721
2.672
2.838
2.803
2.767
2.7110000000000003
2.305
2.781
2.499
2.797
2.408
2.51
2.633
2.829
2.535
2.827
2.844
2.747
2.728
2.917
2.6860000000000004
2.732
2.802
2.518
2.806
2.748
2.673
2.684
2.872
3.013
2.877
2.596
3.145
2.944
2.915
2.3480000000000003
2.717
2.519
2.827
2.84
2.718
2.855
2.9210000000000003
2.591
2.875
2.7460000000000004
2.971
3.205
2.782
2.5780000000000003
2.955
2.761
2.403
2.84
2.6180000000000003
2.675
2.767
2.911
2.732
2.608
2.44
2.665
2.935
2.701
2.583
2.758
2.506
2.518
2.6
2.617
2.737
2.483
3.025
2.799
2.651
2.6660000000000004
2.605
2.769
2.52
2.893
2.748
2.452
2.6710000000000003
2.629
2.669
2.971
2.733
2.361
2.69
2.801
2.838
2.905
2.968
2.685
2.783
2.7910000000000004
2.837
2.654
3.108
2.636
2.83
2.778
2.9160000000000004
2.821
2.728
2.924
2.338
2.819
2.397
2.688
2.72
2.66
2.801
2.728
2.76
2.256
2.9610000000000003
2.654
2.922
2.688
3.073
3.102
2.74
2.795
2.847
2.744
2.881
2.803
2.995
2.705
2.854
2.315
2.7
2.776
3.059
3.0380000000000003
2.6830000000000003
3.1060000000000003
2.758
2.912
2.6660000000000004
2.873
2.89
3.087
2.262
2.685
2.817
2.625
2.719
2.536
2.817
2.61
3.131
2.452
2.878
2.67
2.596
2.986
2.659
2.577
2.696
2.341
2.9360000000000004
2.481
3.005
2.483
2.753
2.588
2.6260000000000003
2.69
2.732
2.439
2.513
2.803
2.7460000000000004
2.63
2.748
2.584
2.709
2.483
2.6660000000000004
2.613
2.676
2.849
2.923
2.789
2.785
2.9130000000000003
3.104
2.7960000000000003
2.637
2.959
2.544
2.524
2.86
2.967
2.603
2.467
2.593
2.462
2.432
2.6660000000000004
2.9810000000000003
2.639
2.65
2.716
2.58
3.007
2.8
2.805
2.766
2.2030000000000003
2.674
2.757
2.533
2.428
2.753
2.667
2.899
2.653
2.568
2.83
2.625
2.4090000000000003
2.91
2.875
2.756
2.662
2.875
2.396
2.512
2.701
2.766
2.599
2.949
2.61
2.669
2.781
2.843
2.673
2.8080000000000003
2.809
2.832
2.783
2.699
2.914
2.684
2.818
2.823
2.985
2.516
2.729
2.9960000000000004
2.8680000000000003
2.959
2.895
2.736
2.687
2.692
2.79
2.5780000000000003
2.783
2.898
2.617
2.615
2.839
2.653
2.69
2.644
2.483
2.365
2.7960000000000003
2.733
2.899
2.685
2.765
2.837
2.656
2.605
2.927
2.7060000000000004
2.49
3.092
2.947
2.844
3.115
2.81
2.535
2.633
2.717
2.7060000000000004
2.357
2.943
2.721
2.789
2.805
3.142
2.963
2.65
2.719
2.524
2.724
2.137
2.88
2.7910000000000004
2.754
2.491
3.088
2.838
2.801
2.675
2.769
2.799
2.699
2.759
2.6
2.7960000000000003
2.759
2.858
2.839
2.584
2.467
2.309
2.629
2.745
2.8560000000000003
2.716
2.984
2.737
2.886
2.827
