2.71
2.733
2.654
2.516
2.588
2.869
2.761
2.715
2.624
2.852
2.6210000000000004
2.8560000000000003
2.784
2.402
2.568
2.954
2.758
2.477
2.905
2.9530000000000003
2.878
2.761
2.755
2.67
2.5340000000000003
2.338
2.611
2.766
2.763
3.07
2.759
2.778
2.694
2.685
2.841
2.633
2.701
2.48
2.749
2.57
2.869
2.925
2.815
2.722
2.964
2.839
2.611
2.569
2.801
2.889
2.849
2.832
2.74
2.859
2.604
2.4290000000000003
2.242
2.556
3.02
2.469
2.563
2.793
2.829
2.589
3.138
2.6860000000000004
2.634
2.535
2.737
3.02
2.511
2.986
3.083
3.165
2.694
2.949
2.884
2.676
2.521
2.5540000000000003
2.757
2.656
2.38
2.757
2.63
2.818
2.802
2.792
2.907
2.56
2.7460000000000004
2.545
3.158
2.56
3.026
2.655
2.74
2.661
2.787
2.697
2.06
2.708
2.865
2.837
2.825
1.8
2.793
2.6910000000000003
2.735
2.74
2.725
2.905
2.879
2.708
2.168
2.469
2.866
2.522
2.969
3.011
2.74
2.576
2.801
2.79
2.339
2.655
2.878
2.862
2.572
3.0810000000000004
2.513
2.874
2.776
2.332
2.264
2.603
2.637
2.619
2.526
2.717
2.627
2.842
2.552
2.6260000000000003
2.595
2.7960000000000003
2.852
2.736
2.733
2.573
2.877
2.592
2.866
2.662
2.654
2.943
2.7510000000000003
2.9560000000000004
2.6260000000000003
2.72
2.79
2.747
2.54
2.687
2.783
2.86
2.7230000000000003
2.8
2.491
2.556
2.803
2.544
2.829
2.5610000000000004
2.901
2.684
2.599
2.533
2.867
2.423
3.044
2.597
2.769
2.644
2.779
2.756
2.719
2.947
2.65
2.81
2.647
3.011
3.036
2.57
2.692
2.824
2.516
3.015
2.688
3.015
2.756
2.954
2.681
2.435
2.678
2.641
2.902
2.722
2.7260000000000004
2.865
2.794
2.6910000000000003
2.678
3.054
2.985
2.678
2.885
2.729
2.877
2.877
2.7060000000000004
2.608
2.6060000000000003
2.847
2.8080000000000003
2.786
2.9730000000000003
2.677
2.631
2.8960000000000004
3.085
2.977
2.725
2.661
2.932
2.7060000000000004
2.897
2.667
2.972
2.502
2.48
2.924
2.739
2.582
2.843
2.838
2.739
2.531
2.824
2.662
2.459
2.689
2.9
2.742
2.767
2.865
2.678
2.294
2.863
2.655
2.356
2.939
2.556
2.718
2.708
2.863
2.818
2.7030000000000003
2.835
2.349
2.684
2.508
2.457
2.834
2.894
2.904
2.9160000000000004
2.838
2.715
2.858
2.794
2.914
2.741
3.032
2.753
2.61
2.525
2.705
2.685
2.725
3.215
2.817
2.521
2.704
2.812
2.4290000000000003
2.698
2.478
2.793
2.4530000000000003
2.932
2.827
2.988
2.611
2.582
2.817
2.6860000000000004
2.843
2.6010000000000004
2.793
2.776
2.984
2.7710000000000004
2.679
2.38
2.468
2.394
2.737
2.8280000000000003
2.563
2.494
2.47
2.95
2.717
2.805
2.878
2.562
2.471
2.504
2.478
2.497
2.695
2.463
2.604
2.24
2.837
2.817
2.761
2.84
2.669
2.79
2.712
2.962
2.693
2.637
2.801
2.923
2.459
2.67
2.375
3.024
2.71
2.878
2.687
2.695
3.17
2.774
2.662
2.727
2.396
2.564
2.8510000000000004
2.885
2.964
2.513
2.855
2.79
2.456
2.584
2.611
2.492
2.948
2.648
2.697
2.714
2.678
3.037
2.501
2.8110000000000004
2.762
2.628
3.007
2.817
2.704
2.9530000000000003
2.906
2.729
2.217
2.963
2.6010000000000004
2.76
2.712
2.599
2.795
2.5340000000000003
2.909
2.9810000000000003
2.637
2.7960000000000003
2.922
2.745
2.687
2.934
2.225
2.478
2.386
2.525
2.687
2.724
2.749
2.846
2.658
2.582
2.5580000000000003
2.659
2.889
2.844
2.779
2.733
2.917
3.112
2.674
2.97
2.559
2.907
2.518
2.649
2.99
2.687
2.917
3.056
2.589
2.181
2.858
2.983
2.6660000000000004
2.7880000000000003
3.188
2.902
2.692
2.8510000000000004
2.792
2.88
3.015
2.701
2.806
2.957
2.82
2.454
2.9330000000000003
2.9
2.709
2.568
2.911
2.813
2.8
2.5380000000000003
2.604
2.887
2.8280000000000003
2.498
2.785
2.738
2.632
2.6060000000000003
2.424
2.9
2.66
2.734
2.745
2.697
2.702
2.9
2.754
2.812
2.773
2.989
2.552
2.863
2.617
2.637
2.748
2.651
2.722
3.112
2.359
2.922
2.356
2.502
2.625
2.529
2.5380000000000003
2.576
2.7960000000000003
2.806
2.807
2.734
2.807
2.814
2.65
3.1260000000000003
2.839
2.765
2.764
2.952
2.548
2.792
2.885
2.397
2.695
2.675
2.437
2.695
2.428
2.801
2.611
2.854
2.577
2.979
2.932
2.696
2.776
2.594
2.745
2.728
2.823
2.988
2.709
2.495
2.572
2.396
2.658
2.834
2.747
3.06
2.725
2.992
2.635
2.522
3.117
2.5610000000000004
2.639
2.923
2.949
2.744
2.759
2.904
2.656
3.114
2.707
2.756
2.967
2.8710000000000004
2.798
2.63
2.653
2.595
2.737
2.7910000000000004
2.74
2.835
2.835
2.832
2.965
2.414
2.763
2.732
2.824
3.277
2.715
2.798
2.619
2.652
3.099
2.693
2.774
2.7910000000000004
2.927
2.481
2.225
2.628
2.642
2.855
2.885
2.342
2.7460000000000004
2.732
2.865
2.967
2.9160000000000004
2.785
2.919
2.484
2.526
2.331
2.721
2.719
2.922
2.63
2.367
2.844
2.946
2.77
2.71
2.432
2.823
2.592
2.537
2.367
2.457
2.509
2.745
2.843
2.905
2.599
2.9360000000000004
2.793
2.997
2.832
2.733
2.684
2.88
2.583
2.937
2.777
2.732
2.592
3.039
2.6660000000000004
2.741
2.713
2.501
2.774
2.467
2.688
2.6830000000000003
2.4
2.972
2.78
2.729
2.869
2.745
2.8160000000000003
2.903
2.881
2.7260000000000004
2.564
2.792
2.645
3.007
2.609
2.855
2.736
2.7060000000000004
2.951
2.207
2.908
2.684
2.451
2.966
2.585
2.537
2.497
2.943
2.847
2.556
2.709
2.834
2.877
2.829
2.797
2.644
2.797
2.8310000000000004
2.625
2.546
2.615
2.588
2.885
2.763
2.855
2.759
2.503
2.515
2.58
3.0010000000000003
2.575
2.693
2.398
2.694
2.75
2.512
2.79
2.463
2.783
2.31
2.783
2.5660000000000003
2.714
2.784
2.61
2.742
2.537
2.963
2.635
2.678
2.841
2.511
2.672
2.714
2.748
2.833
2.547
2.702
2.7510000000000003
2.802
2.681
2.611
2.602
2.865
2.9960000000000004
2.552
2.623
2.793
2.863
2.8160000000000003
2.902
2.685
3.2460000000000004
2.7
2.68
2.565
2.885
2.734
2.783
2.6630000000000003
2.515
2.521
2.863
2.443
2.522
2.885
2.799
2.902
2.909
2.787
3.022
2.821
2.651
2.975
2.511
2.963
2.77
2.615
2.8110000000000004
2.827
2.707
3.092
2.736
2.687
2.408
2.294
2.605
2.379
2.692
2.6460000000000004
2.958
2.346
2.639
2.354
2.658
2.855
2.676
2.568
2.841
2.587
2.964
2.696
2.769
2.741
2.364
2.864
2.257
2.767
2.784
2.866
2.807
2.684
2.825
2.471
2.636
2.958
2.589
2.616
2.5780000000000003
2.667
2.827
2.866
2.777
3.027
2.989
2.492
2.391
3.093
2.945
2.882
2.643
2.842
2.6630000000000003
2.387
2.849
2.879
2.597
2.885
2.4330000000000003
2.319
2.842
2.792
2.654
2.909
2.664
3.027
2.587
2.584
2.68
2.755
2.929
2.93
2.398
2.625
2.84
2.595
2.847
2.634
2.825
2.642
2.83
2.62
2.841
2.798
2.88
2.6660000000000004
2.918
2.311
2.6910000000000003
2.472
2.946
2.838
2.773
2.421
3.0410000000000004
2.864
2.7230000000000003
2.485
3.007
2.849
2.562
2.7230000000000003
2.904
2.745
2.911
2.062
2.61
2.6180000000000003
3.027
2.712
2.784
2.748
3.137
2.855
2.704
2.717
2.759
2.631
2.657
2.664
2.879
2.821
2.984
2.702
2.694
2.8160000000000003
2.92
2.676
3.0860000000000003
2.442
2.839
2.526
2.681
2.786
3.067
2.7710000000000004
2.7960000000000003
2.607
3.029
2.6260000000000003
2.648
2.875
2.431
2.869
2.659
2.716
2.756
2.7880000000000003
2.789
2.883
3.094
2.8560000000000003
2.56
2.883
2.615
2.826
2.542
3.009
2.874
2.804
3.028
2.693
2.569
2.78
2.919
2.855
2.648
2.644
2.714
2.584
2.763
2.959
2.49
2.687
2.853
2.713
3.136
2.6910000000000003
2.942
2.745
2.592
2.748
2.907
2.689
2.714
3.069
2.5810000000000004
2.6660000000000004
2.53
3.117
2.98
2.718
2.549
3.0660000000000003
2.633
2.818
2.818
2.6860000000000004
2.526
2.5
2.815
3.023
2.88
2.8960000000000004
2.9530000000000003
2.7
2.7
2.96
2.786
2.466
2.778
2.716
3.026
2.716
2.636
2.424
2.74
2.9330000000000003
2.772
2.576
2.794
2.652
2.54
2.679
2.701
2.72
2.841
2.605
2.767
2.694
2.5380000000000003
2.652
2.995
2.599
2.753
2.959
2.63
3.099
2.636
3.05
2.416
2.321
2.519
2.917
2.799
2.838
2.855
2.609
2.719
2.943
2.813
2.81
2.824
2.991
2.8160000000000003
2.607
2.801
2.589
2.484
2.944
2.405
2.844
2.591
2.832
2.792
2.697
2.7
2.787
2.622
2.914
2.94
2.821
3.012
2.792
2.6830000000000003
2.7910000000000004
2.7030000000000003
2.589
2.8
2.891
2.432
2.75
2.84
2.627
2.305
2.687
2.463
2.655
2.909
2.729
2.9330000000000003
2.735
2.462
2.623
2.937
2.755
2.9130000000000003
3.085
2.9
2.891
2.852
2.8680000000000003
2.654
2.795
2.7430000000000003
2.762
2.773
2.959
2.803
2.58
2.661
2.898
2.513
2.93
2.813
2.648
2.339
2.697
2.891
2.762
2.758
2.764
2.803
2.983
2.644
2.709
2.827
2.86
2.97
2.371
2.696
2.52
2.7230000000000003
2.6180000000000003
2.678
2.654
2.627
2.615
2.733
2.779
2.824
2.81
3.007
2.464
2.821
2.699
2.7030000000000003
2.547
2.95
2.709
2.946
2.765
2.689
2.214
2.8710000000000004
2.9360000000000004
2.548
2.765
2.749
2.7510000000000003
2.967
2.994
2.754
2.745
2.878
2.552
2.801
2.862
2.758
2.745
2.674
2.537
2.563
2.718
2.408
2.803
2.762
2.494
2.877
2.677
2.8160000000000003
2.859
2.901
2.777
2.551
2.805
3.027
2.65
2.603
2.861
2.924
2.992
2.712
2.821
2.765
2.845
2.765
2.785
2.521
2.7260000000000004
2.722
2.934
2.567
2.797
2.6660000000000004
2.54
2.523
2.321
2.506
2.624
3.017
2.71
2.753
2.613
2.747
2.567
2.774
2.603
2.867
3.073
2.893
2.865
2.713
2.258
2.835
2.798
2.9560000000000004
2.443
2.665
2.772
2.527
2.741
2.622
2.951
2.602
2.9160000000000004
2.565
2.869
2.4930000000000003
2.297
2.4930000000000003
2.51
2.774
2.647
2.8110000000000004
2.682
2.817
2.575
2.855
2.9810000000000003
2.611
2.49
2.637
2.729
2.64
2.63
2.651
2.756
2.442
2.8110000000000004
2.633
2.615
2.88
3.192
2.687
2.766
2.667
2.875
2.803
2.8510000000000004
2.845
2.931
2.765
2.72
2.76
2.689
2.531
3.162
2.705
2.492
2.377
2.716
2.995
3.014
2.91
2.668
2.748
2.572
3.085
2.829
2.499
2.9360000000000004
2.6460000000000004
2.468
2.657
2.736
2.509
2.736
2.557
2.859
2.63
3.023
2.649
2.362
2.767
2.462
2.932
2.584
2.482
2.565
2.923
3.088
2.5660000000000003
3.025
2.623
2.511
2.8760000000000003
2.967
2.585
2.847
2.676
2.5610000000000004
2.587
2.937
2.7910000000000004
2.734
2.734
2.739
2.681
2.805
2.97
2.656
3.116
2.628
2.4090000000000003
2.798
2.813
2.465
2.804
2.893
2.832
2.757
2.881
2.98
2.745
3.006
2.708
2.705
2.549
2.5580000000000003
2.883
2.935
2.929
2.833
2.9130000000000003
2.9160000000000004
2.539
2.854
2.707
2.988
3.068
2.69
2.655
3.069
2.694
2.602
2.842
2.739
2.782
2.965
2.602
2.613
2.484
2.872
2.483
2.9530000000000003
2.656
2.928
2.78
2.867
2.88
2.911
2.58
3.154
2.727
2.099
2.74
2.628
2.957
2.648
2.793
2.664
2.79
2.935
2.656
2.729
2.793
2.748
2.832
2.812
2.627
2.644
2.929
2.529
2.241
2.636
2.7710000000000004
2.667
2.802
2.722
2.8480000000000003
1.676
2.812
2.7960000000000003
2.79
2.799
2.8
2.732
2.432
2.926
2.674
2.958
2.22
2.809
2.823
2.802
2.654
2.268
2.984
2.783
2.812
2.841
2.917
2.695
2.782
2.71
2.736
2.803
2.6830000000000003
2.6660000000000004
2.773
2.885
2.672
2.712
2.804
2.727
2.773
2.572
3.035
2.5860000000000003
2.9210000000000003
2.667
2.776
2.593
2.577
2.775
2.579
2.6010000000000004
2.813
3.019
2.786
2.609
2.806
2.854
2.994
2.55
2.861
2.68
2.629
2.884
2.917
2.87
2.837
2.959
2.928
2.844
3.074
2.61
2.847
2.75
2.483
2.541
2.452
2.625
2.456
2.841
2.292
2.872
2.863
2.776
2.7310000000000003
2.773
2.714
2.379
2.81
2.488
2.643
2.8360000000000003
2.644
2.613
2.733
2.827
2.807
2.966
2.853
2.72
2.6710000000000003
3.016
2.7460000000000004
2.968
2.6860000000000004
2.806
2.633
2.805
2.694
2.457
2.291
2.54
2.333
2.725
2.62
2.6460000000000004
2.633
2.94
2.895
2.603
2.772
2.5660000000000003
2.531
2.8960000000000004
2.7
2.77
2.65
2.67
2.807
3.044
2.6
3.0210000000000004
2.68
2.361
2.693
2.931
2.689
2.885
2.776
3.032
2.995
2.615
2.94
2.664
2.861
3.1010000000000004
2.565
2.7460000000000004
2.638
2.692
2.786
2.697
2.951
2.629
2.715
2.619
2.9
2.374
2.793
2.833
2.548
2.834
2.818
2.865
2.64
2.532
2.934
2.906
2.655
2.294
2.7880000000000003
2.786
2.469
2.44
2.8960000000000004
2.637
2.512
2.349
2.641
2.785
2.737
2.872
2.82
2.865
2.705
2.536
2.573
2.854
2.481
2.5980000000000003
2.76
2.7430000000000003
2.922
2.93
2.519
2.733
2.763
2.857
2.541
3.025
2.907
2.888
2.278
3.054
2.602
2.785
2.619
2.965
2.7230000000000003
2.481
2.696
2.705
2.779
2.553
2.522
2.654
2.952
2.65
2.564
1.408
2.359
2.8360000000000003
3.065
2.505
2.7880000000000003
2.8
2.846
2.824
2.641
2.733
2.8280000000000003
2.774
2.718
2.513
2.3
2.928
2.922
2.717
2.7460000000000004
2.847
2.762
2.9530000000000003
2.804
2.897
2.841
2.924
2.474
2.672
2.769
2.821
2.818
2.708
2.824
2.475
2.248
2.537
2.432
2.885
2.656
2.582
2.643
2.605
2.923
2.625
2.914
2.742
2.794
2.965
2.9810000000000003
2.656
2.955
2.79
2.67
2.617
2.773
2.823
2.855
2.776
2.517
2.911
2.603
2.7060000000000004
2.781
2.93
2.889
2.408
2.922
2.733
2.767
3.241
3.01
2.563
2.476
2.506
2.778
2.85
3.029
2.516
2.801
2.58
2.6260000000000003
2.841
2.309
2.697
2.7110000000000003
2.971
2.8310000000000004
2.7
2.582
2.8510000000000004
2.5860000000000003
2.143
2.784
3.142
2.733
2.6660000000000004
2.71
2.918
2.879
2.565
2.669
2.841
2.638
2.423
2.714
2.421
3.014
2.655
2.708
2.49
2.812
2.69
3.124
2.443
2.506
2.806
2.579
2.82
2.614
2.9360000000000004
2.789
2.674
2.823
2.347
2.795
2.777
2.491
2.96
2.031
2.938
2.469
2.587
2.854
2.853
2.556
2.509
2.75
2.6830000000000003
2.664
2.59
2.797
2.752
2.655
2.799
2.616
2.585
2.672
2.367
2.634
2.847
2.631
2.487
2.739
2.7
2.802
2.749
2.833
2.444
2.532
2.533
2.88
2.724
2.556
2.7
2.901
2.73
2.608
2.923
2.898
2.7460000000000004
2.667
2.863
2.613
2.794
2.702
2.379
2.764
2.357
2.635
2.756
2.5340000000000003
2.883
2.617
2.7910000000000004
2.736
2.632
2.891
2.486
2.449
2.833
2.764
2.559
3.003
2.519
3.057
2.818
2.75
2.709
2.795
2.903
2.635
2.834
2.221
2.881
2.8
2.8710000000000004
2.47
3.014
2.69
2.975
2.792
2.687
2.89
2.72
2.635
2.843
2.633
2.576
2.76
2.74
2.716
2.951
2.8760000000000003
2.701
2.988
2.662
2.492
2.859
2.627
2.739
2.14
2.332
2.753
2.792
2.9810000000000003
2.653
2.701
2.8560000000000003
2.569
2.535
2.603
2.619
2.76
2.744
2.931
2.795
2.475
1.443
2.762
2.774
2.727
2.71
2.719
2.86
2.758
3.033
2.579
2.813
2.5380000000000003
2.892
2.77
2.8280000000000003
