2.278
2.374
2.5780000000000003
2.496
2.689
2.884
2.712
1.124
2.4
2.499
2.895
2.307
2.665
2.522
2.819
2.55
1.89
2.468
2.486
2.187
2.084
2.305
2.572
2.552
2.487
2.546
2.736
2.535
2.309
2.817
2.468
2.79
2.611
2.4930000000000003
2.6660000000000004
2.519
2.104
2.458
3.0580000000000003
2.514
2.499
2.7910000000000004
2.282
2.797
2.522
2.643
2.839
2.843
2.623
2.056
2.644
2.824
2.455
2.552
1.923
2.846
2.591
1.77
2.602
3.087
2.681
2.695
2.08
2.17
2.442
1.972
2.842
2.571
3.042
2.4530000000000003
1.571
2.565
2.857
2.25
2.702
2.745
2.7960000000000003
1.947
2.769
2.853
2.677
2.9330000000000003
2.344
2.6630000000000003
2.714
1.746
1.733
2.191
2.5810000000000004
2.744
2.748
2.83
2.142
2.6830000000000003
3.04
2.182
2.276
2.2840000000000003
2.613
2.454
2.543
2.785
2.522
2.468
2.451
2.251
2.522
2.415
2.852
3.169
2.756
2.526
2.573
2.806
2.55
2.878
2.592
2.615
2.2
2.7
2.469
2.56
2.607
2.468
2.339
2.41
2.617
2.607
2.01
2.574
2.7030000000000003
2.7310000000000003
2.081
2.6
2.44
2.648
2.59
2.36
2.446
2.514
2.608
2.26
2.315
2.511
2.674
2.066
2.064
2.258
2.428
2.884
2.452
2.623
2.5780000000000003
2.855
1.958
2.741
2.847
1.891
2.512
2.64
2.536
2.879
2.371
2.799
2.614
2.8560000000000003
2.093
2.063
2.178
2.628
2.787
2.668
2.709
2.821
2.084
2.367
2.393
2.619
1.649
2.481
2.358
2.642
2.719
1.988
2.42
2.529
2.383
2.513
2.343
2.74
2.4730000000000003
2.12
2.2880000000000003
2.236
2.496
2.729
2.717
2.675
1.81
2.301
2.474
2.531
2.032
2.822
2.71
2.467
2.7
2.37
2.355
2.395
2.824
2.864
2.298
2.4730000000000003
2.546
2.471
2.584
2.173
2.385
2.309
2.112
2.78
2.971
2.688
2.685
2.147
2.233
2.539
2.855
2.43
2.492
2.636
2.432
2.605
2.471
2.543
2.549
2.274
2.8
2.017
2.637
2.27
2.633
2.562
2.5540000000000003
3.051
1.828
2.736
2.62
2.758
2.595
2.455
1.957
2.584
2.55
2.613
2.677
2.673
2.7960000000000003
2.583
2.536
2.647
2.035
2.591
2.648
2.783
2.467
2.591
2.709
3.055
2.877
2.509
2.777
2.334
2.678
1.945
2.476
2.605
2.449
2.576
2.609
2.278
2.8710000000000004
1.917
2.596
2.079
2.685
2.672
2.809
1.89
2.28
2.698
2.083
2.699
2.247
2.256
2.476
2.228
2.513
2.659
2.411
2.749
2.335
1.923
2.63
2.676
2.616
2.459
2.701
2.182
2.382
2.76
2.472
2.25
2.605
2.716
2.742
2.627
2.729
2.761
2.741
2.577
2.839
2.377
2.574
2.789
2.82
2.499
2.147
1.962
1.504
2.411
2.465
2.742
2.596
2.317
2.628
2.728
2.504
2.489
2.426
2.688
2.109
2.191
2.7710000000000004
2.35
1.955
2.721
2.37
2.214
2.464
2.449
2.68
2.144
2.261
2.53
2.438
2.689
2.588
2.7710000000000004
2.597
2.396
2.143
2.668
2.803
2.677
2.55
2.478
2.411
2.266
2.505
2.5810000000000004
2.928
2.576
2.435
2.7060000000000004
2.583
2.457
2.455
2.524
2.772
1.733
2.642
2.867
3.018
2.735
2.8310000000000004
2.494
2.625
2.577
2.497
2.57
2.275
2.741
2.325
2.108
2.814
2.089
2.411
2.405
1.861
2.45
2.517
2.508
2.562
2.505
2.652
2.783
2.337
2.874
2.045
2.465
2.53
2.644
2.64
3.006
3.004
2.773
2.548
2.5580000000000003
2.679
2.536
1.924
2.382
2.773
2.758
2.625
2.694
2.455
2.478
2.537
2.121
2.114
1.889
2.632
2.485
2.701
2.562
2.7510000000000003
2.615
2.403
2.709
2.762
2.531
2.677
2.544
2.553
2.389
2.278
2.819
2.6010000000000004
2.4930000000000003
2.207
2.19
2.583
2.503
2.604
2.287
2.522
2.123
2.608
2.7460000000000004
