2.116
2.184
2.178
2.296
2.209
2.396
2.303
2.291
2.152
2.153
2.631
2.4530000000000003
2.335
2.194
2.339
2.823
2.34
2.38
2.094
2.219
3.017
2.254
2.597
2.414
2.373
2.025
2.224
3.017
2.45
2.2230000000000003
2.401
2.412
2.147
2.782
2.19
2.514
2.369
2.219
2.425
2.102
2.376
2.415
2.254
2.345
2.385
2.87
2.46
2.238
2.389
2.548
2.4
2.287
2.147
1.937
2.266
2.318
1.978
2.572
2.374
2.237
2.266
2.303
2.15
2.44
2.321
2.218
2.631
2.176
2.427
2.352
2.214
2.204
2.26
2.518
2.269
2.406
2.407
2.221
2.645
2.307
2.268
2.217
2.757
2.599
2.252
2.365
2.096
2.35
2.317
2.506
2.4730000000000003
2.319
2.471
2.34
2.237
2.3040000000000003
2.393
2.268
2.189
2.363
2.047
2.357
2.325
2.392
2.273
1.879
2.51
1.882
2.325
2.196
2.44
2.129
2.2430000000000003
3.008
2.186
2.263
2.081
2.291
2.551
2.604
2.397
1.94
2.668
2.175
2.456
2.335
2.432
2.214
2.423
2.369
2.102
2.4130000000000003
2.518
2.194
2.279
2.139
2.477
2.316
2.316
3.01
2.555
2.334
2.478
2.439
2.532
2.327
2.157
2.329
2.391
2.658
2.045
2.382
2.497
2.114
2.359
2.141
2.3
2.786
2.533
2.3
2.402
2.1630000000000003
2.2880000000000003
2.5
2.276
2.354
2.033
2.9530000000000003
2.568
2.136
2.276
2.448
2.612
2.222
2.593
2.281
2.431
2.17
2.766
2.06
2.5860000000000003
2.668
2.4090000000000003
2.69
2.333
2.593
2.428
2.167
2.631
2.673
2.415
2.604
3.222
2.631
2.503
2.329
2.314
2.557
2.175
2.579
2.15
2.596
2.625
2.456
2.485
2.242
2.17
2.172
2.295
2.567
2.238
2.331
2.235
2.31
2.313
2.277
2.375
2.202
2.393
2.411
2.215
2.441
2.795
2.252
2.267
2.861
2.536
2.416
2.587
2.464
2.583
2.67
2.372
2.285
2.153
2.33
2.398
2.472
2.192
2.198
2.366
2.22
2.139
2.4530000000000003
2.444
2.279
2.39
2.345
2.53
2.268
2.239
2.13
2.313
2.407
2.255
2.451
2.505
2.016
2.277
2.063
2.1
2.4290000000000003
2.165
2.344
2.343
2.202
2.309
2.331
2.1630000000000003
2.261
2.465
2.335
2.205
2.577
2.127
2.573
2.274
2.393
2.366
2.507
2.4930000000000003
2.445
2.579
2.481
2.815
2.344
1.992
2.152
2.559
2.274
2.211
2.145
2.16
2.2880000000000003
2.381
2.233
2.255
2.543
2.839
2.573
2.362
2.358
2.5580000000000003
2.774
2.25
2.6710000000000003
2.224
2.988
2.715
2.649
2.229
2.532
2.424
2.57
2.397
2.542
2.257
2.338
2.692
2.374
3.135
2.238
2.55
2.582
1.958
2.248
2.486
2.64
2.675
2.4530000000000003
2.407
2.362
2.404
2.342
2.4290000000000003
2.556
2.291
2.225
2.502
2.687
2.329
2.442
2.412
2.421
2.641
2.383
2.088
2.7230000000000003
2.157
2.1630000000000003
2.425
2.438
2.466
2.422
2.512
2.417
2.38
2.208
2.199
2.43
2.232
2.1590000000000003
2.092
2.573
2.102
2.321
2.4530000000000003
2.249
2.376
2.309
2.314
2.728
2.483
2.096
2.12
2.334
2.296
2.107
2.395
2.274
2.575
2.6180000000000003
2.422
2.1790000000000003
2.344
2.559
2.33
2.226
2.4090000000000003
2.114
2.237
2.488
2.464
2.47
2.556
2.604
1.997
2.389
2.334
2.729
2.34
2.385
2.395
2.372
2.4130000000000003
2.324
2.634
2.105
2.373
2.364
2.599
2.09
2.376
2.283
2.124
2.603
2.206
2.3680000000000003
3.049
2.149
2.155
2.4130000000000003
2.436
2.49
2.696
2.36
2.485
2.959
2.232
2.285
2.479
2.61
2.043
2.242
2.314
2.359
2.388
3.412
2.323
2.326
2.347
2.178
2.4
2.366
2.604
2.258
2.224
2.17
2.117
2.5810000000000004
1.991
2.418
1.589
2.454
2.336
2.305
2.192
2.648
2.482
2.507
2.533
2.483
2.232
2.114
2.43
2.129
2.7
2.562
2.357
2.9210000000000003
2.411
2.521
2.145
2.287
2.38
2.28
2.45
2.607
2.312
2.594
2.145
2.374
2.25
2.312
2.313
2.649
2.8160000000000003
2.254
2.198
2.212
2.361
1.995
2.199
2.219
2.455
2.701
2.201
2.064
2.406
2.136
2.939
2.609
2.237
2.246
2.277
2.276
2.533
2.47
2.54
2.432
2.408
2.089
2.128
2.061
2.582
2.316
2.484
2.475
2.387
2.188
2.28
2.232
2.143
2.75
2.426
2.338
2.2840000000000003
2.535
2.367
2.1790000000000003
2.005
2.615
2.215
2.529
2.279
2.474
1.978
2.385
2.614
2.72
2.466
2.26
2.156
2.346
2.864
2.754
2.346
2.5
2.3480000000000003
2.522
2.184
2.235
2.411
2.166
2.246
2.212
2.032
1.929
2.196
2.291
2.204
2.213
2.464
2.401
2.428
2.361
2.282
2.329
2.549
2.587
2.354
2.261
2.381
2.386
2.169
2.246
2.53
2.517
2.355
2.344
2.302
2.352
2.843
2.591
2.333
2.449
2.869
2.081
2.276
1.304
2.187
2.311
2.143
2.31
2.306
2.378
2.4090000000000003
2.172
2.642
2.323
2.644
2.139
1.977
2.211
2.28
2.378
2.286
2.129
2.323
2.3040000000000003
2.261
2.414
1.95
2.445
2.201
2.802
2.335
2.495
2.228
2.258
2.398
2.861
2.121
2.337
2.173
2.332
2.237
2.357
2.1180000000000003
2.335
2.231
2.255
2.628
2.213
2.351
2.301
2.134
2.5780000000000003
2.773
2.627
2.4930000000000003
2.441
2.519
2.747
2.533
2.541
2.415
2.171
2.693
2.258
2.38
2.602
2.303
2.463
2.408
2.482
2.639
2.145
2.419
1.821
2.365
2.182
2.448
2.741
2.952
2.346
2.166
2.247
2.639
2.408
2.1630000000000003
2.457
2.162
2.459
2.302
2.282
2.548
2.207
2.555
2.446
2.335
2.13
2.426
2.393
2.261
2.2
2.785
2.4530000000000003
2.239
2.401
2.247
1.941
2.404
2.112
2.107
2.448
2.269
2.326
2.356
2.295
2.157
2.404
2.662
2.436
2.115
2.47
2.659
2.283
2.258
2.782
2.778
2.416
2.332
2.244
2.164
2.381
2.495
2.268
2.246
2.488
3.0010000000000003
2.535
2.821
2.6630000000000003
2.677
2.6460000000000004
2.297
2.252
2.319
2.177
2.1790000000000003
2.145
2.383
2.7060000000000004
2.404
2.402
2.559
2.346
3.053
2.522
2.075
2.214
2.42
2.307
2.545
2.544
2.434
2.327
2.261
2.465
2.232
2.329
2.5780000000000003
2.494
2.224
2.483
2.093
2.613
2.139
2.363
2.513
2.117
2.027
2.129
2.373
2.39
2.458
2.074
1.963
2.588
2.516
2.658
2.44
2.4130000000000003
2.289
2.306
2.2880000000000003
2.41
2.024
1.857
2.208
1.736
2.826
2.4090000000000003
2.6910000000000003
2.416
2.427
2.189
2.502
2.097
2.254
2.875
2.3480000000000003
2.129
2.092
2.23
2.599
3.051
2.382
2.63
2.068
2.389
2.343
2.779
2.272
2.298
2.2840000000000003
2.404
2.7030000000000003
2.541
2.303
2.355
2.066
2.1630000000000003
2.0780000000000003
1.916
2.661
2.6180000000000003
2.388
2.714
2.089
2.416
2.016
2.49
2.435
2.076
2.487
2.021
2.005
2.363
2.399
2.231
2.678
2.378
2.431
2.277
2.247
2.336
2.426
2.2430000000000003
2.442
2.359
2.584
2.3
1.962
2.216
2.316
2.604
2.5380000000000003
2.009
2.5860000000000003
2.422
2.658
2.556
2.0380000000000003
2.396
2.49
2.617
2.392
2.13
2.459
2.202
2.311
2.104
2.536
2.257
2.887
2.285
2.197
2.508
2.095
2.604
2.369
2.276
2.154
2.373
2.2880000000000003
2.5860000000000003
2.144
2.495
2.302
2.25
2.459
2.305
2.6210000000000004
2.329
2.235
1.952
2.355
2.264
2.799
2.365
2.34
2.628
2.472
2.38
2.238
2.906
2.302
2.301
2.5
2.543
2.411
3.0580000000000003
2.298
2.343
2.544
2.443
2.613
2.047
2.4130000000000003
1.835
2.596
2.471
2.426
2.4130000000000003
2.351
2.508
2.404
2.343
2.517
2.676
2.543
2.529
2.133
2.209
2.379
2.397
2.659
2.653
2.47
2.398
2.343
2.121
2.497
2.405
2.388
2.238
2.272
2.369
2.414
2.803
2.437
2.172
2.096
2.141
2.65
2.345
2.7230000000000003
2.378
2.61
2.513
2.551
2.356
2.674
2.345
2.447
2.635
2.229
2.398
2.552
2.338
2.443
2.518
2.417
2.366
2.391
2.424
2.83
2.2880000000000003
2.448
2.837
2.266
2.404
2.5380000000000003
2.5780000000000003
2.6210000000000004
2.346
2.387
2.346
2.364
2.298
2.37
2.134
2.451
2.341
2.088
2.387
2.257
2.093
2.491
2.327
2.4730000000000003
2.395
2.553
2.438
2.025
2.448
2.778
2.6180000000000003
2.231
2.716
2.2
2.105
2.632
2.181
2.228
2.34
2.426
2.498
2.387
2.143
2.298
2.486
2.294
2.224
2.259
2.502
1.828
2.272
2.373
2.184
2.695
2.472
2.45
2.379
2.218
2.44
2.599
2.518
2.477
3.048
2.414
2.629
2.23
2.138
2.491
2.238
2.364
2.827
2.005
2.325
2.375
2.096
2.346
2.149
2.823
2.313
2.48
2.549
2.4130000000000003
2.487
2.482
2.507
2.287
2.741
2.664
2.394
2.398
2.269
2.386
2.355
2.28
2.22
2.282
2.392
2.198
2.387
2.367
2.262
2.294
2.307
2.7230000000000003
2.541
2.14
2.804
2.303
2.38
2.54
2.439
2.517
2.589
2.125
1.813
2.484
2.142
2.455
2.44
2.258
2.0980000000000003
2.614
2.271
2.086
2.4130000000000003
2.384
2.079
2.569
2.332
2.323
2.428
2.5860000000000003
2.5810000000000004
2.34
2.166
2.927
2.329
2.49
2.005
2.607
2.434
2.401
2.472
2.462
2.605
2.5980000000000003
2.115
2.275
2.466
2.192
2.14
2.665
2.37
2.289
2.447
2.62
2.454
2.114
2.247
2.47
2.302
2.515
2.23
2.253
2.1
2.382
2.282
2.224
2.262
2.482
2.236
2.634
2.77
2.295
2.214
2.235
1.877
2.556
2.563
2.329
2.268
2.39
2.507
2.149
2.23
2.351
2.299
2.408
2.239
2.313
2.529
2.497
2.4
2.5660000000000003
2.395
2.506
2.352
2.321
2.497
2.47
2.289
2.436
2.494
2.39
2.611
2.314
2.188
2.38
2.345
2.337
2.302
2.224
2.285
2.383
2.326
2.428
2.276
2.129
2.379
2.442
2.559
2.218
2.064
2.427
2.475
2.54
2.068
2.215
2.316
2.242
2.301
2.256
2.4130000000000003
2.043
2.402
2.334
2.343
2.502
2.659
3.073
2.459
2.548
2.576
2.268
2.212
2.106
2.4330000000000003
2.61
2.7
2.084
2.458
2.265
2.547
2.227
2.301
2.474
2.404
2.472
2.326
2.396
2.458
2.329
2.495
2.241
2.745
2.149
2.144
2.387
2.385
2.321
2.395
2.245
2.444
2.693
2.391
2.577
2.137
2.217
2.301
2.412
2.127
2.462
2.568
2.249
2.158
2.358
2.198
2.252
2.347
2.347
2.306
2.332
2.1790000000000003
2.392
2.839
2.608
2.391
2.492
1.771
2.821
2.812
2.488
2.002
2.357
2.096
2.445
2.355
2.525
2.507
2.524
2.43
2.508
2.506
2.2230000000000003
2.436
2.65
2.187
2.463
2.416
2.532
2.293
2.821
2.376
2.434
2.087
2.247
2.529
2.492
2.391
2.364
2.278
2.22
2.252
2.156
2.285
2.171
2.859
2.909
2.579
2.048
2.343
2.253
2.425
2.4330000000000003
2.548
2.313
2.712
2.333
2.632
2.24
2.385
2.7030000000000003
2.27
2.239
2.425
2.296
2.421
2.329
2.451
2.263
2.293
2.479
2.39
2.404
2.66
2.552
2.181
2.191
2.391
2.428
2.5580000000000003
2.574
2.399
2.458
2.394
2.448
2.432
2.193
2.457
2.055
2.29
2.591
2.2030000000000003
2.138
2.228
2.287
2.391
2.205
1.921
2.533
2.516
2.402
2.265
2.5
2.382
2.468
2.54
2.215
1.758
2.501
2.134
2.865
2.319
2.3080000000000003
2.585
2.632
2.448
2.557
1.983
2.337
2.323
2.498
2.324
2.434
2.215
2.5340000000000003
2.572
2.523
2.2
2.72
2.959
2.402
2.66
2.322
2.231
2.307
2.282
2.582
2.146
2.189
2.247
2.167
2.617
2.5780000000000003
2.401
2.198
2.391
2.252
2.074
2.097
2.325
2.475
2.456
2.365
2.297
2.359
2.597
2.457
2.483
2.4
2.147
2.041
2.431
2.454
2.468
2.519
2.248
2.317
2.577
2.431
2.881
2.164
2.343
2.362
2.608
2.502
2.515
2.418
2.384
2.116
2.92
2.249
2.681
2.121
2.622
2.406
2.459
2.393
3.005
2.782
2.053
2.362
2.177
2.13
2.478
2.356
2.305
2.458
2.724
2.402
2.233
2.459
2.289
2.577
2.775
2.418
2.353
2.357
2.112
2.517
2.4530000000000003
2.444
2.227
2.381
2.78
2.577
3.228
2.464
2.387
2.496
2.289
2.431
2.2430000000000003
2.197
2.212
2.254
2.268
2.388
2.478
2.19
2.21
2.32
2.774
2.676
2.7430000000000003
2.3
2.4930000000000003
3.042
2.227
2.249
2.271
2.535
2.344
2.178
2.614
2.524
2.009
2.266
2.713
2.338
2.642
2.475
2.263
2.151
2.293
2.899
2.679
2.556
1.878
1.964
2.78
2.375
2.292
2.355
2.325
2.293
2.56
2.19
2.432
2.72
1.935
2.336
2.016
2.675
2.639
2.483
2.105
2.103
2.297
2.278
2.4130000000000003
2.4130000000000003
2.361
2.3080000000000003
2.955
2.116
2.407
2.4130000000000003
2.653
2.096
1.741
2.539
1.976
2.289
2.381
2.32
2.381
2.641
2.139
2.222
2.274
2.1590000000000003
2.532
2.441
2.319
2.015
2.113
2.44
2.559
2.06
2.545
2.645
2.389
2.479
2.533
3.325
2.292
2.512
2.248
2.456
2.411
2.15
1.764
2.477
2.659
3.221
2.345
2.188
2.393
2.48
2.403
2.559
2.536
2.184
2.402
2.3040000000000003
2.451
2.387
1.783
2.298
2.2430000000000003
2.34
2.688
1.867
2.302
2.323
2.2880000000000003
1.788
2.637
2.242
2.1180000000000003
2.422
2.423
2.412
2.401
2.403
1.948
2.774
2.202
1.87
2.036
2.446
2.374
2.279
2.126
1.858
2.428
2.946
2.28
2.359
2.817
2.662
2.399
2.393
2.47
2.2880000000000003
2.245
2.37
2.362
2.415
2.855
1.56
2.529
2.259
2.317
2.543
2.562
2.2030000000000003
2.267
2.687
2.444
2.396
2.519
2.5540000000000003
2.343
2.189
2.268
2.283
2.199
2.435
2.444
2.347
2.216
2.401
2.334
2.181
2.6210000000000004
2.186
2.465
2.186
2.494
2.325
2.455
2.492
2.236
2.329
2.875
2.324
2.466
2.408
2.091
2.863
2.338
2.918
2.457
2.497
2.217
2.4
2.337
2.69
2.61
2.389
2.526
2.6860000000000004
2.3280000000000003
2.477
2.532
2.331
2.542
2.317
2.444
2.265
2.309
2.091
2.403
2.858
2.702
2.521
2.343
1.919
2.286
2.097
2.266
1.7180000000000002
2.173
2.193
2.165
2.443
2.418
2.372
2.283
2.208
2.505
2.779
2.251
2.525
2.678
2.495
2.131
2.4
2.1790000000000003
2.41
2.32
2.695
2.5340000000000003
2.252
2.443
2.334
2.386
2.351
2.762
2.435
2.604
2.237
2.483
2.38
2.929
2.068
2.381
2.361
2.583
2.056
2.809
2.457
2.727
2.589
2.002
2.197
2.374
2.354
2.323
2.094
2.382
2.108
2.237
2.138
2.334
2.033
2.246
2.479
2.213
2.57
2.247
2.481
2.633
2.509
2.488
2.162
2.239
2.708
2.418
2.351
3.05
2.316
2.3680000000000003
2.458
2.1180000000000003
2.494
2.079
2.668
2.624
2.632
2.377
2.303
2.449
2.3480000000000003
1.846
2.315
2.522
2.362
1.996
2.61
2.371
2.221
2.465
2.641
2.018
2.486
2.629
2.215
2.362
2.46
2.4090000000000003
2.51
2.336
2.136
2.322
2.543
2.422
2.399
2.22
2.107
2.148
2.161
2.4130000000000003
2.619
2.506
2.637
2.361
2.451
1.793
2.201
2.338
2.724
2.575
2.389
2.341
2.094
2.277
2.5810000000000004
2.29
2.158
2.4130000000000003
2.178
2.198
