1.956
1.73
1.815
1.508
1.6580000000000001
2.1630000000000003
1.9909999999999999
2.023
1.672
1.969
1.357
2.1959999999999997
1.845
1.4509999999999998
1.403
1.663
1.8769999999999998
1.724
1.683
2.045
1.5930000000000002
2.035
1.501
1.93
1.547
1.392
1.8530000000000002
1.516
1.6130000000000002
2.127
1.851
1.694
1.591
1.6909999999999998
1.972
1.7080000000000002
1.9080000000000001
1.476
1.9269999999999998
1.883
2.177
1.819
1.4080000000000001
1.5419999999999998
2.069
1.791
2.039
1.8630000000000002
1.9040000000000001
1.6119999999999999
1.965
1.953
2.061
2.021
1.785
1.4069999999999998
2.041
1.525
2.079
1.5390000000000001
1.62
1.8980000000000001
2.021
1.6769999999999998
2.178
2.017
1.4809999999999999
1.591
2.016
1.8619999999999999
1.692
1.965
2.103
1.811
1.94
2.104
1.861
1.631
1.7380000000000002
1.681
1.704
1.8630000000000002
1.506
1.925
1.339
2.0780000000000003
1.9569999999999999
1.768
2.1390000000000002
1.6130000000000002
1.8780000000000001
1.7409999999999999
1.605
1.629
2.213
1.508
1.375
1.474
2.046
1.6369999999999998
1.4809999999999999
1.569
1.984
1.9380000000000002
2.0469999999999997
1.3359999999999999
2.231
1.9969999999999999
2.225
2.09
1.507
1.995
1.95
1.571
1.197
1.788
2.083
1.913
1.797
1.421
2.088
1.963
1.662
2.0
1.5219999999999998
2.105
2.218
2.169
1.808
1.994
1.399
1.726
1.495
1.625
1.483
1.534
1.754
1.5530000000000002
1.742
1.704
2.012
1.681
1.4580000000000002
1.858
1.673
2.056
2.1319999999999997
1.776
2.02
1.6280000000000001
2.154
1.7469999999999999
2.0180000000000002
1.745
1.91
1.7280000000000002
2.109
1.886
1.46
1.79
2.033
1.518
2.035
1.538
1.7480000000000002
2.197
1.391
1.615
1.5490000000000002
2.1
1.7380000000000002
1.56
1.784
2.151
1.8559999999999999
2.019
1.8980000000000001
1.604
1.732
1.804
2.305
1.617
1.525
1.6119999999999999
1.889
1.893
2.101
1.9409999999999998
1.568
2.044
1.5659999999999998
1.421
1.598
1.729
1.7080000000000002
1.944
1.546
1.6640000000000001
2.02
2.063
2.104
1.639
1.5030000000000001
1.683
1.526
1.911
1.9069999999999998
1.985
2.013
1.963
1.936
1.746
1.4180000000000001
1.949
2.131
1.587
2.166
2.096
2.068
2.191
1.979
1.476
1.402
1.655
1.9069999999999998
1.876
1.893
1.455
1.919
2.157
1.651
1.7209999999999999
1.5530000000000002
1.635
1.9140000000000001
2.0709999999999997
2.02
1.93
2.305
1.494
1.661
2.162
1.839
1.7930000000000001
1.5530000000000002
2.06
1.97
1.979
1.78
2.064
1.949
1.953
1.69
2.157
1.456
2.0580000000000003
1.501
1.311
1.995
1.6369999999999998
1.354
1.7930000000000001
1.659
1.9609999999999999
2.028
1.9680000000000002
1.9769999999999999
2.068
2.092
1.569
1.4780000000000002
1.297
1.385
1.681
1.429
1.995
1.525
1.473
1.8130000000000002
2.041
1.6159999999999999
1.911
1.6219999999999999
2.155
1.604
1.528
1.489
1.8159999999999998
1.9580000000000002
1.969
2.06
1.7619999999999998
1.6969999999999998
1.6440000000000001
1.996
1.66
2.04
1.8319999999999999
1.3780000000000001
1.8319999999999999
1.93
1.4769999999999999
1.9280000000000002
1.5190000000000001
1.882
1.865
1.83
1.608
1.5590000000000002
1.5530000000000002
1.979
2.141
2.001
1.5119999999999998
1.775
1.494
1.7619999999999998
1.935
1.693
1.601
1.8219999999999998
1.555
2.1959999999999997
2.044
2.11
2.126
1.643
1.483
1.64
1.5290000000000001
1.517
1.52
1.881
2.0580000000000003
1.524
2.001
1.597
2.149
1.547
1.671
1.7630000000000001
1.955
1.892
1.965
1.455
1.754
2.0140000000000002
1.4469999999999998
1.8719999999999999
1.683
2.201
2.032
1.9509999999999998
1.974
1.412
1.808
1.514
1.7109999999999999
1.896
1.815
1.5830000000000002
1.97
2.042
1.942
1.399
1.6480000000000001
1.8119999999999998
1.4969999999999999
1.9240000000000002
1.4809999999999999
1.781
1.874
1.344
2.148
2.0669999999999997
1.569
2.166
1.855
2.19
1.975
1.8980000000000001
1.6369999999999998
1.501
2.0069999999999997
2.048
2.131
1.9569999999999999
1.472
2.09
2.117
2.15
1.98
1.546
2.0
1.517
1.71
2.12
1.449
1.9480000000000002
1.5759999999999998
1.584
2.008
2.141
1.364
1.5530000000000002
1.51
1.643
1.646
1.48
1.7
2.046
1.564
1.436
1.4669999999999999
1.6969999999999998
1.845
1.599
2.049
1.565
1.8840000000000001
2.1180000000000003
1.5859999999999999
2.049
1.859
1.588
1.524
1.489
1.909
1.4769999999999999
1.876
1.506
1.758
1.506
2.165
1.8719999999999999
1.526
1.755
1.7369999999999999
1.632
1.954
2.1069999999999998
1.742
2.0469999999999997
1.7469999999999999
1.588
1.7209999999999999
2.199
1.912
1.655
2.0669999999999997
1.9509999999999998
1.607
1.8519999999999999
1.734
2.068
2.175
1.4340000000000002
1.46
1.98
1.669
1.93
1.44
2.082
1.8869999999999998
1.663
1.3659999999999999
1.808
1.7930000000000001
1.49
1.5030000000000001
1.682
1.5659999999999998
1.952
1.7930000000000001
1.702
1.9380000000000002
1.996
1.5190000000000001
1.6769999999999998
1.3259999999999998
1.796
2.084
2.066
2.076
2.306
1.5390000000000001
1.588
1.649
1.494
1.4509999999999998
1.733
2.013
1.5759999999999998
1.9069999999999998
2.017
2.006
1.9140000000000001
2.029
1.996
1.45
1.8719999999999999
1.989
2.14
1.9580000000000002
2.06
1.8530000000000002
1.949
1.4580000000000002
1.5590000000000002
1.881
1.484
1.556
2.0
1.5859999999999999
1.4769999999999999
1.702
1.58
1.666
2.148
1.9340000000000002
1.9469999999999998
2.127
1.781
1.558
1.709
1.7
2.056
1.393
1.3969999999999998
1.669
1.4509999999999998
2.093
1.702
2.043
1.6
1.835
2.2030000000000003
2.164
1.473
2.022
1.73
2.0340000000000003
1.526
2.2430000000000003
1.6019999999999999
1.903
1.54
1.9769999999999999
2.1430000000000002
1.723
1.886
1.639
1.831
2.075
1.577
1.8459999999999999
1.735
2.059
1.891
1.9780000000000002
2.01
2.062
2.075
2.135
2.056
1.9469999999999998
1.88
2.09
1.7209999999999999
2.202
1.5330000000000001
2.117
2.048
2.239
1.484
1.858
2.0069999999999997
2.025
1.719
1.568
1.98
1.4780000000000002
1.517
1.426
1.524
1.77
1.714
1.49
2.023
1.84
1.7169999999999999
1.9380000000000002
2.003
1.226
1.574
1.712
1.864
2.102
1.3940000000000001
1.443
1.621
1.508
1.8519999999999999
1.936
1.556
2.175
1.7930000000000001
1.8230000000000002
1.443
1.776
1.421
2.0469999999999997
2.1590000000000003
1.575
1.5719999999999998
1.607
2.07
2.02
2.022
1.534
1.788
1.851
1.615
1.63
1.868
2.075
2.015
1.591
1.5819999999999999
1.824
1.7309999999999999
1.992
1.6909999999999998
1.4169999999999998
1.964
2.133
1.506
2.144
1.581
1.706
2.029
1.7380000000000002
1.7619999999999998
1.629
1.797
1.6119999999999999
1.4680000000000002
2.228
1.848
2.076
1.571
1.706
1.608
1.942
2.166
1.376
1.96
1.754
1.652
2.044
1.764
1.489
1.9469999999999998
1.5730000000000002
1.819
1.365
1.46
1.6880000000000002
1.854
1.99
1.817
1.589
2.221
1.985
1.6980000000000002
1.764
1.37
1.97
2.13
1.617
2.01
2.097
1.5
2.224
1.7209999999999999
1.9969999999999999
1.607
2.157
1.886
2.009
2.016
1.882
1.422
1.692
1.9509999999999998
1.505
1.8530000000000002
1.929
2.088
1.7080000000000002
1.5330000000000001
1.9709999999999999
1.3980000000000001
2.289
1.702
1.7719999999999998
1.766
1.4380000000000002
1.8659999999999999
1.493
1.8430000000000002
1.949
1.6130000000000002
1.719
1.868
1.995
1.659
1.436
1.645
1.962
1.574
1.5130000000000001
1.442
1.8419999999999999
1.63
1.999
1.819
1.87
2.092
1.986
1.4669999999999999
1.6340000000000001
2.0709999999999997
1.6880000000000002
1.845
1.5519999999999998
1.703
1.633
1.734
1.686
1.7469999999999999
2.149
1.557
1.956
1.597
1.8969999999999998
1.7380000000000002
1.837
1.425
1.9469999999999998
1.61
1.546
1.933
1.485
2.182
2.217
1.9040000000000001
2.117
2.063
1.5490000000000002
1.465
1.702
2.051
1.93
1.909
1.587
1.923
1.635
2.013
1.6740000000000002
2.128
1.608
1.733
1.6480000000000001
1.8559999999999999
1.986
1.9509999999999998
1.6480000000000001
2.093
2.0
1.642
2.035
1.6130000000000002
1.829
1.756
2.168
1.4169999999999998
2.104
1.9780000000000002
1.6640000000000001
1.2990000000000002
1.804
1.7
1.9380000000000002
1.594
1.776
1.673
1.5430000000000001
1.995
1.804
2.22
1.926
1.5390000000000001
2.283
2.005
1.89
2.2030000000000003
1.869
1.432
1.672
1.93
1.635
1.8119999999999998
1.9280000000000002
1.449
1.433
1.6369999999999998
1.607
1.91
1.9240000000000002
1.4340000000000002
2.318
1.82
1.357
1.4609999999999999
2.006
1.6840000000000002
1.893
1.864
2.028
2.128
1.98
1.5919999999999999
1.435
2.056
1.864
2.274
1.91
1.8259999999999998
2.033
2.002
1.526
1.9080000000000001
1.537
1.9709999999999999
1.734
1.4669999999999999
1.7080000000000002
1.666
1.56
2.061
2.14
1.784
1.55
2.105
1.714
1.479
2.085
2.1390000000000002
1.9509999999999998
1.444
1.577
1.65
2.1319999999999997
1.818
2.07
1.742
1.9909999999999999
2.16
2.036
1.9909999999999999
1.745
1.9
1.882
1.8559999999999999
1.52
2.05
1.7209999999999999
1.889
2.069
2.012
1.8659999999999999
2.156
1.8940000000000001
1.886
1.379
1.5490000000000002
1.2930000000000001
1.501
1.896
1.756
1.959
1.9609999999999999
1.6969999999999998
2.197
2.1319999999999997
1.99
1.46
1.411
2.134
1.625
2.099
2.095
1.473
1.989
1.982
1.8459999999999999
2.0580000000000003
1.9469999999999998
2.14
1.579
1.98
1.585
2.08
2.227
2.056
2.112
2.1319999999999997
1.806
1.791
1.496
1.6980000000000002
1.61
1.831
1.9409999999999998
1.926
1.946
2.133
1.546
1.624
2.12
1.9869999999999999
1.9980000000000002
2.2880000000000003
1.661
1.534
1.508
1.913
1.8630000000000002
1.58
1.57
1.706
1.548
1.956
1.915
1.9880000000000002
1.403
1.48
1.5
2.0580000000000003
1.749
1.732
1.59
1.9880000000000002
1.6130000000000002
1.5619999999999998
2.089
2.084
1.9340000000000002
2.033
1.9669999999999999
1.7209999999999999
1.5919999999999999
1.913
1.824
1.5919999999999999
1.8980000000000001
1.7380000000000002
1.712
1.9409999999999998
2.01
1.473
1.953
1.8780000000000001
1.935
2.029
1.556
1.611
1.5530000000000002
2.104
1.463
1.68
2.097
1.496
2.13
1.9269999999999998
1.595
2.028
1.83
1.8940000000000001
1.915
2.138
1.598
1.959
1.761
1.9040000000000001
1.61
1.561
1.633
2.108
2.025
2.037
1.8880000000000001
1.874
1.6380000000000001
2.042
1.9780000000000002
2.104
2.04
1.751
1.786
1.4580000000000002
2.004
2.112
1.575
1.9480000000000002
1.383
1.8319999999999999
1.903
1.944
2.108
2.151
1.6769999999999998
2.119
1.6119999999999999
1.889
1.494
1.739
2.04
2.113
1.479
1.734
2.191
1.774
2.0780000000000003
1.6769999999999998
1.449
2.017
2.074
2.134
1.571
1.979
1.9780000000000002
2.086
1.8130000000000002
1.649
1.7630000000000001
1.972
1.751
1.8119999999999998
1.966
1.5630000000000002
1.6380000000000001
2.398
1.4040000000000001
1.9669999999999999
1.6130000000000002
1.729
1.651
2.138
1.983
1.92
1.913
2.2840000000000003
1.8980000000000001
2.024
1.764
1.544
1.541
1.96
2.079
1.65
1.2930000000000001
1.517
2.005
1.656
1.8840000000000001
2.137
2.053
1.507
1.58
1.55
1.625
1.787
1.8840000000000001
1.861
1.683
1.393
1.557
1.716
1.46
2.0540000000000003
1.8359999999999999
1.579
1.5730000000000002
1.956
1.635
1.959
2.177
1.704
1.7209999999999999
1.8719999999999999
2.048
1.879
1.49
2.016
1.56
1.8159999999999998
2.073
1.4140000000000001
2.1180000000000003
2.049
1.639
1.452
2.135
1.6030000000000002
1.7469999999999999
2.1180000000000003
2.079
1.88
1.5959999999999999
2.099
1.52
1.557
1.715
1.899
1.611
2.177
2.053
2.065
1.3980000000000001
2.033
2.116
1.534
1.79
1.565
1.854
1.94
1.607
1.881
1.716
1.874
1.9409999999999998
1.777
2.252
1.784
2.088
1.735
1.88
2.117
1.778
2.195
2.247
2.049
1.942
1.973
1.436
2.2030000000000003
1.4269999999999998
1.9909999999999999
1.966
1.7790000000000001
1.7209999999999999
1.4280000000000002
2.138
1.735
2.03
2.185
1.445
1.785
2.135
1.625
1.5630000000000002
1.777
1.903
1.944
1.869
2.0980000000000003
1.726
1.588
1.796
1.834
1.3430000000000002
1.9480000000000002
2.004
2.189
1.578
1.9709999999999999
1.605
1.954
1.973
2.193
1.5430000000000001
2.065
1.6280000000000001
1.558
1.722
1.558
1.8719999999999999
1.835
1.913
1.916
1.8530000000000002
1.936
2.04
1.778
1.501
1.546
1.5759999999999998
1.6230000000000002
1.819
1.786
1.6869999999999998
1.568
1.4340000000000002
2.063
1.749
1.6880000000000002
1.883
1.9380000000000002
1.4280000000000002
1.432
2.053
2.209
1.4780000000000002
1.9140000000000001
2.201
2.109
1.8530000000000002
2.045
1.794
1.88
1.51
1.4040000000000001
1.857
1.712
1.4769999999999999
1.808
1.999
2.063
2.045
2.024
1.5219999999999998
1.506
1.5119999999999998
2.0140000000000002
1.564
1.95
1.7890000000000001
1.4580000000000002
1.493
1.692
1.601
1.8940000000000001
1.7169999999999999
1.98
1.339
2.0380000000000003
2.144
1.474
1.905
1.4709999999999999
2.03
1.768
1.7590000000000001
1.828
2.175
1.936
1.74
1.837
1.811
1.744
2.1590000000000003
1.9280000000000002
1.483
1.965
1.893
2.305
1.619
1.8419999999999999
1.6540000000000001
1.611
1.72
2.0380000000000003
1.8559999999999999
1.895
1.649
1.94
1.926
1.86
1.459
2.033
1.8619999999999999
1.689
1.9580000000000002
1.765
2.135
1.518
1.666
2.166
2.0269999999999997
2.23
1.7890000000000001
2.031
1.65
1.371
1.8730000000000002
2.211
2.109
1.9680000000000002
2.026
1.986
1.662
1.882
2.1390000000000002
1.899
2.063
1.588
1.724
2.135
2.031
1.4780000000000002
1.956
1.364
2.108
1.84
2.126
1.8219999999999998
1.6540000000000001
2.103
1.6340000000000001
2.08
1.4269999999999998
1.796
1.714
2.0
1.6340000000000001
1.7480000000000002
1.599
1.749
1.8559999999999999
1.406
1.875
1.975
1.393
1.621
1.6840000000000002
1.489
2.089
1.7169999999999999
2.052
2.056
2.031
1.787
2.036
2.131
1.831
1.9609999999999999
1.6019999999999999
1.4969999999999999
1.3359999999999999
1.594
2.001
1.5859999999999999
1.6680000000000001
2.015
1.974
1.29
1.81
1.96
1.912
2.185
2.005
1.4480000000000002
1.568
1.8219999999999998
2.186
2.156
1.536
2.094
1.4809999999999999
1.617
1.6740000000000002
1.3319999999999999
1.733
2.023
1.466
2.218
1.629
1.46
2.1390000000000002
1.62
1.93
1.9680000000000002
2.03
1.3559999999999999
1.4409999999999998
2.029
1.963
1.536
2.148
1.736
1.8659999999999999
1.393
2.104
1.305
2.231
1.473
1.9969999999999999
1.976
1.666
2.01
1.712
1.715
1.8630000000000002
1.5659999999999998
1.58
2.026
1.9669999999999999
2.201
1.9169999999999998
1.661
1.854
1.5490000000000002
1.5319999999999998
1.857
2.013
1.9969999999999999
1.729
1.9469999999999998
1.999
2.161
1.4340000000000002
1.86
1.671
2.188
2.1790000000000003
2.049
1.588
1.2429999999999999
1.4969999999999999
1.4909999999999999
1.577
1.964
1.921
1.9380000000000002
1.5719999999999998
1.607
1.493
1.3030000000000002
2.15
1.507
1.324
2.165
2.022
2.1390000000000002
1.994
1.554
1.632
2.217
1.651
1.585
1.745
1.633
1.974
1.973
1.9769999999999999
1.47
1.652
1.544
1.745
1.734
1.5930000000000002
1.729
1.56
1.5319999999999998
1.7690000000000001
2.204
1.431
2.157
1.943
1.76
1.567
1.801
1.49
1.608
1.6580000000000001
1.714
1.679
1.9
1.531
1.6219999999999999
1.786
1.734
1.7990000000000002
1.443
1.845
2.145
2.035
2.1590000000000003
1.766
2.0140000000000002
2.211
1.6869999999999998
2.064
1.473
1.96
1.965
1.4509999999999998
2.049
1.689
1.796
2.188
1.599
1.6569999999999998
1.7890000000000001
1.541
1.453
2.102
1.6740000000000002
1.954
1.8840000000000001
1.966
1.746
2.121
1.5330000000000001
2.046
1.7269999999999999
1.659
1.98
1.63
1.311
1.395
2.017
1.6540000000000001
1.639
2.181
1.462
1.766
1.676
1.84
1.778
1.8780000000000001
1.8219999999999998
2.0540000000000003
1.954
1.6869999999999998
1.932
1.5930000000000002
1.975
1.97
1.883
2.059
2.142
1.835
1.91
1.839
1.979
2.084
1.893
1.557
2.146
2.0980000000000003
1.8130000000000002
1.294
2.032
2.083
2.135
1.4580000000000002
2.026
1.3359999999999999
1.7280000000000002
2.1919999999999997
1.642
1.442
1.609
1.55
1.8619999999999999
2.045
1.69
1.597
1.0490000000000002
1.495
1.722
1.9040000000000001
1.669
2.045
1.97
2.117
1.4269999999999998
1.6680000000000001
1.401
2.214
1.425
2.1519999999999997
1.307
1.3459999999999999
2.005
1.93
1.565
2.063
1.6880000000000002
2.136
1.8840000000000001
2.182
1.903
2.121
2.101
1.768
1.6480000000000001
1.547
1.989
1.942
1.601
1.4269999999999998
2.01
1.4609999999999999
1.74
1.6159999999999999
1.814
1.9769999999999999
1.4480000000000002
1.6780000000000002
1.6269999999999998
2.096
1.8969999999999998
1.5859999999999999
1.7109999999999999
1.9609999999999999
1.534
1.5919999999999999
2.062
1.9680000000000002
1.5130000000000001
2.161
1.703
2.051
1.568
2.063
1.6159999999999999
1.5919999999999999
2.032
1.903
2.131
2.021
2.176
1.6580000000000001
1.27
1.474
1.5219999999999998
1.4680000000000002
1.94
2.153
1.719
1.5590000000000002
1.963
1.61
2.1790000000000003
1.681
1.4269999999999998
2.002
2.045
1.5290000000000001
1.824
1.49
1.624
1.608
1.67
1.959
2.101
1.62
2.017
1.766
1.311
2.115
1.544
1.59
2.095
1.551
1.955
1.7480000000000002
1.4509999999999998
1.776
1.883
1.9909999999999999
1.493
1.557
1.6840000000000002
1.463
1.9180000000000001
1.97
1.4609999999999999
1.599
1.3319999999999999
2.01
1.754
1.492
2.062
1.8
2.403
1.351
2.114
1.462
2.112
1.617
1.569
1.995
1.931
1.46
2.117
1.528
1.986
1.412
1.335
2.093
1.995
1.9480000000000002
1.5490000000000002
1.96
1.605
2.083
1.445
1.5819999999999999
1.851
1.7730000000000001
1.6840000000000002
2.024
1.805
1.915
1.595
1.858
2.2680000000000002
1.861
1.4609999999999999
1.999
1.5919999999999999
1.473
2.03
1.827
1.444
1.584
1.632
1.797
1.99
1.865
1.929
1.9669999999999999
2.003
2.053
2.239
2.053
1.505
1.544
1.922
1.4769999999999999
2.033
2.0540000000000003
1.632
1.8559999999999999
1.4769999999999999
1.5959999999999999
1.732
1.6280000000000001
1.6569999999999998
1.848
2.0140000000000002
1.547
1.611
2.085
1.9080000000000001
1.686
1.94
1.351
1.7930000000000001
1.876
1.621
2.0
1.419
1.949
2.094
1.463
1.57
1.6469999999999998
1.6230000000000002
1.659
2.131
2.025
1.834
1.581
1.995
1.561
2.113
2.148
1.374
1.909
2.069
1.692
1.9680000000000002
1.817
1.946
1.6680000000000001
1.807
2.033
1.9409999999999998
2.142
1.6769999999999998
1.544
1.419
1.545
1.57
1.484
1.993
1.581
1.4969999999999999
1.751
1.954
2.162
1.474
2.02
1.869
1.6219999999999999
1.723
1.765
1.4409999999999998
2.112
1.794
1.41
1.771
1.504
1.1059999999999999
2.043
1.9369999999999998
1.5759999999999998
1.6869999999999998
1.806
2.016
2.117
2.1
2.006
1.5859999999999999
1.462
2.016
1.423
2.077
