1.71
1.607
1.8780000000000001
1.756
2.108
1.9609999999999999
1.439
1.265
1.6019999999999999
1.568
2.059
1.758
1.7819999999999998
1.838
2.022
2.235
1.55
2.055
1.9780000000000002
1.5219999999999998
1.74
1.5519999999999998
1.743
1.825
1.778
1.982
2.1180000000000003
2.086
2.086
2.004
1.8159999999999998
1.962
2.084
1.5819999999999999
1.922
2.112
1.641
1.715
2.144
1.8019999999999998
1.858
1.993
1.7
2.106
1.495
1.546
2.068
2.006
1.608
1.635
2.061
1.744
1.6769999999999998
1.896
1.3319999999999999
2.017
1.837
1.4809999999999999
1.964
1.768
1.9409999999999998
2.037
1.594
1.709
1.493
1.237
2.099
2.06
1.7719999999999998
1.8
1.574
1.476
1.9340000000000002
1.3769999999999998
1.8869999999999998
1.749
1.962
1.48
2.072
1.982
2.072
2.099
1.607
1.8769999999999998
1.9769999999999999
1.709
1.574
1.618
1.6369999999999998
1.709
2.319
2.401
1.725
1.8459999999999999
2.134
1.51
1.528
1.5730000000000002
1.98
1.719
1.828
1.975
1.4780000000000002
1.8019999999999998
1.923
1.5959999999999999
1.9040000000000001
2.051
2.104
2.0709999999999997
2.076
1.545
1.963
1.713
2.1
1.8880000000000001
2.036
1.9609999999999999
1.663
1.48
1.8530000000000002
1.9969999999999999
1.5319999999999998
1.594
1.993
1.5519999999999998
1.871
2.057
1.796
2.072
1.754
2.036
1.5090000000000001
1.476
1.8780000000000001
1.786
1.9809999999999999
1.444
2.19
1.969
1.875
1.3980000000000001
1.864
2.025
2.005
1.6909999999999998
1.5330000000000001
1.504
1.507
1.8840000000000001
1.6880000000000002
1.565
1.7819999999999998
2.229
1.507
1.6869999999999998
2.016
1.5819999999999999
2.187
1.926
1.589
1.8869999999999998
1.599
2.3080000000000003
2.022
2.0580000000000003
1.558
1.587
1.621
1.776
2.0140000000000002
1.6440000000000001
1.963
1.974
1.6780000000000002
1.59
1.722
1.986
1.4880000000000002
1.6369999999999998
1.6230000000000002
1.848
1.974
1.584
1.9580000000000002
1.9769999999999999
1.3719999999999999
1.859
1.8940000000000001
2.073
1.7519999999999998
1.5630000000000002
1.41
1.547
1.912
2.108
1.663
1.92
1.6340000000000001
1.521
2.032
2.021
1.544
2.095
2.0340000000000003
1.6840000000000002
1.915
1.705
1.5430000000000001
1.66
2.042
1.994
1.4769999999999999
1.584
1.92
2.037
1.926
1.625
1.579
1.7930000000000001
1.696
1.942
2.146
2.035
1.9780000000000002
1.8519999999999999
1.716
1.9809999999999999
1.861
1.581
1.6280000000000001
2.166
1.8
1.889
1.685
2.009
1.76
1.692
1.995
1.71
1.879
1.817
1.892
2.072
1.92
2.048
1.7069999999999999
2.01
2.006
2.13
1.932
1.778
1.587
2.056
1.768
1.486
2.16
2.005
2.217
1.544
2.191
2.0909999999999997
1.615
1.755
1.87
1.8769999999999998
1.84
2.049
2.001
2.065
2.049
1.6340000000000001
1.975
1.82
2.1790000000000003
1.479
1.675
1.959
1.4340000000000002
1.617
1.989
1.865
2.083
1.5659999999999998
1.6030000000000002
1.594
1.662
1.706
2.3480000000000003
1.275
1.9909999999999999
2.006
1.3730000000000002
2.148
1.7109999999999999
1.3
1.7530000000000001
1.567
1.88
2.13
1.4980000000000002
2.052
1.56
1.307
2.266
1.956
1.32
1.4980000000000002
1.7109999999999999
1.58
1.7630000000000001
1.8940000000000001
1.815
1.65
2.081
2.043
2.019
2.015
1.919
2.035
2.009
1.455
1.999
1.722
1.994
1.8659999999999999
1.871
1.805
1.402
1.348
1.399
1.5959999999999999
2.068
1.5919999999999999
1.545
1.518
2.081
1.652
1.584
1.443
1.521
1.919
1.463
1.662
1.7719999999999998
1.9069999999999998
1.484
2.089
1.84
1.6130000000000002
1.666
1.597
2.177
1.585
1.8
2.1390000000000002
1.732
1.855
1.6680000000000001
2.11
1.56
1.97
1.608
1.8319999999999999
1.79
1.901
1.8330000000000002
2.069
1.67
1.5830000000000002
1.806
2.028
1.9809999999999999
2.109
2.13
1.646
1.8419999999999999
1.8780000000000001
2.025
1.617
2.126
1.574
1.564
2.16
2.08
1.817
1.8430000000000002
2.0180000000000002
2.176
1.9280000000000002
1.93
1.561
1.641
1.632
1.9969999999999999
1.569
2.0340000000000003
1.605
1.6780000000000002
1.631
1.6340000000000001
1.55
1.66
2.055
2.033
1.636
2.02
2.044
1.6740000000000002
1.775
1.5959999999999999
1.7990000000000002
1.8319999999999999
2.128
2.169
2.044
2.083
1.893
1.8019999999999998
1.59
1.7790000000000001
1.89
1.2670000000000001
1.6230000000000002
2.0
2.04
2.079
1.6280000000000001
1.6980000000000002
1.4880000000000002
2.24
1.358
1.486
1.601
2.122
1.6
1.986
1.504
1.584
1.83
2.024
1.693
2.024
2.005
2.03
1.855
1.618
1.587
1.579
1.821
1.848
1.883
1.5
1.528
1.97
2.053
2.195
1.5330000000000001
2.023
1.5819999999999999
1.966
1.992
