3.564
3.536
2.903
3.4210000000000003
3.76
3.276
3.597
2.9360000000000004
3.559
4.204
3.455
3.941
3.151
3.717
3.536
3.255
3.631
3.435
2.894
3.079
3.289
3.42
4.018
3.365
4.188
3.773
3.45
3.655
3.596
3.543
3.3110000000000004
3.2030000000000003
3.525
3.345
3.055
3.512
3.902
3.523
3.207
3.64
3.257
3.234
3.0980000000000003
3.469
3.759
3.423
3.185
3.896
3.734
3.412
3.563
3.4530000000000003
4.061
3.233
3.942
3.305
3.579
3.564
3.671
3.854
3.772
3.621
3.737
3.5610000000000004
3.938
3.636
2.98
3.733
4.235
2.841
3.868
3.353
3.377
3.269
3.809
3.801
3.644
3.426
3.407
3.58
3.623
3.557
3.365
3.477
3.628
3.504
3.132
3.495
3.4760000000000004
3.272
3.61
3.427
3.0
3.245
3.649
3.176
3.999
3.427
3.131
4.164
3.38
2.964
3.998
3.062
3.395
3.824
3.719
3.4360000000000004
3.334
3.425
3.3510000000000004
3.683
3.3710000000000004
3.607
3.631
3.076
3.134
3.731
3.585
3.633
3.755
3.28
3.232
3.957
2.884
4.16
3.287
3.067
3.329
3.399
3.514
3.278
3.32
3.07
3.117
3.4210000000000003
3.5780000000000003
3.699
3.048
3.503
3.749
3.998
3.018
3.177
3.52
3.844
3.458
3.442
3.669
3.4610000000000003
3.751
3.693
3.03
3.092
3.791
3.233
3.414
3.662
3.363
3.429
3.978
3.525
3.82
3.571
3.61
3.684
3.856
3.631
3.713
3.505
3.692
3.554
3.503
3.21
3.931
3.286
3.747
3.187
3.267
2.912
3.29
3.474
3.27
3.533
3.524
3.25
3.362
3.324
3.4
3.027
3.189
3.65
3.757
3.366
3.562
3.2880000000000003
3.653
3.375
3.383
3.791
3.168
3.638
3.301
3.355
3.719
3.626
3.684
3.687
3.144
3.5
3.74
3.852
3.804
3.4810000000000003
3.088
3.28
3.487
3.315
3.567
3.61
3.564
3.284
3.452
3.544
3.4330000000000003
3.591
3.225
3.329
3.956
3.625
3.611
3.843
3.391
4.0680000000000005
3.892
3.624
3.595
3.776
3.366
3.614
3.423
3.779
3.525
3.46
3.661
3.177
3.913
3.611
3.383
3.408
3.422
4.096
3.553
3.75
3.574
3.748
3.35
3.517
3.404
3.2960000000000003
3.003
3.467
3.338
3.52
3.52
3.202
4.119
3.262
3.196
3.4810000000000003
3.507
3.755
3.628
3.928
3.263
3.5210000000000004
3.824
3.491
3.4210000000000003
4.042
3.751
3.239
3.0610000000000004
3.646
2.882
3.661
3.142
3.26
3.712
3.487
2.929
3.755
3.248
3.712
3.512
3.522
3.853
3.687
3.4160000000000004
3.576
3.278
3.429
3.2910000000000004
3.377
3.72
3.832
3.442
4.0760000000000005
3.937
3.055
3.735
3.1
3.509
3.24
3.207
3.174
3.2880000000000003
3.13
3.87
3.644
3.71
3.926
3.509
3.019
3.049
3.712
3.4930000000000003
3.194
4.053
3.334
3.442
3.54
3.116
3.67
3.573
3.808
3.621
3.2230000000000003
3.01
3.623
3.5660000000000003
2.766
3.218
3.282
3.172
3.194
3.638
3.445
3.763
3.402
4.103
3.612
3.614
3.29
2.769
3.762
3.378
3.134
3.923
3.573
2.757
3.1060000000000003
3.805
3.622
4.01
3.517
3.668
3.321
2.9560000000000004
3.523
3.631
3.158
3.817
3.445
3.313
3.154
3.402
3.489
3.713
4.0539999999999985
3.491
3.132
3.787
3.871
3.352
3.266
3.096
3.234
2.7060000000000004
3.503
3.299
3.862
3.627
3.169
3.442
3.95
3.4530000000000003
3.4810000000000003
3.531
3.763
3.73
3.4810000000000003
3.511
3.099
3.734
3.463
4.062
3.891
2.91
3.934
3.477
3.499
3.937
3.619
3.228
3.138
3.528
3.372
3.344
3.644
3.434
3.337
3.208
3.565
3.394
3.513
3.692
3.83
3.104
3.673
3.347
3.5460000000000003
4.113
2.5380000000000003
3.594
3.644
3.797
3.609
3.91
3.252
2.969
3.697
3.512
3.886
3.443
2.9930000000000003
3.357
3.883
3.377
3.648
3.757
3.317
3.602
2.733
3.535
3.125
3.427
3.236
3.488
3.427
3.305
3.539
