3.491
3.785
3.294
3.743
4.265
3.489
3.167
3.1060000000000003
3.527
3.929
3.815
3.929
3.512
3.58
3.76
3.625
4.215
3.81
3.268
3.739
3.723
3.517
3.875
3.503
3.536
4.148
3.629
3.527
3.987
3.463
3.358
3.741
3.658
4.006
3.057
3.252
2.995
3.932
3.931
4.162
3.478
3.54
3.393
3.551
3.906
3.551
3.498
3.555
4.004
4.007
4.013
3.753
3.967
3.688
3.886
3.427
3.803
3.848
3.5860000000000003
3.791
4.049
3.932
4.055
4.012
4.1560000000000015
4.212
2.97
4.114
3.832
3.179
4.063
4.131
3.945
3.68
4.257
3.933
3.508
4.008
3.771
3.899
3.825
3.813
3.494
3.469
3.35
3.5580000000000003
3.698
3.647
3.502
3.602
3.715
3.961
3.754
3.468
3.75
4.215
3.987
3.988
3.55
4.009
3.091
3.03
4.214
3.759
3.545
4.133
3.716
3.574
3.488
3.437
3.615
3.97
3.36
3.604
3.5660000000000003
3.062
3.771
3.771
3.466
3.878
4.023
3.273
3.858
3.92
2.766
3.849
3.761
3.794
4.02
3.615
3.804
3.219
3.834
3.814
3.469
3.733
3.656
3.758
3.656
3.579
3.864
3.977
3.736
3.499
3.995
4.075
4.2010000000000005
3.89
4.1560000000000015
3.629
3.437
3.964
3.383
3.716
3.477
3.618
3.679
4.084
3.3680000000000003
2.854
3.954
3.781
4.214
3.5780000000000003
3.588
3.343
4.018
3.778
4.329
3.628
3.472
3.434
3.877
3.519
3.759
3.805
3.732
3.5410000000000004
3.99
3.4160000000000004
3.724
3.531
3.08
4.251
3.728
3.637
3.984
3.532
3.632
3.41
3.13
4.334
3.901
3.899
3.5460000000000003
3.513
3.903
2.962
3.7
3.994
3.367
3.787
3.3960000000000004
4.1560000000000015
3.851
4.0539999999999985
3.587
3.888
3.822
3.991
4.072
3.836
3.389
4.308
3.3280000000000003
3.105
3.851
3.895
4.131
3.304
3.936
3.724
3.551
3.893
4.05
3.248
3.945
4.09
4.235
4.3260000000000005
3.658
3.5580000000000003
3.713
4.211
3.756
3.857
4.158
4.388
2.873
3.992
3.559
3.923
3.623
4.248
3.628
3.497
4.388
3.955
3.549
3.852
3.574
3.951
3.963
3.677
3.858
3.492
3.579
3.55
3.724
3.719
3.465
3.801
4.049
3.981
3.715
3.764
3.855
3.915
3.557
3.5810000000000004
4.004
3.514
3.71
3.818
3.34
3.593
4.089
3.049
3.956
4.338
3.914
3.11
3.318
4.298
3.498
3.593
3.631
3.412
4.008
3.362
3.531
3.946
3.08
3.657
3.924
3.711
4.15
4.118
3.313
4.056
3.204
3.718
3.567
4.206
4.175
4.02
3.329
4.011
3.463
3.905
3.731
2.96
3.728
3.931
3.148
3.577
3.5380000000000003
3.401
3.877
4.194
3.395
4.274
3.995
3.649
3.361
4.022
4.025
3.444
3.523
3.631
3.888
3.198
3.917
4.298
3.97
3.235
3.823
3.913
4.204
3.492
3.391
3.4930000000000003
3.514
2.8110000000000004
3.717
3.355
4.24
3.458
3.81
3.798
3.62
3.626
3.749
4.248
3.404
3.384
3.955
3.818
3.744
4.061
4.169
3.415
4.034
3.761
3.679
3.756
3.498
3.868
3.767
4.1930000000000005
3.663
3.66
3.915
3.707
3.706
3.912
3.184
3.691
3.577
3.956
3.744
3.698
3.736
4.018
4.155
3.528
3.79
3.329
3.762
3.773
3.347
3.647
3.818
4.091
3.874
3.245
3.962
3.704
3.597
3.712
3.907
3.955
3.646
3.761
3.978
3.724
3.837
3.835
3.495
3.886
4.015
3.84
3.732
3.721
3.816
3.583
3.911
4.214
3.527
3.673
3.729
3.47
3.262
3.414
3.938
3.817
3.992
4.034
3.806
3.553
3.967
3.173
4.02
2.6910000000000003
3.973
3.99
3.981
3.887
4.048
4.023
2.814
3.952
3.571
3.774
2.958
3.49
3.4930000000000003
4.417
4.021
3.936
3.697
3.486
3.807
2.911
3.623
3.024
3.762
3.867
3.401
3.804
3.981
3.751
