2.878
3.023
2.5340000000000003
2.725
2.804
2.508
2.379
2.207
2.315
2.443
2.612
2.667
2.6060000000000003
2.9960000000000004
3.0210000000000004
3.0589999999999997
2.665
2.41
2.6239999999999997
2.975
2.805
2.875
3.0989999999999998
3.1310000000000002
3.04
2.387
2.513
3.048
3.0839999999999996
2.499
2.714
2.8689999999999998
2.94
2.906
2.701
3.227
2.937
2.812
2.802
2.58
2.625
2.5789999999999997
2.93
2.918
2.488
3.076
2.795
2.407
2.63
2.855
2.471
2.576
3.125
3.1180000000000003
2.658
2.485
2.61
2.745
2.53
2.525
2.5140000000000002
2.4530000000000003
2.436
3.2039999999999997
2.753
2.4290000000000003
2.995
2.7439999999999998
2.6889999999999996
2.314
2.764
2.654
2.401
3.3289999999999997
2.526
2.4530000000000003
2.552
2.957
2.955
2.804
2.181
2.086
2.99
2.615
2.8539999999999996
2.782
2.617
2.738
2.805
3.1430000000000002
2.8289999999999997
2.755
3.114
2.827
2.647
3.147
2.7030000000000003
2.653
3.1889999999999996
2.906
2.9810000000000003
2.986
2.5540000000000003
2.927
2.685
2.239
2.862
2.801
2.688
2.316
2.925
2.766
2.67
3.0610000000000004
1.867
2.563
2.673
2.48
3.536
2.8760000000000003
2.574
2.615
3.15
2.622
2.766
2.539
2.519
2.872
2.4659999999999997
2.6489999999999996
2.931
2.319
3.136
2.705
2.867
2.42
3.313
2.5380000000000003
3.344
2.793
2.434
2.75
2.74
2.32
2.659
2.7319999999999998
2.5069999999999997
2.524
2.465
2.576
2.528
2.865
2.742
2.696
2.72
2.8739999999999997
2.6510000000000002
3.307
2.947
2.9160000000000004
2.78
2.95
2.9
3.2230000000000003
2.46
3.1660000000000004
2.459
3.0210000000000004
2.782
2.693
2.91
2.987
2.824
2.65
2.891
2.318
2.609
3.1489999999999996
2.7910000000000004
2.421
3.0180000000000002
2.458
3.122
3.176
2.815
2.6010000000000004
3.049
3.455
2.92
2.6489999999999996
2.309
2.8760000000000003
3.062
2.787
2.491
2.685
2.764
2.985
2.675
2.306
2.7710000000000004
2.958
2.8339999999999996
2.4730000000000003
2.94
2.7680000000000002
2.8080000000000003
2.878
2.925
2.272
2.9219999999999997
2.682
2.661
2.9019999999999997
2.79
2.537
2.616
2.7289999999999996
2.73
2.512
2.717
2.2319999999999998
3.142
2.8960000000000004
2.905
3.326
2.6260000000000003
2.7910000000000004
3.2319999999999998
2.815
3.0039999999999996
2.742
2.77
2.7969999999999997
2.45
2.5780000000000003
2.616
2.73
2.9360000000000004
2.37
3.117
2.638
2.5069999999999997
3.072
2.622
2.6260000000000003
3.11
2.758
3.105
2.414
2.521
3.0669999999999997
2.736
2.42
2.987
2.85
2.6839999999999997
2.7030000000000003
2.884
2.625
2.787
2.608
2.861
2.591
2.767
2.844
2.441
2.7489999999999997
2.7910000000000004
2.5180000000000002
2.96
2.454
2.783
3.148
3.016
2.842
3.202
2.6460000000000004
2.801
2.6660000000000004
2.7060000000000004
2.502
2.616
2.907
2.6839999999999997
2.8110000000000004
2.764
2.662
2.832
2.932
2.656
2.256
2.044
2.443
2.6839999999999997
2.47
2.747
2.378
2.7060000000000004
2.761
2.783
2.903
2.7739999999999996
3.043
2.695
3.145
2.425
2.798
2.952
2.747
2.635
2.5669999999999997
2.313
3.4389999999999996
2.573
2.79
2.6260000000000003
2.609
2.403
2.61
3.03
2.779
2.752
2.785
2.842
2.763
2.792
3.0039999999999996
2.55
2.431
2.502
2.533
2.846
2.725
2.657
2.593
2.81
2.699
2.9360000000000004
3.1830000000000003
2.656
2.603
2.408
2.5669999999999997
2.69
2.9939999999999998
2.4730000000000003
2.7560000000000002
2.4659999999999997
2.434
2.5789999999999997
2.967
2.418
2.915
2.784
2.9389999999999996
3.015
2.84
2.459
2.5980000000000003
2.85
2.766
2.465
2.661
2.931
2.7939999999999996
3.016
2.71
2.8689999999999998
2.873
2.778
3.0010000000000003
2.461
2.838
2.75
2.468
2.443
2.6519999999999997
2.682
2.4330000000000003
3.012
3.075
2.8689999999999998
2.559
2.73
2.9219999999999997
2.861
2.613
2.535
2.91
3.12
2.392
2.678
2.5810000000000004
2.758
2.8280000000000003
3.036
2.931
2.9019999999999997
3.2489999999999997
2.8739999999999997
2.6630000000000003
2.77
2.7539999999999996
2.7239999999999998
3.0180000000000002
3.0460000000000003
2.9589999999999996
3.023
2.447
2.7030000000000003
3.023
3.1430000000000002
2.9939999999999998
2.662
3.258
2.68
2.793
2.833
2.557
3.013
2.463
2.859
2.55
3.177
2.9930000000000003
2.8710000000000004
3.052
3.028
2.7060000000000004
2.8169999999999997
2.653
2.276
2.6519999999999997
2.866
2.688
2.895
3.398
3.09
2.331
2.8339999999999996
2.497
2.4
2.412
2.565
2.926
2.199
2.636
2.5980000000000003
2.923
2.283
2.843
2.985
3.034
2.701
2.906
2.827
2.8930000000000002
2.546
3.41
2.7239999999999998
2.887
2.844
2.773
3.045
2.863
2.7489999999999997
2.835
2.6639999999999997
2.825
2.7239999999999998
3.195
3.095
2.464
2.8789999999999996
2.786
2.503
2.84
2.478
2.911
2.82
2.563
2.645
2.476
2.376
2.7569999999999997
3.056
2.5269999999999997
2.37
2.865
3.0060000000000002
2.94
2.8539999999999996
2.5660000000000003
3.028
2.9739999999999998
2.773
2.713
3.0610000000000004
2.783
2.7439999999999998
2.335
2.9139999999999997
2.659
2.722
2.865
2.419
2.737
2.947
2.333
3.0660000000000003
2.344
2.7939999999999996
2.75
2.456
2.722
3.14
3.3789999999999996
3.025
2.883
2.571
2.9730000000000003
3.105
2.84
2.9189999999999996
2.813
2.964
2.7710000000000004
2.802
2.6430000000000002
2.7
2.634
2.812
2.8689999999999998
2.9619999999999997
3.0810000000000004
2.635
2.609
3.2310000000000003
2.615
2.7119999999999997
2.6639999999999997
2.647
2.948
2.5789999999999997
3.029
3.049
2.5639999999999996
2.779
3.011
2.957
2.7760000000000002
3.032
2.85
2.48
2.565
2.915
2.6
2.701
2.74
2.7760000000000002
2.839
2.323
3.148
2.479
2.917
2.477
3.014
3.051
2.56
3.179
2.576
2.891
2.701
2.734
2.715
2.7680000000000002
2.8760000000000003
2.9560000000000004
2.951
2.74
2.498
2.8789999999999996
2.727
2.8989999999999996
2.9930000000000003
2.445
2.737
2.545
2.611
2.394
2.722
2.238
2.119
2.866
2.826
2.4930000000000003
2.687
2.633
2.5980000000000003
2.845
2.456
2.7739999999999996
2.87
2.81
2.6689999999999996
2.79
3.197
2.5980000000000003
2.158
2.532
2.8689999999999998
2.963
2.763
2.665
2.985
2.641
2.9619999999999997
2.6830000000000003
2.8280000000000003
2.832
2.938
2.927
3.176
2.532
3.2039999999999997
2.6660000000000004
2.892
2.369
2.481
2.303
2.782
3.0210000000000004
3.2089999999999996
2.295
2.6189999999999998
2.72
2.9610000000000003
3.117
2.521
2.8139999999999996
2.944
2.7680000000000002
2.72
2.958
2.861
2.705
2.5380000000000003
2.556
2.616
2.496
3.352
3.218
2.7430000000000003
2.612
2.6430000000000002
3.07
2.713
2.8989999999999996
2.613
2.878
2.541
2.247
2.373
3.1260000000000003
2.546
2.66
2.454
2.867
2.4090000000000003
2.509
3.1489999999999996
3.234
2.721
2.852
2.372
2.932
2.58
2.559
2.609
2.955
2.765
3.035
2.9589999999999996
3.0780000000000003
2.9410000000000003
3.222
2.775
2.431
2.4219999999999997
2.591
2.7030000000000003
2.628
2.557
2.89
2.475
2.342
2.588
2.504
3.116
2.302
2.73
2.616
3.1189999999999998
2.616
3.2539999999999996
2.9419999999999997
2.526
2.6910000000000003
2.958
2.467
2.641
2.766
3.034
2.605
2.3930000000000002
2.676
3.023
2.252
2.7030000000000003
3.2569999999999997
2.8339999999999996
2.326
3.306
2.736
2.5980000000000003
3.109
2.657
2.525
2.824
2.4090000000000003
2.569
2.603
3.0810000000000004
3.16
2.572
2.503
2.532
2.905
2.7310000000000003
2.6
2.6210000000000004
2.918
2.552
2.593
2.6210000000000004
3.46
2.739
3.014
2.531
3.03
2.9989999999999997
2.7
2.86
2.681
2.532
3.182
3.312
2.7939999999999996
2.998
2.944
3.1310000000000002
2.7910000000000004
2.984
2.722
2.403
2.84
2.588
2.375
3.042
3.2939999999999996
2.88
2.718
2.75
2.5610000000000004
2.855
3.0639999999999996
2.45
3.09
2.637
2.451
3.002
3.0269999999999997
2.602
2.68
2.592
2.85
2.866
2.827
2.765
2.6860000000000004
2.89
2.56
2.8539999999999996
2.4019999999999997
2.9619999999999997
2.9419999999999997
3.056
2.8539999999999996
2.717
2.972
2.553
3.3160000000000003
2.8989999999999996
3.255
2.852
2.736
2.763
2.246
2.841
2.656
2.8169999999999997
2.238
2.8489999999999998
3.142
2.34
3.0639999999999996
2.838
2.544
3.048
2.6630000000000003
2.9139999999999997
2.344
2.3209999999999997
3.145
2.536
2.174
2.822
2.4730000000000003
2.673
2.747
2.642
2.8569999999999998
2.674
2.574
2.376
2.8
2.714
2.7230000000000003
2.7460000000000004
2.9760000000000004
2.688
2.73
3.3480000000000003
2.526
3.085
2.865
2.8760000000000003
2.928
2.66
2.932
2.793
2.832
2.439
2.925
2.696
2.864
2.968
2.937
2.6
2.524
2.51
3.1239999999999997
2.67
2.5839999999999996
2.3169999999999997
2.786
2.9010000000000002
2.336
2.5380000000000003
2.858
2.965
2.821
2.441
2.355
2.763
2.8139999999999996
3.0439999999999996
2.752
2.6239999999999997
2.937
2.612
2.455
2.379
2.765
2.568
3.2489999999999997
2.121
2.9960000000000004
2.701
2.861
2.509
2.535
2.448
2.6210000000000004
3.014
2.475
2.823
2.609
2.8810000000000002
2.9589999999999996
2.735
2.463
3.1
2.8080000000000003
2.805
2.355
2.844
2.318
2.75
3.451
2.86
2.3890000000000002
3.202
3.4130000000000003
2.427
3.002
2.891
2.492
2.569
2.773
3.108
2.8560000000000003
3.227
2.9610000000000003
2.83
1.999
2.8489999999999998
3.135
2.6719999999999997
2.929
3.0460000000000003
2.64
2.722
3.035
3.2289999999999996
2.89
2.707
2.635
2.969
3.137
3.338
3.052
2.614
2.401
2.701
2.506
2.805
2.702
2.673
2.721
2.6689999999999996
2.457
2.35
2.925
2.67
2.76
2.907
2.512
2.6660000000000004
2.727
3.02
3.234
2.883
2.7319999999999998
3.036
2.9389999999999996
2.7239999999999998
2.6839999999999997
2.562
3.0589999999999997
2.539
2.278
2.7319999999999998
2.488
2.846
2.83
2.98
3.155
2.7739999999999996
3.037
2.44
2.367
2.782
2.6889999999999996
2.708
2.5540000000000003
2.515
2.8930000000000002
2.9730000000000003
2.536
2.971
2.965
2.75
2.819
3.083
2.475
3.015
3.304
3.3110000000000004
2.594
3.157
2.9419999999999997
2.773
2.551
2.872
2.445
2.9019999999999997
2.735
2.824
2.9930000000000003
2.72
2.812
3.202
2.82
2.6910000000000003
2.416
2.87
2.688
2.767
2.533
2.822
2.915
3.034
2.759
2.677
2.887
2.512
2.7769999999999997
2.867
2.945
2.748
2.925
2.944
2.745
2.8680000000000003
2.451
2.504
2.635
2.806
2.5540000000000003
2.5180000000000002
2.448
2.7680000000000002
2.363
2.968
2.931
2.468
3.247
2.858
2.481
2.41
3.403
2.948
2.748
2.4819999999999998
2.9130000000000003
2.398
2.702
2.653
2.8139999999999996
2.6719999999999997
3.109
2.73
2.8360000000000003
2.6260000000000003
2.327
3.0810000000000004
2.887
2.9989999999999997
2.772
2.918
2.572
2.9530000000000003
2.9819999999999998
3.181
2.8560000000000003
2.51
2.765
2.8360000000000003
3.367
2.8139999999999996
2.696
2.573
2.681
2.279
2.84
3.153
2.923
2.6919999999999997
2.6860000000000004
2.733
2.7319999999999998
3.451
2.591
2.327
2.9539999999999997
2.8760000000000003
2.5639999999999996
2.738
3.0439999999999996
2.639
2.285
2.188
3.207
2.785
2.838
3.105
2.4219999999999997
2.773
2.841
2.597
2.793
2.866
2.813
2.985
3.1319999999999997
2.613
2.611
2.487
2.801
2.862
3.051
2.859
3.26
3.054
3.031
2.479
2.544
2.82
3.33
2.576
3.1
2.694
2.5
2.767
2.865
2.78
2.8089999999999997
2.627
3.0439999999999996
2.6889999999999996
2.853
2.513
2.5069999999999997
2.637
2.971
3.127
2.7310000000000003
2.855
2.8289999999999997
3.048
2.6719999999999997
2.661
2.67
2.5980000000000003
2.952
2.5610000000000004
2.7119999999999997
2.313
2.68
2.991
3.0180000000000002
2.7569999999999997
2.612
2.891
2.759
2.827
3.198
3.048
2.445
2.673
2.748
3.049
2.681
2.673
2.4459999999999997
2.6510000000000002
2.742
2.441
2.847
2.562
2.8110000000000004
3.057
2.839
2.677
2.99
2.5180000000000002
2.6889999999999996
2.9960000000000004
2.6710000000000003
2.84
2.71
2.841
2.775
2.6260000000000003
2.697
2.752
2.6889999999999996
2.6910000000000003
2.801
2.862
2.892
2.523
2.636
2.4530000000000003
3.0
3.135
2.9939999999999998
3.2030000000000003
2.253
3.2539999999999996
2.55
2.583
2.679
2.8110000000000004
2.721
3.2089999999999996
3.06
2.658
2.95
2.7760000000000002
2.8989999999999996
2.762
2.503
2.9589999999999996
2.745
2.645
3.261
2.864
3.0660000000000003
2.5810000000000004
2.803
2.991
2.519
2.7569999999999997
2.867
2.85
2.9589999999999996
3.036
2.375
2.8789999999999996
2.476
2.6839999999999997
3.092
2.7260000000000004
2.68
2.734
2.8480000000000003
2.4090000000000003
2.78
2.903
2.4819999999999998
2.827
2.9210000000000003
2.823
2.8539999999999996
2.948
2.72
2.455
3.187
2.41
2.6910000000000003
2.594
2.635
3.1180000000000003
3.265
2.766
2.698
3.458
2.6839999999999997
2.325
2.931
2.73
2.575
2.812
2.753
2.7310000000000003
2.824
2.656
2.801
2.7680000000000002
3.236
2.533
2.421
2.725
3.1310000000000002
3.097
2.387
3.233
2.5269999999999997
2.763
2.875
2.784
2.52
2.972
2.715
2.863
2.517
2.697
2.411
2.58
2.5860000000000003
2.296
2.7689999999999997
2.356
2.6069999999999998
3.015
2.9960000000000004
3.113
2.9189999999999996
2.642
3.312
2.863
2.5869999999999997
2.907
2.763
3.0389999999999997
2.76
2.694
2.6060000000000003
2.7489999999999997
2.6630000000000003
2.773
2.799
2.608
3.014
2.353
2.613
2.439
3.07
2.875
2.71
3.342
3.262
2.634
2.6239999999999997
3.0660000000000003
2.661
2.8280000000000003
2.911
2.987
2.503
2.675
2.6910000000000003
2.845
2.645
3.113
2.895
2.718
2.977
2.423
2.786
3.0669999999999997
2.4730000000000003
2.951
2.722
2.7489999999999997
3.1830000000000003
3.083
2.428
2.843
2.7880000000000003
2.7560000000000002
3.187
2.678
2.7239999999999998
2.021
2.8
2.918
2.702
2.4090000000000003
2.8510000000000004
2.6310000000000002
2.478
3.1639999999999997
3.304
2.5540000000000003
2.885
2.688
3.236
2.845
2.569
2.6430000000000002
2.269
2.28
2.9989999999999997
2.662
3.0580000000000003
3.117
2.656
2.7889999999999997
2.75
2.447
2.488
2.5
3.097
2.8569999999999998
2.555
3.036
2.5669999999999997
2.812
2.873
2.984
2.57
3.013
2.6319999999999997
2.988
3.105
2.987
3.3789999999999996
3.155
2.833
2.593
2.855
2.903
2.91
2.705
2.6430000000000002
2.613
2.381
2.918
2.695
3.074
2.6060000000000003
2.434
2.779
2.668
3.3369999999999997
3.073
2.5839999999999996
2.6489999999999996
3.217
3.0
3.1310000000000002
3.015
2.8310000000000004
2.675
2.495
3.082
2.71
3.168
2.508
2.591
2.733
2.333
3.0269999999999997
2.8739999999999997
2.958
2.335
2.492
2.721
2.681
2.842
2.698
2.6889999999999996
2.7039999999999997
2.66
3.097
3.071
2.761
2.846
2.6210000000000004
3.0860000000000003
2.662
2.673
2.419
2.522
2.72
2.9219999999999997
2.835
2.8339999999999996
3.035
3.141
2.883
3.202
2.9539999999999997
2.713
2.4459999999999997
2.6919999999999997
2.68
2.77
2.8810000000000002
2.679
2.918
2.657
2.667
2.841
2.963
2.392
2.6489999999999996
2.938
3.3569999999999998
3.076
2.535
2.647
2.529
2.8739999999999997
2.698
2.679
2.359
3.225
2.859
3.097
2.668
3.0660000000000003
2.6210000000000004
3.1689999999999996
2.852
2.571
2.6319999999999997
2.74
2.658
2.417
3.2239999999999998
3.0439999999999996
3.364
2.583
2.7439999999999998
2.2880000000000003
2.6630000000000003
2.721
2.541
2.904
2.9019999999999997
3.187
2.516
2.648
3.248
2.877
2.605
2.7030000000000003
2.615
2.515
2.739
2.7939999999999996
2.548
3.008
2.9130000000000003
2.715
3.109
2.8930000000000002
2.748
2.819
2.5869999999999997
2.8169999999999997
2.575
2.386
2.4859999999999998
2.5810000000000004
3.0180000000000002
2.447
2.923
2.775
2.825
3.052
2.7030000000000003
2.7439999999999998
2.897
2.419
2.299
2.589
2.932
2.9989999999999997
1.974
2.734
2.662
2.813
3.136
2.6439999999999997
3.017
2.549
2.784
2.6860000000000004
2.969
2.905
2.931
2.7760000000000002
2.886
2.113
2.648
2.498
2.748
3.406
3.218
2.904
3.2489999999999997
2.975
2.805
2.833
2.714
2.787
2.7310000000000003
2.838
3.0380000000000003
2.325
2.727
2.6460000000000004
2.787
2.697
2.958
2.909
2.887
2.7539999999999996
2.753
2.522
2.7569999999999997
3.145
2.548
2.948
2.772
2.8160000000000003
2.3
2.708
2.833
2.427
2.613
2.821
2.905
2.611
3.013
2.5540000000000003
2.847
3.1289999999999996
2.6639999999999997
2.745
2.872
2.863
2.3080000000000003
2.548
3.072
2.528
2.653
2.678
2.6889999999999996
2.61
2.5610000000000004
2.7119999999999997
2.501
2.819
2.766
3.08
2.835
2.741
2.7689999999999997
2.9339999999999997
3.0380000000000003
2.8930000000000002
2.872
2.906
2.906
2.693
2.6639999999999997
2.885
2.6910000000000003
2.758
2.6
2.68
2.9989999999999997
2.568
2.886
2.249
2.739
2.833
2.7460000000000004
2.623
2.862
3.074
2.32
2.742
3.225
2.438
2.6430000000000002
2.858
3.011
3.3960000000000004
2.616
2.767
3.14
2.457
3.2089999999999996
2.852
3.12
2.7539999999999996
2.877
2.6189999999999998
2.582
2.781
2.438
3.011
2.65
3.34
2.668
2.958
2.682
2.7239999999999998
2.6860000000000004
2.725
2.489
2.839
2.81
2.589
2.72
2.73
2.81
2.875
2.522
2.559
2.502
2.325
2.479
2.423
2.305
2.521
2.773
2.8
2.501
2.8810000000000002
2.638
2.55
2.8569999999999998
2.824
2.7569999999999997
2.6889999999999996
3.2319999999999998
3.1010000000000004
2.6660000000000004
2.404
3.14
2.865
2.799
2.787
3.185
2.495
3.168
3.234
2.99
2.747
2.944
2.763
2.82
2.705
2.929
2.884
2.426
2.77
2.675
2.75
2.597
3.162
2.955
2.679
2.7510000000000003
2.63
2.7260000000000004
2.616
2.3
2.565
2.7289999999999996
2.7739999999999996
2.803
3.0869999999999997
2.898
2.363
2.659
2.904
2.891
2.91
3.031
2.7939999999999996
3.091
2.488
2.925
3.306
2.8560000000000003
2.698
2.8930000000000002
2.546
2.918
2.886
2.56
3.137
2.823
2.9219999999999997
2.133
2.5610000000000004
2.593
2.371
3.062
3.0810000000000004
2.9419999999999997
2.673
3.116
2.55
2.943
2.674
2.403
2.3609999999999998
2.4
2.645
2.96
2.7939999999999996
2.585
2.4
2.7089999999999996
2.4130000000000003
2.398
3.0789999999999997
3.179
2.9419999999999997
3.01
2.725
2.662
2.79
3.093
2.487
2.335
2.821
2.338
2.708
2.615
2.748
2.773
3.02
2.319
2.8089999999999997
2.88
2.695
3.071
2.311
2.661
2.803
3.385
3.2489999999999997
2.946
2.49
2.639
2.437
2.602
3.109
3.0010000000000003
2.6069999999999998
2.5469999999999997
2.975
