2.544
2.466
2.52
2.44
2.701
2.623
2.421
2.016
2.418
2.642
2.524
2.347
2.603
2.773
2.559
2.655
2.474
2.438
2.529
2.126
2.396
2.175
2.329
2.4730000000000003
2.571
2.6260000000000003
2.485
2.556
2.641
2.548
2.407
2.547
2.4330000000000003
2.262
2.533
2.852
2.39
2.321
2.55
2.548
2.542
2.529
2.415
2.56
2.805
2.514
2.575
2.681
2.657
2.636
2.5660000000000003
2.609
2.452
2.73
2.315
2.729
2.701
2.6
2.488
2.657
2.696
2.74
2.6910000000000003
2.549
2.64
2.638
2.536
2.502
2.853
2.478
2.199
2.379
2.78
2.535
2.5980000000000003
2.324
2.584
2.5980000000000003
2.559
2.575
2.7030000000000003
2.628
2.156
2.689
2.508
2.387
2.435
2.372
2.46
2.592
2.764
2.742
2.451
2.658
2.4530000000000003
2.7110000000000003
2.247
2.513
2.369
2.7710000000000004
2.588
2.48
2.661
2.389
2.541
2.593
2.628
2.677
2.507
2.589
2.5660000000000003
2.8110000000000004
2.6180000000000003
2.354
2.502
2.355
2.5860000000000003
2.424
2.273
2.6630000000000003
2.654
2.345
2.239
2.6210000000000004
2.486
2.503
2.587
2.588
2.491
2.6010000000000004
2.477
2.531
2.737
2.475
2.579
2.4130000000000003
2.6660000000000004
2.402
2.45
2.497
2.656
2.498
2.515
2.455
2.64
2.331
2.824
2.332
2.443
2.386
2.662
2.552
2.347
2.658
2.365
2.475
2.651
2.5860000000000003
2.559
2.435
2.5860000000000003
2.569
2.519
2.728
2.55
2.688
2.187
2.673
2.695
2.406
2.5
2.62
2.502
2.628
2.823
2.47
2.482
2.481
2.556
2.525
2.394
2.609
2.637
2.498
2.677
2.326
2.4130000000000003
2.359
2.551
2.654
2.456
2.279
2.587
2.713
2.515
2.6
2.568
2.536
2.246
2.337
2.647
2.5780000000000003
2.668
2.556
2.471
2.483
2.548
2.6260000000000003
2.42
2.448
2.76
2.752
2.456
2.58
2.543
2.298
2.66
2.438
2.624
2.434
2.373
2.5380000000000003
2.702
2.61
2.592
2.286
2.487
2.59
2.6460000000000004
2.523
2.546
2.75
2.546
2.899
2.258
2.662
2.479
2.514
2.486
2.525
2.574
2.264
2.47
2.6630000000000003
2.58
2.525
2.344
2.611
2.523
2.748
2.564
2.932
2.514
2.614
2.479
2.694
2.58
2.388
2.467
2.672
2.385
2.659
2.478
2.498
2.565
2.5860000000000003
2.622
2.342
2.677
2.677
2.708
2.644
2.882
2.906
2.887
2.363
2.476
2.637
2.174
2.438
2.722
2.604
2.469
2.709
2.256
2.378
2.478
2.389
2.6460000000000004
2.482
2.5860000000000003
2.546
2.647
2.652
2.461
2.587
2.88
2.763
2.363
2.682
2.527
2.577
2.253
2.342
2.574
2.591
2.513
2.617
2.4330000000000003
2.322
2.501
2.644
2.5660000000000003
2.45
2.687
2.725
2.6860000000000004
2.704
2.614
2.633
2.504
2.481
2.501
2.275
2.338
2.735
2.741
2.389
2.535
2.519
2.363
2.388
2.583
2.843
2.198
2.275
2.482
2.375
2.614
2.507
2.405
2.511
2.162
2.644
2.503
2.622
2.37
2.844
2.344
2.365
2.4090000000000003
2.321
2.576
2.448
2.389
2.463
2.487
2.579
2.295
2.67
2.265
2.481
2.358
2.402
2.52
2.707
2.215
2.365
2.457
2.769
2.557
2.464
2.679
2.757
2.5980000000000003
2.278
2.661
2.487
2.496
2.69
2.567
2.435
2.564
2.583
2.7060000000000004
2.693
2.562
2.421
2.597
2.545
2.662
2.408
2.679
2.575
2.7110000000000003
2.495
2.463
2.604
2.434
2.226
2.359
2.403
2.37
2.603
2.528
2.563
2.479
2.922
2.079
2.594
2.4930000000000003
2.612
2.466
2.649
2.533
2.6010000000000004
2.787
2.539
2.62
2.365
2.406
2.6180000000000003
2.787
2.437
2.488
2.501
2.614
2.337
2.698
2.431
2.551
2.515
2.376
2.087
2.748
2.5610000000000004
2.693
2.374
2.654
2.556
2.468
2.678
2.63
2.39
2.6460000000000004
2.454
2.43
2.6460000000000004
2.712
2.53
2.55
2.576
2.34
2.395
2.543
2.321
2.461
2.464
2.717
2.267
2.66
2.562
