3.297
3.398
3.099
3.58
3.635
2.573
3.305
2.397
3.284
3.603
3.142
3.6
2.9330000000000003
3.303
3.535
3.1210000000000004
3.464
3.213
2.603
3.2310000000000003
3.3480000000000003
3.898
3.823
3.105
3.735
3.627
3.325
3.754
3.032
3.322
2.911
3.353
3.2
3.258
2.957
3.254
3.536
3.262
3.398
3.474
2.978
3.236
3.509
3.1260000000000003
4.178
3.627
3.573
3.633
3.654
4.019
3.477
3.5860000000000003
3.678
3.11
3.989
2.985
3.49
3.582
3.659
3.872
4.396
3.526
3.767
3.579
4.089
3.57
3.045
3.378
3.507
3.321
3.604
3.465
3.176
3.418
3.526
3.42
3.314
3.404
3.1860000000000004
3.261
2.979
3.266
3.483
3.58
2.9930000000000003
3.474
3.621
3.269
3.344
3.585
3.3560000000000003
3.347
3.133
3.035
3.3710000000000004
3.208
3.56
3.63
3.2060000000000004
3.635
2.93
3.091
3.781
3.042
3.1180000000000003
3.551
3.293
3.314
3.148
3.2230000000000003
2.962
3.832
2.502
3.576
2.895
2.503
3.295
3.543
3.785
3.382
3.838
3.03
3.2
3.516
3.273
4.163
3.245
2.884
3.184
3.097
3.325
3.4210000000000003
3.278
3.3160000000000003
3.17
3.084
3.221
3.422
3.133
3.411
3.665
3.912
3.318
2.9760000000000004
3.32
3.774
3.172
3.1860000000000004
3.377
3.169
3.618
3.793
3.221
3.757
4.087
3.2510000000000003
3.1180000000000003
3.736
3.084
3.535
3.506
3.394
3.886
3.636
3.195
3.928
3.863
3.5610000000000004
3.683
3.564
3.596
3.679
3.594
3.2230000000000003
4.141
3.529
3.653
3.408
3.93
3.1260000000000003
3.108
3.451
3.004
3.174
3.658
3.389
3.485
3.1630000000000003
3.318
3.055
3.233
3.54
3.44
3.475
3.383
3.22
3.483
2.9530000000000003
3.355
3.635
3.054
3.513
3.833
3.3960000000000004
3.209
3.068
2.852
3.406
3.386
3.374
3.603
3.862
3.205
3.37
3.374
3.459
3.576
3.3510000000000004
3.357
3.459
3.53
3.1860000000000004
3.437
3.663
3.24
3.137
3.2910000000000004
3.518
4.231
3.716
3.757
3.805
3.255
3.86
3.786
3.648
3.645
3.454
2.528
3.23
3.253
3.4330000000000003
3.204
3.4560000000000004
3.678
2.977
3.841
3.523
3.172
3.524
3.217
3.969
3.5810000000000004
3.596
3.276
3.134
3.388
3.415
3.695
3.28
3.595
3.339
3.241
3.5460000000000003
3.502
3.449
3.522
3.015
3.455
3.185
3.256
3.745
3.5860000000000003
3.631
3.298
3.783
3.603
3.283
3.547
3.711
3.739
3.109
3.05
4.066
3.144
3.312
3.5380000000000003
2.9530000000000003
3.511
3.432
3.432
3.761
3.325
3.454
3.615
4.037
3.761
3.693
3.06
3.312
3.033
3.47
3.287
3.455
3.403
3.492
3.3710000000000004
3.681
3.603
3.406
3.635
2.844
3.344
3.257
3.026
3.292
3.254
2.9760000000000004
3.523
3.42
3.218
4.037
3.154
3.182
3.138
3.3560000000000003
3.015
3.577
3.625
3.422
3.771
3.346
3.379
3.82
3.604
3.324
3.444
3.648
2.748
3.5010000000000003
3.369
2.964
3.002
3.214
3.216
3.134
3.314
3.584
3.533
3.698
4.011
3.751
3.344
3.574
3.025
3.455
3.462
3.488
3.837
3.767
3.03
3.055
3.599
3.4
3.912
3.435
3.113
3.2910000000000004
3.148
3.682
3.224
3.337
3.451
3.457
3.423
2.846
3.06
3.3
3.332
3.753
2.958
3.621
3.867
3.37
3.577
3.009
3.402
3.053
2.9810000000000003
3.108
3.4730000000000003
3.382
3.723
3.1
3.633
3.673
3.387
3.798
3.319
3.232
3.469
3.411
3.0810000000000004
3.192
3.504
3.465
3.712
3.542
2.977
3.6
3.0210000000000004
3.0980000000000003
3.502
3.354
3.517
3.16
3.577
3.527
3.4530000000000003
3.2230000000000003
2.9930000000000003
3.133
3.645
3.466
3.545
3.61
3.333
3.409
3.395
3.92
3.369
3.265
3.725
2.814
3.582
3.4360000000000004
3.651
3.384
4.021
3.969
3.337
3.386
3.355
3.422
2.952
2.879
2.919
3.933
3.439
3.472
3.419
3.564
3.408
3.213
3.177
3.185
3.342
3.273
3.077
3.236
3.388
3.621
