2.485
2.432
2.434
2.501
2.2880000000000003
2.608
2.547
2.426
2.463
2.424
2.207
2.664
2.521
2.466
2.617
2.853
2.416
2.376
2.5
2.455
2.017
2.371
2.066
2.407
2.294
1.786
2.318
2.423
2.373
2.564
2.539
2.593
2.501
2.301
2.602
2.38
2.446
2.187
2.343
2.526
2.7
2.54
2.487
2.316
2.6180000000000003
2.712
2.437
2.355
2.528
2.56
2.54
2.694
2.524
2.74
2.419
2.457
2.401
2.569
2.682
2.07
2.448
2.477
2.603
2.372
2.489
2.527
2.358
2.466
2.667
2.5780000000000003
2.268
2.5380000000000003
2.464
2.766
2.6710000000000003
2.654
2.778
2.275
2.658
2.385
2.267
2.574
2.256
2.512
1.947
2.675
2.583
2.62
2.458
2.053
2.543
2.531
2.58
2.448
2.786
2.4130000000000003
2.361
2.424
2.569
2.354
2.469
2.261
2.482
2.575
2.526
1.432
2.633
2.496
2.596
2.574
2.356
2.73
2.687
2.211
1.579
2.426
2.65
2.392
2.389
2.305
2.557
2.346
2.295
2.401
2.317
2.495
2.41
2.643
2.6460000000000004
2.6860000000000004
2.096
2.745
2.631
2.275
2.1
2.234
2.278
2.392
2.501
2.51
2.466
2.672
1.955
2.35
2.374
2.411
2.483
2.452
2.596
2.616
2.77
2.431
2.6
2.5780000000000003
2.5980000000000003
2.472
2.589
2.5810000000000004
2.6460000000000004
2.375
2.41
2.187
2.8110000000000004
1.664
2.684
2.661
2.378
2.266
2.287
2.454
2.329
2.3280000000000003
2.69
2.593
2.227
2.5780000000000003
2.376
2.807
2.464
2.222
2.894
2.219
2.1830000000000003
2.306
2.492
2.7460000000000004
2.5340000000000003
2.6180000000000003
2.506
2.478
2.253
2.305
2.52
2.138
2.616
2.503
2.051
2.371
2.401
2.61
2.62
2.642
2.5780000000000003
2.258
2.214
2.555
2.508
2.602
2.423
2.521
2.519
2.236
2.052
2.45
2.79
2.512
2.71
2.5660000000000003
2.576
2.596
2.625
2.604
2.132
2.768
2.4130000000000003
2.3680000000000003
2.585
2.489
2.59
2.408
2.142
2.521
2.383
2.485
2.483
2.632
2.505
2.394
2.393
2.024
2.26
2.678
2.369
2.392
2.464
2.639
2.483
2.5810000000000004
2.3480000000000003
2.437
2.502
2.457
2.526
2.673
2.565
2.551
2.17
1.681
2.489
2.515
2.253
2.658
2.5660000000000003
2.611
2.391
2.56
2.517
2.617
2.536
2.393
2.323
2.044
2.326
2.385
2.025
2.463
2.716
2.101
2.459
2.435
2.3680000000000003
2.568
2.466
2.656
2.451
2.318
2.195
2.39
2.5340000000000003
2.499
2.665
2.531
2.431
2.505
2.51
2.253
2.635
2.39
2.176
2.382
2.408
2.258
2.79
2.238
2.41
2.375
2.463
2.315
2.467
2.363
2.5540000000000003
2.672
2.5380000000000003
2.196
2.331
2.121
2.372
2.557
2.511
2.152
2.446
2.556
2.471
2.546
2.457
2.71
2.447
1.744
2.498
2.272
2.0780000000000003
2.613
2.49
2.442
2.119
2.679
2.44
2.679
2.405
2.244
2.639
2.685
2.502
2.8360000000000003
2.218
2.293
2.403
2.342
2.682
2.544
2.501
2.654
2.5810000000000004
2.39
2.376
2.6630000000000003
2.242
2.556
2.435
2.662
2.6010000000000004
2.497
2.343
2.653
2.096
2.134
2.6630000000000003
2.423
2.7
2.506
2.376
2.208
2.337
2.508
2.685
2.395
2.656
2.27
2.806
2.63
2.483
2.582
1.995
2.455
2.557
2.81
2.446
2.207
2.557
2.504
2.651
2.472
2.414
2.68
2.651
2.542
2.61
2.251
2.339
2.035
2.425
2.515
2.553
2.194
2.278
2.403
2.649
2.352
2.506
2.724
2.575
2.4330000000000003
2.195
2.016
2.323
2.639
2.137
2.517
2.379
2.559
2.722
2.397
2.715
2.418
2.709
2.393
2.501
2.702
2.442
2.623
2.4
2.4930000000000003
2.177
2.587
2.633
2.036
2.588
2.88
2.166
2.399
2.521
2.68
2.516
2.615
2.316
2.332
2.6660000000000004
2.488
2.312
2.615
2.747
2.466
2.426
2.438
2.847
2.648
2.496
2.141
2.572
2.465
2.775
2.343
2.625
2.492
2.438
2.176
2.5
2.531
2.156
2.171
2.631
2.596
2.619
2.443
2.682
2.42
2.389
2.257
2.6
2.003
2.492
2.745
2.386
2.58
2.608
2.407
2.447
2.103
2.024
2.117
2.506
2.393
2.502
2.423
2.696
2.832
2.263
2.546
2.902
2.532
2.624
2.523
2.4290000000000003
2.5580000000000003
2.765
2.394
2.572
2.146
1.978
2.6060000000000003
2.461
2.37
2.7460000000000004
1.985
2.519
2.423
2.654
1.99
2.511
2.859
2.53
2.676
2.411
2.43
2.6910000000000003
2.405
2.8110000000000004
2.431
2.302
2.145
2.002
2.242
2.585
2.39
2.347
2.548
2.665
2.59
2.403
2.567
2.382
2.3
2.091
2.592
2.3
2.555
2.281
2.555
2.627
2.42
2.568
2.45
2.428
2.559
2.244
2.6910000000000003
2.292
2.479
2.5540000000000003
2.73
2.659
2.485
2.697
2.512
2.45
2.484
2.494
2.64
2.441
2.422
2.404
2.427
2.458
2.857
2.263
2.248
2.595
2.616
2.185
2.17
2.438
2.208
2.589
2.24
2.0540000000000003
2.488
2.742
2.146
2.6210000000000004
2.495
2.552
2.531
2.541
2.1180000000000003
2.172
2.387
2.324
2.784
2.194
1.888
2.608
2.3040000000000003
2.353
2.293
2.047
2.6010000000000004
2.519
2.274
1.888
2.504
2.066
2.547
2.75
2.209
2.353
2.256
2.408
2.514
2.6260000000000003
2.213
2.6660000000000004
2.263
2.42
2.659
2.253
2.555
2.343
2.463
2.275
2.457
2.496
2.5
2.524
2.215
2.705
2.556
1.957
2.436
2.362
2.6
2.544
2.5580000000000003
2.573
2.479
2.474
1.983
2.187
2.428
2.442
2.713
2.187
2.4290000000000003
2.434
2.479
2.613
2.005
2.553
2.744
2.366
2.653
2.373
2.517
2.401
2.408
2.551
2.51
2.452
2.371
2.7460000000000004
2.555
2.419
2.36
2.769
2.424
2.458
2.525
2.041
2.511
2.595
2.698
2.721
2.559
2.331
2.565
2.457
2.855
2.242
2.632
2.344
2.6210000000000004
2.291
2.542
2.281
2.405
2.509
2.341
2.472
2.544
2.597
2.537
2.162
2.724
2.111
2.539
2.525
2.4090000000000003
2.574
2.028
2.495
2.115
2.4330000000000003
2.684
2.476
2.199
2.499
2.563
2.624
2.236
2.239
2.608
2.6260000000000003
2.33
2.129
2.576
2.574
2.576
2.372
2.49
2.8080000000000003
2.527
2.333
2.475
2.562
2.213
2.498
2.591
2.244
2.3680000000000003
2.293
2.526
2.505
2.675
2.462
2.477
2.609
2.642
2.61
2.497
2.472
2.6460000000000004
2.205
2.725
2.7
2.341
2.519
2.81
2.495
2.849
2.62
2.168
2.343
2.476
2.571
2.424
1.773
2.551
2.404
2.327
2.483
2.464
2.549
2.471
2.399
2.595
2.46
2.452
2.523
2.374
2.519
2.488
2.063
2.528
2.29
2.6180000000000003
2.375
2.633
2.3680000000000003
2.518
2.612
2.248
1.994
2.537
2.122
2.397
2.297
2.593
2.405
2.437
2.609
2.511
2.557
2.4
2.452
2.6
2.708
2.401
2.486
2.478
1.68
2.78
2.611
2.446
2.307
2.689
2.072
2.032
2.235
2.353
2.5380000000000003
2.232
2.104
2.7430000000000003
2.396
2.313
2.11
2.502
2.336
2.491
2.443
2.3480000000000003
2.777
2.41
2.421
2.104
2.661
2.25
2.612
2.509
2.474
2.649
2.6260000000000003
2.036
2.724
2.072
2.4530000000000003
2.389
2.126
2.336
2.107
2.226
2.544
2.669
2.456
2.036
2.615
2.781
2.253
2.739
2.58
2.4730000000000003
2.736
1.821
2.134
2.386
2.688
2.457
2.611
2.417
2.84
2.697
2.531
2.387
2.624
2.309
2.585
1.979
2.572
2.1590000000000003
2.563
2.5980000000000003
1.839
2.674
2.757
2.587
2.705
2.5
2.421
1.905
2.349
2.562
2.537
2.505
2.657
2.607
2.633
2.69
2.483
2.41
2.178
2.467
2.613
2.485
2.425
2.509
2.715
2.524
2.577
2.65
2.518
2.388
2.189
2.403
2.379
2.569
2.458
2.596
2.644
2.654
2.415
2.506
2.314
2.675
2.457
2.216
2.36
2.613
2.381
2.503
2.157
2.146
2.5380000000000003
2.6910000000000003
2.7030000000000003
2.901
2.6260000000000003
2.458
2.02
2.432
2.69
2.093
2.312
2.805
2.37
2.612
2.452
2.615
2.5660000000000003
2.574
2.138
2.704
1.932
2.361
2.295
2.82
2.509
2.514
2.53
2.57
2.496
2.498
2.722
1.958
2.677
2.717
2.543
2.418
2.69
2.619
2.526
2.297
2.556
2.298
2.528
2.667
2.525
2.72
2.5980000000000003
2.592
2.512
2.47
2.251
2.497
2.334
2.336
2.5810000000000004
2.5380000000000003
2.363
2.563
2.507
2.515
2.658
2.667
2.421
2.632
2.471
2.9
2.36
2.526
2.622
2.513
2.557
2.507
2.738
2.542
2.382
2.518
2.405
2.448
2.5580000000000003
2.6
2.648
2.2230000000000003
2.399
2.5860000000000003
2.436
2.63
2.094
2.631
2.485
2.407
2.65
2.437
2.254
2.623
2.314
2.657
2.482
2.358
2.656
2.713
2.532
2.605
2.495
2.608
2.676
2.4530000000000003
1.966
2.36
2.5660000000000003
2.641
2.16
2.42
2.418
2.524
2.382
2.667
2.452
2.349
2.4090000000000003
2.102
2.6660000000000004
2.633
2.295
2.754
2.589
2.664
2.567
2.636
2.4730000000000003
2.65
2.642
2.464
2.623
2.669
2.565
2.423
2.454
2.391
2.239
2.653
2.602
2.454
1.74
2.336
2.753
2.216
2.44
2.641
2.677
2.059
2.5860000000000003
2.275
2.218
2.565
2.653
2.482
2.541
2.27
2.596
2.377
2.167
2.542
2.48
2.189
1.964
2.576
2.521
2.471
2.6010000000000004
2.111
2.1590000000000003
2.482
2.548
2.345
2.464
2.524
2.62
2.634
2.467
2.215
2.516
2.589
2.407
2.181
2.367
2.518
2.596
2.786
2.508
2.502
2.268
2.75
2.22
2.161
2.382
2.615
2.571
2.529
2.6
2.612
2.0580000000000003
2.449
2.638
2.325
2.573
2.495
2.676
2.688
2.6180000000000003
2.603
2.583
2.822
2.6210000000000004
2.262
2.371
2.529
2.64
2.35
2.444
2.745
2.6260000000000003
2.707
2.814
2.59
2.483
2.557
2.3040000000000003
2.649
2.3040000000000003
2.712
2.485
2.582
2.738
2.382
2.562
2.71
2.7430000000000003
2.682
2.074
2.529
2.669
2.241
2.147
2.325
2.699
2.629
2.712
2.647
2.373
2.14
2.518
2.5780000000000003
2.677
2.375
2.495
2.49
2.404
2.517
2.5
2.599
2.556
2.699
2.282
2.658
2.091
2.097
2.322
2.217
2.585
2.448
2.6910000000000003
2.665
2.316
2.391
2.636
2.68
2.185
2.157
2.779
2.597
2.305
2.383
2.233
2.245
2.027
2.55
1.932
2.285
2.685
2.668
2.392
2.595
2.53
2.668
2.373
2.817
2.7460000000000004
2.61
2.412
2.559
2.353
2.454
2.089
2.748
2.615
2.236
2.2
2.676
2.5810000000000004
2.346
2.49
2.369
2.379
2.351
2.2
2.4930000000000003
2.45
2.802
2.31
2.283
2.121
2.238
2.59
2.472
2.139
2.418
1.947
2.7230000000000003
2.595
1.972
2.33
2.175
2.573
2.5610000000000004
2.283
2.4130000000000003
2.619
2.43
2.543
2.528
2.267
2.427
2.656
2.487
2.498
2.523
2.426
2.4130000000000003
2.395
2.418
2.186
2.366
2.61
2.571
2.378
2.63
2.244
2.329
2.613
2.349
2.026
2.442
2.562
2.381
2.571
2.773
2.442
2.38
2.6
2.424
2.427
2.764
2.411
2.535
2.258
2.222
2.738
2.602
2.499
2.539
2.639
2.574
2.382
2.778
2.549
2.614
2.65
2.456
2.506
2.827
2.75
2.045
2.595
2.122
2.535
2.495
2.531
2.425
2.0980000000000003
2.5580000000000003
2.414
2.552
2.146
2.6
2.037
2.451
2.357
2.547
2.463
2.056
2.419
2.005
2.531
2.512
2.294
2.4930000000000003
2.648
2.543
2.57
2.72
2.552
2.489
2.5
2.374
2.512
2.7
2.378
2.742
2.36
2.383
2.24
2.407
2.678
2.521
2.127
2.7260000000000004
2.733
0.989
2.638
2.525
2.456
2.365
2.629
2.0780000000000003
2.003
2.505
2.59
2.732
2.257
2.633
2.512
2.439
2.491
1.977
2.402
2.547
2.69
2.672
2.338
2.69
2.616
2.297
2.391
2.434
2.619
2.026
2.518
2.629
2.551
2.42
2.543
2.591
2.708
2.199
2.644
1.788
2.654
2.355
2.427
2.485
1.99
2.659
2.207
2.518
2.577
2.286
2.527
2.535
2.563
2.464
2.84
2.353
2.529
2.351
2.802
2.514
2.499
2.602
2.682
2.496
2.639
2.527
2.351
2.605
2.668
2.331
2.552
2.55
2.241
2.082
2.423
2.438
2.111
2.585
2.439
2.44
2.1790000000000003
2.456
2.115
2.093
2.643
2.318
2.391
2.52
2.526
2.633
2.568
2.615
2.714
2.669
2.47
2.446
2.517
2.574
2.557
2.602
2.494
2.349
2.434
2.512
2.501
2.583
2.3080000000000003
2.622
2.072
2.563
2.0780000000000003
2.5780000000000003
1.939
2.752
2.609
2.411
2.552
2.233
2.268
2.272
2.457
2.632
2.254
2.442
2.135
2.128
2.517
2.549
2.615
2.105
2.403
2.594
2.685
2.782
2.395
2.741
2.411
2.627
2.674
2.482
2.312
2.258
2.0540000000000003
2.571
2.392
2.332
2.522
2.0380000000000003
2.449
2.585
2.448
2.251
2.611
2.241
2.506
2.408
2.375
2.444
2.462
2.369
2.472
2.509
2.557
2.535
2.415
1.681
2.394
2.57
1.845
2.401
2.508
2.099
2.474
2.135
2.628
2.41
2.519
2.522
2.402
2.5
2.653
2.383
2.281
2.5
2.57
2.714
2.448
2.518
2.6
2.594
2.31
2.603
2.504
2.678
2.266
2.611
2.624
2.803
1.645
2.441
2.517
2.5860000000000003
2.149
2.537
1.927
2.55
1.66
2.283
2.29
2.33
2.533
2.388
2.467
1.913
2.169
1.0659999999999998
2.287
2.714
2.629
2.165
2.5980000000000003
2.649
2.66
2.09
2.477
2.095
2.752
2.012
2.492
2.11
1.912
2.577
2.747
2.143
2.689
2.605
2.609
2.502
2.474
2.7030000000000003
2.74
2.644
2.47
2.539
1.904
2.477
2.506
2.45
2.09
2.7060000000000004
1.7819999999999998
2.166
2.121
2.58
2.33
2.656
2.434
2.434
2.54
2.245
2.29
2.315
2.526
2.172
2.6060000000000003
2.6460000000000004
2.802
2.215
2.404
2.17
2.4290000000000003
2.459
2.624
2.755
2.487
2.597
2.488
2.568
2.465
2.599
2.612
1.979
2.201
2.5340000000000003
2.525
2.779
2.546
2.38
2.287
2.39
2.307
2.539
2.449
2.56
2.602
2.794
2.213
2.537
1.895
2.261
2.351
2.638
2.359
2.803
2.36
2.502
2.682
1.757
2.479
2.471
2.7510000000000003
2.677
2.42
2.459
2.6060000000000003
2.0540000000000003
2.011
2.611
2.61
2.091
2.559
2.389
2.175
2.6860000000000004
2.399
2.383
2.314
2.46
2.732
2.182
2.194
2.653
2.426
2.535
2.669
2.67
2.5860000000000003
2.77
2.665
2.255
2.5610000000000004
2.484
2.142
2.514
2.095
2.633
2.246
1.866
2.552
2.53
2.489
2.325
2.523
2.4730000000000003
2.455
2.151
2.632
2.468
2.48
2.546
2.592
2.341
2.397
2.466
2.5980000000000003
2.507
2.575
2.147
2.593
2.677
2.153
2.457
2.6180000000000003
1.989
2.432
2.529
2.535
2.377
2.383
2.495
2.374
2.539
2.4130000000000003
3.006
2.438
2.286
2.505
2.559
2.093
2.518
2.655
2.415
2.456
2.3040000000000003
2.336
2.594
2.25
2.608
2.32
2.485
2.044
2.604
2.588
2.333
2.239
2.652
2.009
2.487
2.461
2.418
2.591
2.526
2.767
2.447
2.196
2.541
2.648
2.688
2.089
2.574
2.623
2.9210000000000003
2.3480000000000003
2.614
2.194
2.602
2.7060000000000004
2.19
2.469
2.553
2.532
2.728
2.49
2.495
2.563
2.529
2.644
2.45
2.786
2.36
2.373
2.1590000000000003
2.498
2.47
1.928
2.573
2.347
2.187
2.296
2.477
2.477
2.529
2.436
2.5340000000000003
2.219
2.242
2.508
2.164
2.54
2.772
2.155
2.5780000000000003
2.295
1.22
2.525
2.43
2.217
2.1180000000000003
2.382
2.638
2.7260000000000004
2.65
2.553
2.164
2.584
2.532
2.142
2.648
