2.6210000000000004
2.847
2.854
2.837
3.069
3.084
2.866
2.035
2.971
2.879
2.87
2.749
2.773
2.93
3.019
2.863
2.525
2.864
2.895
2.425
2.527
2.5860000000000003
2.8160000000000003
2.759
2.9760000000000004
3.005
2.886
2.8560000000000003
2.914
2.91
2.719
2.7910000000000004
2.84
2.754
2.85
3.047
2.641
2.83
2.997
2.977
2.922
2.858
2.632
2.9930000000000003
3.1
2.97
2.95
3.0610000000000004
2.887
2.674
2.869
2.832
2.885
2.972
2.516
2.9410000000000003
2.7710000000000004
2.6180000000000003
2.939
3.0860000000000003
2.765
2.9130000000000003
2.898
2.9210000000000003
2.9960000000000004
2.5340000000000003
2.94
2.904
3.033
2.739
2.52
2.67
2.94
2.659
3.01
2.863
2.967
2.736
2.93
2.875
2.98
2.92
2.821
3.216
2.81
2.467
2.553
2.694
2.809
2.85
3.063
3.057
2.85
2.968
2.986
3.032
2.42
2.839
2.773
2.958
2.927
2.917
3.111
2.693
2.659
2.678
2.758
2.797
2.806
3.091
2.959
3.063
2.797
2.832
2.898
2.7030000000000003
2.812
2.867
2.664
3.015
2.999
2.738
2.903
2.685
2.617
2.844
2.73
2.972
2.588
2.928
2.7960000000000003
2.71
2.636
2.963
2.89
2.7230000000000003
2.797
2.684
2.922
2.756
2.9810000000000003
2.716
2.696
2.63
2.967
2.559
2.884
2.869
2.8
3.011
2.959
2.955
2.75
2.908
2.599
3.016
3.023
2.629
2.9130000000000003
2.905
2.882
2.9210000000000003
2.966
3.017
2.8110000000000004
3.018
2.717
2.841
2.882
2.886
2.905
3.125
2.838
2.761
2.458
2.695
3.0010000000000003
2.8310000000000004
2.529
2.847
2.628
2.965
2.867
2.794
2.887
2.725
2.748
2.814
2.783
2.859
2.678
2.562
2.902
2.8280000000000003
2.932
2.955
3.123
2.922
2.725
2.772
2.904
2.864
2.8680000000000003
2.954
2.934
3.039
2.842
2.999
2.676
2.825
2.978
3.0610000000000004
2.631
2.995
2.709
2.764
2.867
2.9
2.67
2.694
2.76
2.8360000000000003
2.995
3.024
2.963
2.819
2.891
3.092
3.096
2.9730000000000003
2.937
3.082
2.85
2.938
2.847
2.87
2.908
2.775
2.886
2.597
2.89
2.704
2.807
3.057
2.84
3.205
2.475
3.052
2.904
2.958
2.932
2.857
2.888
2.82
2.858
3.017
3.017
2.732
2.928
2.733
2.785
2.79
2.698
2.859
3.168
2.844
2.778
2.792
3.033
2.932
3.017
2.7460000000000004
3.219
3.142
2.966
2.448
2.49
2.857
2.679
2.818
2.838
2.7710000000000004
2.8480000000000003
2.736
2.817
2.658
2.763
2.762
3.064
2.708
2.694
2.857
2.709
3.083
2.9560000000000004
2.68
2.963
2.843
2.8310000000000004
2.859
2.938
2.849
2.76
2.543
2.9760000000000004
2.917
2.923
2.945
2.758
2.592
2.887
2.792
2.895
2.8360000000000003
2.952
2.908
3.032
2.954
2.849
3.08
2.825
2.9730000000000003
3.071
2.364
2.745
3.21
3.167
2.727
2.5610000000000004
2.68
2.569
2.9560000000000004
2.918
2.9960000000000004
2.832
2.777
2.786
2.878
3.096
2.857
2.709
2.865
2.522
3.124
2.948
2.753
2.696
2.795
2.648
2.779
2.835
2.643
2.939
2.758
2.582
2.889
2.945
2.944
2.857
2.918
2.802
2.698
2.627
2.897
2.859
2.995
2.689
2.677
2.614
2.8280000000000003
2.798
2.825
3.027
2.904
2.714
2.806
2.698
2.744
2.895
2.897
2.879
2.553
2.98
2.968
3.047
2.968
3.073
2.824
2.749
2.823
2.986
2.707
2.639
3.033
2.861
2.676
2.854
2.677
2.7430000000000003
2.774
2.559
2.523
2.967
2.79
3.013
2.924
2.849
3.164
2.755
3.0810000000000004
2.778
2.674
2.9210000000000003
2.948
2.819
2.9730000000000003
3.1460000000000004
2.9410000000000003
2.923
2.884
2.7880000000000003
2.786
2.698
2.757
2.926
2.864
2.969
3.049
2.974
2.531
2.8760000000000003
2.742
2.759
2.682
3.069
2.839
2.845
2.874
2.94
2.854
2.782
3.1630000000000003
2.965
2.73
2.95
2.906
2.8310000000000004
2.954
3.016
3.198
2.881
2.795
2.466
2.737
2.787
2.7310000000000003
2.779
2.737
2.869
2.64
3.0780000000000003
2.9960000000000004
