2.87
2.792
2.563
2.794
2.7060000000000004
2.927
2.907
2.642
2.393
2.704
2.507
2.847
2.7880000000000003
2.744
2.963
3.187
2.891
2.535
3.009
2.919
2.954
2.814
2.7310000000000003
2.812
2.774
2.465
2.693
3.082
3.156
2.937
2.958
2.693
2.718
2.864
2.865
2.696
2.877
2.476
2.779
2.813
2.782
3.0810000000000004
3.127
2.797
3.064
3.056
2.753
2.775
2.7510000000000003
2.824
2.88
2.971
2.741
2.971
2.548
2.779
2.787
2.897
3.19
2.627
2.776
2.975
2.719
2.59
2.815
2.8280000000000003
2.923
2.718
2.927
2.904
2.5380000000000003
2.917
3.0380000000000003
3.192
2.922
2.937
3.028
2.767
2.975
2.7710000000000004
2.693
2.741
2.835
2.997
2.857
2.955
2.647
2.742
2.944
2.689
2.798
2.783
3.0980000000000003
2.826
2.887
2.893
2.715
2.605
2.787
2.8280000000000003
2.529
2.94
2.844
2.838
2.954
2.313
2.9410000000000003
2.873
2.839
2.734
2.407
2.937
3.0
3.017
2.486
2.8280000000000003
2.952
2.769
2.882
3.057
2.849
2.774
2.928
2.837
2.762
2.7430000000000003
3.145
2.823
3.059
3.003
2.571
3.113
3.188
2.702
2.166
2.759
2.886
2.59
2.756
3.003
2.7230000000000003
2.952
2.506
2.75
2.6060000000000003
2.887
2.8560000000000003
2.826
2.73
2.821
3.0010000000000003
2.707
3.08
2.8480000000000003
2.87
3.12
2.73
2.969
2.974
2.858
3.0380000000000003
2.778
2.887
2.7880000000000003
2.77
3.068
2.8710000000000004
2.802
2.801
2.787
2.8960000000000004
3.055
3.004
2.732
2.9
2.878
2.923
3.077
3.102
2.437
3.035
2.821
2.588
2.88
2.8760000000000003
2.8080000000000003
2.893
3.073
2.75
2.912
2.818
3.057
2.884
2.776
2.89
2.864
2.478
2.785
2.89
2.8
2.799
2.99
2.784
2.544
2.678
2.979
2.967
2.9
2.7310000000000003
2.9130000000000003
2.698
2.727
2.803
3.024
3.147
2.7
3.012
2.907
2.924
2.91
2.855
2.772
2.8560000000000003
3.095
2.87
2.9730000000000003
2.942
2.959
2.881
2.858
2.697
2.5980000000000003
2.883
2.852
2.904
2.995
2.99
2.8310000000000004
2.769
2.482
2.806
2.745
2.748
2.92
2.834
2.989
2.951
2.762
2.966
2.9560000000000004
2.845
2.932
3.08
2.958
2.962
2.9210000000000003
2.627
2.592
2.995
2.812
2.693
2.9530000000000003
2.8280000000000003
2.747
2.823
2.9410000000000003
2.9210000000000003
2.8160000000000003
2.939
2.488
2.915
2.76
2.744
2.748
2.839
3.063
2.87
2.509
2.786
2.942
3.031
2.99
3.009
3.023
2.772
2.807
2.583
2.753
2.769
2.6860000000000004
2.8560000000000003
2.7030000000000003
2.7460000000000004
3.036
2.839
2.539
2.9730000000000003
2.9360000000000004
2.926
2.648
2.928
3.047
3.131
2.709
3.019
2.775
2.839
2.9530000000000003
2.8510000000000004
2.676
2.8360000000000003
3.1060000000000003
3.115
2.8510000000000004
2.569
2.484
2.639
2.994
2.6910000000000003
2.794
3.034
2.736
2.9530000000000003
2.8480000000000003
2.782
2.966
2.812
2.721
2.638
2.749
2.777
2.829
2.837
2.7110000000000003
2.805
3.083
3.044
2.944
2.931
2.889
3.06
2.964
2.7460000000000004
3.05
2.9730000000000003
2.967
2.769
2.65
2.817
2.5810000000000004
3.024
3.006
2.86
2.7460000000000004
2.8510000000000004
3.043
2.9160000000000004
2.795
2.855
2.805
2.763
2.7430000000000003
2.786
3.144
2.571
3.008
2.9560000000000004
2.441
3.009
2.5660000000000003
2.803
3.154
2.799
2.874
2.847
2.922
2.9530000000000003
2.596
2.999
2.845
2.891
3.124
2.411
2.891
2.942
3.089
2.799
2.647
2.9360000000000004
2.8160000000000003
2.8160000000000003
2.929
2.901
2.832
2.892
3.2030000000000003
2.886
3.007
2.748
2.759
2.7260000000000004
2.766
3.07
2.4130000000000003
2.593
2.7030000000000003
2.925
2.649
3.02
2.94
2.84
2.7960000000000003
2.612
2.693
2.701
3.1060000000000003
2.839
2.879
2.944
2.9560000000000004
3.1060000000000003
2.977
3.011
2.6180000000000003
3.002
2.725
2.863
2.922
2.86
2.8280000000000003
2.946
2.769
2.563
2.814
3.047
2.795
3.112
3.137
2.66
2.786
3.075
2.855
2.968
2.914
2.91
2.983
2.797
2.855
2.822
3.048
2.925
2.793
2.8560000000000003
3.002
2.945
2.8280000000000003
2.9
2.592
2.862
2.739
2.908
2.886
3.011
2.7710000000000004
2.8480000000000003
2.82
3.028
2.772
2.966
2.834
2.806
2.838
2.852
2.889
2.985
2.7310000000000003
2.866
2.576
2.898
2.649
3.04
3.2
3.0460000000000003
2.986
2.91
2.859
3.065
2.718
2.482
2.774
2.889
2.763
2.948
2.8510000000000004
2.905
2.979
2.745
2.905
3.16
2.8560000000000003
3.175
2.972
2.893
2.815
2.946
2.784
2.867
2.813
2.893
2.839
3.01
2.564
2.929
2.779
2.772
2.899
2.817
2.834
2.926
3.014
2.879
2.986
2.645
2.9130000000000003
2.965
2.862
2.9960000000000004
2.866
2.619
2.742
2.377
2.768
2.812
2.736
3.014
2.736
3.0010000000000003
2.883
2.775
3.158
2.9360000000000004
2.738
2.844
3.051
2.717
2.931
3.047
2.798
3.091
2.88
2.8110000000000004
3.133
2.732
2.833
2.67
2.752
2.6
2.972
2.827
2.942
3.089
2.994
2.854
2.917
2.712
2.7260000000000004
2.571
2.946
2.911
2.755
2.739
2.698
2.797
3.089
2.668
2.814
2.809
3.07
2.225
2.423
2.942
3.032
3.003
2.8680000000000003
2.506
3.026
3.0460000000000003
2.73
3.15
2.8560000000000003
2.857
2.882
2.801
2.539
2.521
2.634
2.7910000000000004
3.131
2.781
2.565
3.097
2.86
2.799
2.88
2.467
3.088
2.724
2.782
2.565
2.945
2.201
2.886
3.0660000000000003
2.958
2.862
2.869
2.82
2.984
2.92
2.707
3.032
2.925
2.7910000000000004
2.93
2.719
2.903
2.675
3.084
2.678
2.667
2.814
2.8160000000000003
3.044
2.864
2.881
2.817
2.412
2.901
3.056
2.9130000000000003
2.914
2.928
3.083
2.9810000000000003
2.8160000000000003
2.584
2.544
2.967
2.716
2.9
2.476
2.699
3.033
3.04
2.885
2.457
2.925
3.093
2.806
2.957
2.565
3.012
2.649
2.76
2.773
2.919
2.804
3.064
2.878
2.97
2.745
2.994
2.892
2.939
2.8080000000000003
2.763
2.8160000000000003
2.787
3.0210000000000004
2.903
3.053
2.928
2.839
2.843
2.9810000000000003
3.083
2.999
2.841
2.651
2.764
2.867
2.761
2.707
2.642
2.897
2.7430000000000003
2.753
2.978
2.931
3.008
2.543
3.025
2.776
2.9360000000000004
2.877
2.99
3.132
2.64
2.837
2.908
2.934
2.855
2.79
2.562
2.9560000000000004
2.8960000000000004
2.943
2.798
2.7510000000000003
2.872
2.849
2.631
2.757
3.144
2.9130000000000003
3.035
2.7910000000000004
2.8
2.978
2.754
2.635
2.772
2.991
2.739
2.9560000000000004
2.755
2.591
2.784
2.737
2.747
2.742
2.895
2.892
2.881
3.111
3.0010000000000003
2.9130000000000003
2.949
2.664
2.838
2.79
3.181
2.757
2.772
3.057
3.009
2.9560000000000004
3.054
2.85
2.844
2.499
2.638
2.867
2.702
2.13
2.929
3.074
2.636
2.809
2.589
2.855
2.87
2.763
2.8960000000000004
2.932
2.814
2.86
2.802
2.958
2.813
2.444
2.964
2.926
2.965
3.03
3.084
3.042
2.9960000000000004
2.9
2.542
2.549
2.971
2.71
2.702
2.571
2.991
2.951
3.0380000000000003
2.928
2.957
2.825
2.9730000000000003
2.456
2.999
2.928
2.938
2.778
2.735
2.8560000000000003
2.839
3.057
3.087
2.713
2.8310000000000004
2.7110000000000003
2.1830000000000003
2.901
2.705
2.7060000000000004
2.901
2.713
2.935
2.701
2.557
3.016
3.094
2.718
2.937
2.364
2.718
2.999
2.812
2.972
2.891
2.918
2.874
3.105
2.947
2.818
2.8480000000000003
2.822
2.795
3.19
2.543
2.872
2.9
2.772
2.749
2.73
2.628
2.8680000000000003
2.937
2.958
2.71
3.073
3.077
2.679
3.013
2.991
2.948
2.766
2.602
2.8280000000000003
2.734
2.965
2.722
2.904
2.721
3.049
3.199
2.9330000000000003
2.802
2.852
2.622
2.782
2.548
2.986
2.591
2.971
2.881
2.104
2.932
2.964
2.943
3.093
2.347
2.8760000000000003
2.4
2.556
2.853
2.9530000000000003
3.155
3.006
2.992
3.258
2.912
2.757
2.6910000000000003
2.5780000000000003
2.693
2.787
2.804
2.823
2.8710000000000004
2.9760000000000004
2.846
2.909
2.917
2.741
3.0660000000000003
2.963
2.82
2.875
3.16
2.958
3.031
3.159
2.9960000000000004
2.853
2.766
2.968
2.914
2.822
2.6830000000000003
2.875
2.817
2.881
3.035
2.594
2.6210000000000004
2.974
2.885
3.104
2.873
2.9810000000000003
2.934
2.623
2.705
2.944
2.882
2.91
3.056
3.0210000000000004
2.837
2.787
2.968
3.051
2.9160000000000004
2.822
2.951
2.7260000000000004
2.939
2.8680000000000003
2.8310000000000004
3.0980000000000003
2.875
2.903
3.002
2.822
2.954
3.092
2.702
2.611
2.918
2.721
2.535
2.824
2.862
2.94
2.769
2.8160000000000003
2.946
2.739
2.96
3.024
3.13
3.107
3.022
2.93
2.892
2.562
2.784
2.93
2.406
2.782
2.744
2.494
2.893
2.968
2.817
2.852
2.906
2.835
3.097
2.859
3.127
2.812
2.529
2.87
3.119
2.775
2.884
2.82
2.802
2.5980000000000003
2.905
3.195
2.815
2.885
2.983
3.076
2.571
2.757
3.0210000000000004
2.612
2.838
2.638
3.0660000000000003
2.633
2.659
2.855
2.738
2.8480000000000003
3.182
2.73
2.888
2.775
2.82
2.944
2.949
2.945
2.834
2.807
2.895
2.84
2.8480000000000003
2.588
2.911
2.884
3.069
2.668
2.794
2.756
2.8080000000000003
2.75
2.844
3.125
2.725
2.815
2.775
2.845
2.847
3.1830000000000003
2.9360000000000004
2.888
2.869
2.904
2.757
2.886
2.939
2.897
2.926
2.821
2.992
2.959
2.939
2.7430000000000003
2.909
2.76
2.969
3.027
2.635
2.524
2.859
3.01
2.769
2.97
2.963
2.922
3.019
2.9530000000000003
3.014
2.6910000000000003
2.802
3.07
2.667
2.944
2.701
2.764
2.685
2.501
2.815
2.926
2.963
2.693
2.832
2.863
2.909
2.985
2.832
2.591
2.915
2.668
2.7460000000000004
3.112
2.707
2.93
2.789
2.787
2.472
3.02
2.903
2.861
2.684
3.007
2.884
3.014
3.0660000000000003
2.843
2.813
2.838
2.835
3.125
2.777
2.865
2.864
2.866
2.852
2.793
2.9
2.716
2.9960000000000004
3.025
2.623
3.069
2.8710000000000004
3.0210000000000004
3.079
2.9130000000000003
2.968
3.032
2.945
3.014
2.897
2.684
2.845
3.08
3.178
2.947
2.9530000000000003
2.9560000000000004
2.995
2.989
3.006
2.688
2.759
3.007
2.832
2.951
2.8560000000000003
2.957
3.063
2.998
2.822
2.639
2.904
3.0780000000000003
2.8080000000000003
2.814
2.8310000000000004
2.807
2.641
2.762
2.949
2.918
2.942
2.906
3.024
2.579
2.664
2.834
2.93
3.129
2.659
2.997
2.837
2.718
2.766
2.744
3.002
2.74
3.1860000000000004
2.595
2.886
2.727
2.675
2.898
2.442
2.949
2.692
2.901
2.721
2.951
2.781
2.934
3.053
2.997
2.594
3.1060000000000003
3.07
2.893
2.772
2.66
3.056
2.545
2.827
2.7260000000000004
2.8710000000000004
3.1460000000000004
3.219
2.655
2.894
2.715
2.849
2.787
2.972
3.114
2.969
2.81
2.735
3.005
2.8310000000000004
2.682
3.153
2.874
2.744
2.543
2.958
2.859
2.98
2.764
2.689
2.891
2.818
3.064
2.892
2.7430000000000003
2.955
2.803
2.687
2.942
2.722
2.627
2.889
2.8480000000000003
2.878
2.857
3.076
2.839
2.6010000000000004
2.665
2.582
3.168
2.7880000000000003
2.613
2.906
2.922
3.045
2.6010000000000004
3.233
2.6830000000000003
2.591
2.9360000000000004
2.732
2.767
2.774
2.76
2.799
2.909
2.906
2.728
2.966
2.889
2.841
2.79
3.051
3.095
2.821
3.196
2.62
2.776
2.9760000000000004
2.932
2.602
2.907
3.004
2.932
2.955
2.901
2.965
3.069
2.917
2.718
2.757
2.6660000000000004
2.612
2.937
3.044
3.034
2.994
2.825
2.893
2.881
2.886
3.035
2.858
3.0580000000000003
2.899
2.89
2.911
2.947
2.472
2.798
2.742
2.966
2.975
2.7710000000000004
2.891
2.826
2.775
2.559
3.025
2.649
2.971
2.957
2.84
2.901
2.926
2.81
2.932
2.908
2.546
2.968
2.991
2.8110000000000004
2.797
3.124
3.134
2.918
3.0660000000000003
2.989
2.887
2.88
2.5380000000000003
2.747
3.025
2.865
2.881
3.008
2.82
2.752
2.464
2.9960000000000004
3.016
3.014
2.881
2.945
1.936
3.017
2.849
2.948
2.715
3.004
2.684
2.803
2.906
2.974
2.944
2.605
3.0010000000000003
3.084
2.861
2.63
2.325
2.8680000000000003
2.911
3.093
2.96
2.965
2.689
2.9160000000000004
2.769
2.718
2.698
3.145
2.879
2.841
2.902
2.994
2.79
2.887
2.676
2.889
2.847
3.0460000000000003
2.774
2.8960000000000004
2.754
2.91
2.658
2.834
2.946
2.781
2.9810000000000003
2.969
3.139
3.214
2.937
2.839
2.83
2.957
2.895
2.925
2.8
2.881
2.888
2.8760000000000003
2.805
3.241
2.767
2.8560000000000003
2.97
2.662
2.36
2.926
2.998
2.72
2.922
2.482
2.841
2.441
2.935
2.675
3.0660000000000003
2.647
2.629
2.559
3.026
2.908
2.839
2.918
2.763
2.6010000000000004
2.918
2.9330000000000003
2.719
2.779
3.0810000000000004
2.957
3.0980000000000003
2.804
2.77
3.13
3.007
2.931
2.998
2.769
2.721
2.928
2.773
2.927
2.91
2.441
2.903
2.739
2.977
2.785
2.888
2.8
3.0410000000000004
2.8160000000000003
2.841
3.012
2.732
2.915
2.81
2.72
2.929
2.676
2.591
2.772
2.8110000000000004
2.776
3.0210000000000004
2.87
2.483
2.8960000000000004
3.093
2.967
3.178
2.795
3.208
3.017
2.9560000000000004
2.988
2.669
2.6910000000000003
3.138
2.696
3.193
2.958
2.64
2.925
2.662
3.034
2.963
2.6210000000000004
2.704
2.8280000000000003
2.75
2.867
2.905
2.63
2.623
2.974
2.801
2.803
2.402
2.817
2.969
2.752
2.592
2.559
3.301
2.714
2.747
2.772
2.766
2.803
2.764
2.9130000000000003
2.962
2.869
3.161
2.899
2.929
2.753
2.754
2.633
2.775
2.722
2.824
2.827
2.87
3.406
3.093
2.5810000000000004
3.039
2.774
2.982
2.827
3.093
3.033
3.1010000000000004
2.224
2.8680000000000003
2.8760000000000003
2.88
2.716
2.971
2.539
2.797
2.084
2.61
2.702
2.798
2.794
2.897
2.821
2.657
2.535
1.57
2.639
2.74
2.95
2.524
2.826
2.928
2.982
2.657
2.6060000000000003
2.744
3.102
2.7310000000000003
2.927
2.543
2.6060000000000003
3.0780000000000003
3.1710000000000003
2.931
2.8560000000000003
3.103
2.955
2.781
2.893
3.052
3.063
3.1060000000000003
2.8310000000000004
2.786
2.639
2.9960000000000004
2.9160000000000004
2.688
2.657
2.825
2.358
2.503
2.7060000000000004
2.983
3.029
2.778
2.759
2.792
2.881
2.733
3.068
2.5810000000000004
2.9560000000000004
3.188
2.9960000000000004
2.664
3.097
2.955
2.969
2.562
2.809
2.786
2.932
3.096
2.833
3.15
2.955
2.904
2.922
3.107
2.872
2.633
2.927
2.7510000000000003
3.109
3.149
2.987
2.849
2.693
2.763
2.789
3.051
2.869
2.544
2.939
2.644
2.8960000000000004
2.904
2.588
2.87
2.8710000000000004
2.93
2.739
2.963
2.7230000000000003
2.839
2.6860000000000004
2.667
2.853
2.965
3.035
2.855
2.975
2.927
2.839
2.696
2.562
2.958
2.7960000000000003
2.603
2.9160000000000004
2.705
2.883
2.909
2.915
2.777
2.766
3.07
3.177
2.7960000000000003
2.911
2.824
2.991
2.911
2.9530000000000003
2.902
2.7430000000000003
3.013
2.897
2.582
3.0410000000000004
2.769
2.435
2.977
2.6010000000000004
2.944
2.545
2.687
2.7910000000000004
2.858
2.794
2.7910000000000004
2.843
2.894
2.902
2.574
2.779
3.13
3.138
2.9560000000000004
2.886
2.694
2.747
2.839
2.899
2.778
2.806
2.628
2.966
2.611
2.658
2.812
2.9330000000000003
2.873
2.778
2.92
2.907
2.9
2.891
2.899
3.111
2.894
2.786
2.992
2.744
2.551
2.695
2.965
2.6660000000000004
2.8110000000000004
2.772
2.714
2.819
2.752
2.631
3.0580000000000003
2.549
2.884
2.693
2.9360000000000004
2.67
2.9410000000000003
3.007
2.781
2.69
2.838
2.525
3.131
2.899
2.882
3.095
2.833
3.103
2.9560000000000004
2.651
2.794
2.919
2.931
2.8680000000000003
3.011
2.859
2.804
2.817
3.016
2.804
3.178
2.892
2.862
2.775
2.809
2.677
3.0810000000000004
2.764
2.735
2.842
2.991
2.7510000000000003
2.7960000000000003
3.06
2.75
2.8310000000000004
2.572
2.866
2.841
2.809
2.7310000000000003
2.531
2.858
2.87
2.7710000000000004
3.076
2.852
2.815
2.659
2.6710000000000003
2.446
3.033
2.592
2.9410000000000003
2.975
2.793
2.824
2.754
2.014
2.949
2.741
2.877
3.007
2.905
2.757
2.958
3.13
2.865
3.08
2.864
3.005
2.693
3.002
