2.789
2.8360000000000003
2.817
2.894
3.154
3.1010000000000004
2.903
1.923
2.879
2.829
2.9130000000000003
2.763
2.9360000000000004
3.117
3.148
2.9760000000000004
2.531
3.0460000000000003
2.869
2.576
2.7
2.494
2.7710000000000004
2.716
3.076
3.11
2.9
2.94
3.019
3.024
2.835
2.841
2.813
2.627
2.874
2.944
2.8080000000000003
2.754
3.047
3.032
2.964
2.879
2.633
3.002
3.073
3.088
2.99
3.267
3.124
2.659
2.9160000000000004
3.063
2.945
3.08
2.532
3.074
2.794
2.455
2.945
3.168
2.991
3.059
2.889
2.911
3.193
2.684
2.843
3.0580000000000003
3.075
2.677
2.47
2.658
3.209
2.818
3.123
2.694
3.0460000000000003
2.804
3.009
2.918
3.111
2.9930000000000003
2.72
3.184
2.8710000000000004
2.688
2.69
2.669
2.937
2.754
3.131
3.1010000000000004
2.874
3.182
3.056
2.932
2.7
2.842
2.759
3.027
2.8510000000000004
3.015
2.9610000000000003
2.678
2.7110000000000003
3.067
2.804
2.82
2.855
3.16
2.9730000000000003
3.2430000000000003
2.846
2.8510000000000004
2.968
2.718
2.9130000000000003
2.954
2.735
2.878
2.997
2.738
2.8760000000000003
2.748
2.702
2.865
2.804
3.024
2.6710000000000003
3.145
2.825
2.964
2.837
3.054
2.979
2.823
3.023
2.698
2.888
2.83
3.035
2.734
2.661
2.744
3.17
2.533
2.987
2.901
2.894
3.029
2.9530000000000003
2.889
2.79
2.957
2.412
3.152
3.168
2.63
2.919
2.98
2.94
2.94
2.923
3.129
3.008
3.1010000000000004
2.699
3.0460000000000003
2.768
2.9410000000000003
2.9730000000000003
3.014
2.929
3.093
2.737
2.861
2.985
3.014
2.5860000000000003
2.846
2.862
2.949
2.89
2.775
2.895
2.947
2.897
2.873
2.893
2.827
2.668
2.573
2.787
3.04
2.9560000000000004
2.912
3.027
2.861
2.695
2.681
2.864
2.957
2.965
3.144
2.922
2.927
2.844
3.0810000000000004
2.86
2.652
3.144
3.141
2.662
2.882
2.767
2.709
2.965
3.031
2.76
2.716
2.7430000000000003
2.924
3.04
2.929
3.035
2.928
2.793
3.167
3.003
3.017
2.915
3.102
2.844
3.022
2.864
3.064
3.004
2.641
2.8110000000000004
2.562
3.002
2.853
2.892
3.059
2.8760000000000003
3.069
2.451
2.929
2.985
2.987
2.959
3.151
2.995
2.861
2.7060000000000004
3.151
3.032
2.7710000000000004
2.773
2.701
2.925
2.819
2.597
2.943
3.2110000000000003
2.969
2.833
2.883
3.052
3.0810000000000004
3.073
2.642
3.302
3.06
3.024
2.427
2.623
2.834
2.629
2.766
2.812
2.895
2.877
2.923
2.716
2.7060000000000004
2.769
2.888
3.185
2.926
2.722
2.875
2.498
2.971
2.943
2.813
3.018
2.798
2.805
3.011
3.063
2.931
2.713
2.676
3.006
2.997
2.935
2.832
2.732
2.628
2.736
2.782
3.017
2.784
3.019
2.95
3.007
2.9330000000000003
2.977
3.177
2.812
2.895
2.971
2.32
2.637
3.173
3.161
2.7880000000000003
2.6460000000000004
2.631
2.3280000000000003
3.011
2.923
3.16
2.9160000000000004
2.745
2.98
2.768
3.196
3.03
2.821
2.911
2.466
3.023
2.919
2.759
2.744
2.891
2.805
2.826
2.64
2.799
2.894
2.983
2.634
2.8710000000000004
2.9930000000000003
2.966
2.742
3.09
2.629
2.698
2.6660000000000004
2.783
2.927
3.09
2.6
2.725
2.741
3.134
2.7880000000000003
2.96
3.002
2.954
2.88
2.709
2.844
2.891
2.893
2.833
2.965
2.69
2.98
3.055
3.089
3.07
3.122
2.835
2.872
2.909
3.0610000000000004
2.765
2.592
2.9930000000000003
2.928
2.55
2.893
2.657
2.756
2.75
2.672
2.725
2.87
2.889
3.054
2.949
2.98
3.043
2.732
3.209
2.9560000000000004
2.766
2.925
3.023
3.003
2.954
3.18
2.887
2.843
2.781
2.849
2.786
2.588
2.741
2.846
3.014
3.042
3.07
2.958
2.73
2.886
2.574
2.817
2.616
3.128
2.9610000000000003
2.872
2.9610000000000003
2.964
2.946
2.835
3.069
2.9960000000000004
2.881
2.949
2.888
2.81
2.906
2.902
3.0660000000000003
2.832
2.905
2.6460000000000004
2.364
2.924
2.733
2.863
2.8710000000000004
2.984
2.78
2.9560000000000004
3.185
