3.195
2.869
3.207
2.962
3.0410000000000004
3.13
2.9160000000000004
2.141
2.859
3.0460000000000003
2.853
2.945
2.826
2.853
2.819
3.009
3.051
3.127
3.258
2.5540000000000003
2.654
2.373
2.756
2.995
2.942
2.82
2.991
3.304
3.312
2.81
3.157
2.897
2.847
2.927
2.87
2.918
3.035
2.801
2.928
2.938
2.95
3.004
2.902
2.874
3.36
3.03
2.9760000000000004
3.007
3.013
2.947
3.1710000000000003
2.754
2.849
2.901
2.696
3.452
3.133
3.01
2.839
3.141
3.12
3.131
2.937
2.992
3.244
2.752
3.11
3.199
3.391
2.888
2.684
3.324
3.104
2.704
3.013
3.007
2.943
2.775
3.002
3.06
2.963
3.136
2.841
3.301
3.073
2.918
2.696
2.505
3.017
2.762
3.144
3.164
2.61
2.9610000000000003
3.0810000000000004
3.114
2.755
2.983
2.68
3.165
3.043
3.242
2.99
2.688
2.656
3.228
2.958
3.139
2.9210000000000003
3.069
2.938
3.402
3.107
2.85
2.873
3.059
2.905
2.983
2.773
3.2510000000000003
3.189
2.782
2.6860000000000004
2.979
2.932
3.239
3.003
2.928
3.14
3.25
2.852
3.018
2.849
2.8710000000000004
3.178
2.995
3.156
3.01
2.875
3.105
3.182
3.0460000000000003
2.875
2.894
2.526
2.537
3.168
2.812
2.932
3.073
2.697
3.063
3.057
2.8760000000000003
2.705
2.8310000000000004
2.734
2.829
3.054
2.95
2.881
2.899
3.221
3.074
3.039
3.369
2.497
2.9330000000000003
3.105
2.745
3.13
2.942
3.008
3.148
3.149
3.412
2.897
2.745
2.864
2.8110000000000004
2.847
3.177
3.0780000000000003
2.882
2.83
2.885
2.958
2.9210000000000003
2.68
3.0380000000000003
3.051
2.8110000000000004
2.907
3.282
2.787
2.938
3.21
3.0210000000000004
2.777
2.806
3.303
2.837
2.832
3.076
2.778
2.907
3.289
2.89
2.614
2.857
2.784
3.434
2.549
2.86
2.766
2.974
3.113
3.095
3.15
2.935
2.951
3.05
2.64
2.942
3.189
2.988
2.7880000000000003
3.268
2.937
2.858
3.221
3.198
3.14
3.255
2.954
3.182
2.852
3.022
2.744
3.135
3.011
2.965
2.907
3.309
2.664
2.635
2.694
3.229
2.945
3.221
3.0380000000000003
3.504
3.111
3.095
2.9530000000000003
2.987
3.102
2.732
3.1630000000000003
2.931
3.1180000000000003
2.93
2.728
2.96
2.841
2.93
2.8160000000000003
2.843
3.407
3.35
2.915
3.244
3.587
3.1630000000000003
2.778
2.733
3.012
2.728
2.718
3.144
3.028
2.812
3.369
2.998
2.908
2.7960000000000003
3.068
2.89
3.224
2.972
2.927
2.884
3.464
3.3080000000000003
2.806
3.26
3.123
3.224
3.0
3.033
3.262
3.135
2.725
2.99
3.068
3.054
3.047
3.049
2.702
2.7910000000000004
3.003
2.813
3.217
3.013
3.261
3.034
2.906
3.378
2.965
3.167
2.92
3.108
3.326
3.035
2.625
2.887
3.009
2.754
2.84
2.66
2.9160000000000004
2.764
3.059
3.406
2.701
2.71
2.938
2.627
3.085
3.293
3.084
2.776
2.637
2.767
2.891
3.334
2.625
3.205
2.761
3.179
3.128
2.665
2.897
2.946
2.584
3.055
2.801
3.367
2.496
3.099
2.708
2.849
3.033
2.902
2.83
3.18
2.486
2.959
2.661
3.386
2.958
2.954
2.9360000000000004
2.932
2.975
2.815
2.951
2.9530000000000003
3.144
3.248
3.084
2.696
3.09
3.2510000000000003
3.628
2.99
3.115
2.776
3.4130000000000003
2.864
3.043
2.882
3.182
3.0410000000000004
2.9810000000000003
2.769
3.134
3.022
2.822
2.574
2.681
2.759
3.44
3.107
2.75
2.85
3.083
3.313
3.037
2.902
2.964
2.86
2.986
3.268
3.071
3.19
3.25
2.762
2.9730000000000003
2.642
2.847
3.131
3.02
3.193
3.104
2.825
3.323
2.95
3.204
2.888
2.944
3.0210000000000004
2.8560000000000003
2.5
3.237
2.874
3.2110000000000003
2.906
3.035
2.6210000000000004
2.5980000000000003
3.133
3.25
2.958
3.139
3.042
2.568
3.0460000000000003
3.12
2.9530000000000003
3.169
2.573
2.725
2.708
3.014
2.887
2.656
2.96
2.886
2.829
3.142
3.165
