2.793
2.529
2.5869999999999997
2.5069999999999997
2.9810000000000003
2.872
2.7319999999999998
1.855
2.641
2.425
2.5269999999999997
2.45
2.541
2.928
2.8110000000000004
2.759
2.241
2.738
2.582
2.342
2.6639999999999997
2.2769999999999997
2.489
2.611
2.5669999999999997
2.6919999999999997
2.512
2.653
2.639
2.745
2.589
2.656
2.617
2.292
2.54
2.8080000000000003
2.25
2.568
2.759
2.6630000000000003
2.6
2.674
2.489
2.76
3.029
2.766
2.8310000000000004
2.73
2.543
2.48
2.6310000000000002
2.843
2.6860000000000004
2.75
2.464
2.783
2.546
2.378
2.662
2.762
2.804
2.841
2.5989999999999998
2.545
2.9019999999999997
2.498
2.812
2.5989999999999998
2.864
2.4419999999999997
2.478
2.398
2.9760000000000004
2.427
2.775
2.256
2.7769999999999997
2.574
2.773
2.762
2.843
2.7539999999999996
2.362
2.947
2.766
2.674
2.458
2.4330000000000003
2.572
2.5980000000000003
2.8080000000000003
2.8789999999999996
2.6860000000000004
2.733
2.68
2.853
2.635
2.5610000000000004
2.612
2.77
2.642
2.721
2.5989999999999998
2.385
2.6310000000000002
2.75
2.6189999999999998
2.687
2.6310000000000002
2.895
2.676
2.905
2.6919999999999997
2.509
2.72
2.3569999999999998
2.7119999999999997
2.63
2.51
2.379
2.628
2.424
2.65
2.399
2.546
2.693
2.713
2.62
2.58
2.633
2.5639999999999996
2.657
2.613
2.77
2.727
2.6710000000000003
2.72
2.351
2.605
2.613
2.658
2.459
2.596
2.508
2.658
2.2680000000000002
2.805
2.556
2.6660000000000004
2.5810000000000004
2.696
2.457
2.7239999999999998
2.812
2.204
2.8
2.736
2.388
2.738
2.697
2.819
2.739
2.437
2.903
2.812
2.873
2.266
2.733
2.428
2.7439999999999998
2.675
2.719
2.77
2.7489999999999997
2.56
2.6189999999999998
2.8139999999999996
2.839
2.8689999999999998
2.685
2.49
2.813
2.75
2.47
2.74
2.469
2.452
2.602
2.707
2.73
2.505
2.206
2.549
2.53
2.7230000000000003
2.681
2.855
2.447
2.1790000000000003
2.471
2.7560000000000002
2.602
2.525
2.758
2.623
2.6060000000000003
2.699
2.612
2.569
2.53
2.7969999999999997
2.7939999999999996
2.414
2.472
2.5469999999999997
2.603
2.64
2.69
2.403
2.5869999999999997
2.511
2.5669999999999997
2.86
2.766
2.7
2.595
2.51
2.725
2.745
2.511
2.404
2.793
2.6210000000000004
2.88
2.6260000000000003
2.5869999999999997
2.702
2.117
2.741
2.448
2.6430000000000002
2.467
2.6239999999999997
2.8
2.609
2.827
2.188
2.759
2.699
2.73
2.583
2.9810000000000003
2.7060000000000004
2.8280000000000003
2.613
2.7539999999999996
2.66
2.727
2.69
2.645
2.597
2.7680000000000002
2.177
2.7230000000000003
2.8160000000000003
2.7430000000000003
2.819
2.602
2.7230000000000003
2.875
2.846
2.641
2.9730000000000003
2.9160000000000004
2.9219999999999997
2.436
2.5869999999999997
2.6210000000000004
2.335
2.614
2.795
2.801
2.588
2.761
2.451
2.477
2.4330000000000003
2.7289999999999996
2.87
2.6069999999999998
2.6189999999999998
2.668
2.53
2.79
2.6519999999999997
2.623
2.612
2.588
2.568
2.713
2.865
2.687
2.476
2.307
2.719
2.721
2.662
2.7060000000000004
2.603
2.6189999999999998
2.555
2.65
2.863
2.476
2.707
2.795
2.6860000000000004
2.705
2.639
2.88
2.655
2.555
2.781
2.298
2.3819999999999997
2.927
2.715
2.4930000000000003
2.51
2.2640000000000002
2.195
2.43
2.44
3.05
2.5639999999999996
2.568
2.668
2.452
2.802
2.7239999999999998
2.588
2.6860000000000004
2.043
2.883
2.597
2.5540000000000003
2.336
2.793
2.533
2.494
2.7289999999999996
2.46
2.758
2.627
2.508
2.6069999999999998
2.662
2.7030000000000003
2.63
2.8139999999999996
2.275
2.537
2.424
2.6460000000000004
2.7060000000000004
2.719
2.324
2.427
2.512
2.897
2.6430000000000002
2.758
2.801
2.7960000000000003
2.674
2.374
2.658
2.7119999999999997
2.68
2.591
2.938
2.458
2.6180000000000003
2.721
2.847
2.8289999999999997
2.81
2.625
2.5869999999999997
2.552
2.6839999999999997
2.657
2.659
2.775
2.655
2.576
2.7510000000000003
2.524
2.737
2.448
2.259
2.425
2.484
2.6439999999999997
2.665
2.522
2.454
2.889
2.555
2.73
2.7960000000000003
2.505
2.685
2.67
2.783
2.7030000000000003
2.983
2.764
2.548
2.5580000000000003
2.543
2.4930000000000003
2.5
2.572
2.636
2.7260000000000004
2.688
2.597
2.799
2.577
2.6689999999999996
2.399
2.496
2.365
2.785
2.633
2.6460000000000004
2.662
2.823
2.7239999999999998
2.694
2.86
2.588
2.455
2.7439999999999998
2.491
2.543
2.806
2.594
2.677
2.765
2.75
2.364
2.58
2.614
2.533
2.65
2.682
3.0039999999999996
2.535
2.59
2.784
