2.758
2.605
2.5069999999999997
2.525
2.5839999999999996
2.806
2.634
2.722
2.58
2.806
2.425
2.657
2.785
2.438
2.675
2.867
2.6039999999999996
2.404
2.741
2.781
2.5269999999999997
2.573
2.396
2.728
2.479
2.168
2.39
2.86
2.71
2.7939999999999996
2.546
2.499
2.521
2.7960000000000003
2.7110000000000003
2.503
2.5540000000000003
2.365
2.576
2.738
2.759
2.792
2.628
2.372
2.8710000000000004
2.7
2.6069999999999998
2.521
2.825
2.657
2.659
2.77
2.6260000000000003
2.852
2.557
2.4930000000000003
2.5140000000000002
2.374
2.78
2.461
2.302
2.699
2.687
2.526
2.69
2.59
2.38
2.593
2.636
2.639
2.381
2.543
2.79
3.055
2.826
2.758
2.923
2.605
2.801
2.6289999999999996
2.464
2.6919999999999997
2.6239999999999997
2.674
2.391
2.678
2.7260000000000004
2.617
2.6839999999999997
2.549
2.662
2.521
2.782
2.722
2.8789999999999996
2.6260000000000003
2.414
2.531
2.715
2.585
2.2119999999999997
2.6289999999999996
2.72
2.7260000000000004
2.792
1.915
2.763
2.576
2.762
2.572
2.573
2.802
2.7760000000000002
2.6060000000000003
2.2840000000000003
2.7769999999999997
2.721
2.475
2.7889999999999997
2.708
2.72
2.716
2.633
2.565
2.559
2.707
2.7689999999999997
2.7489999999999997
2.502
2.891
2.272
2.755
2.767
2.6630000000000003
2.164
2.396
2.7119999999999997
2.372
2.525
2.787
2.676
2.77
2.367
2.5140000000000002
2.502
2.5140000000000002
2.7039999999999997
2.6180000000000003
2.772
2.588
2.8510000000000004
2.592
2.759
2.576
2.793
2.72
2.6319999999999997
2.9360000000000004
2.79
2.603
2.7430000000000003
2.617
2.688
2.477
2.596
2.9389999999999996
2.544
2.707
2.528
2.676
2.716
2.545
2.9339999999999997
2.763
2.503
2.657
2.7089999999999996
2.6860000000000004
2.675
2.347
2.846
2.616
2.391
2.6039999999999996
2.708
2.679
2.702
2.93
2.694
2.569
2.571
2.708
2.7510000000000003
2.431
2.636
2.645
2.323
2.5639999999999996
2.637
2.6839999999999997
2.667
2.912
2.6860000000000004
2.206
2.7889999999999997
2.6889999999999996
2.739
2.7319999999999998
2.544
2.7239999999999998
2.58
2.551
2.513
2.7739999999999996
2.762
2.465
2.8110000000000004
2.585
2.625
2.714
2.736
2.611
2.525
2.786
2.678
2.6639999999999997
2.765
2.6510000000000002
2.674
2.593
2.658
2.725
2.685
2.675
2.602
2.591
2.718
2.665
2.758
2.206
2.3480000000000003
2.764
2.642
2.542
2.62
2.832
2.6439999999999997
2.58
2.75
2.781
2.6010000000000004
2.707
2.88
2.656
2.8160000000000003
2.7760000000000002
2.463
1.9909999999999999
2.747
2.548
2.3930000000000002
2.764
2.6
2.687
2.62
2.661
2.839
2.673
2.656
2.37
2.471
2.431
2.303
2.636
2.48
2.793
2.877
2.556
2.537
2.552
2.541
2.708
2.6860000000000004
2.805
2.755
2.5540000000000003
2.464
2.568
2.52
2.7319999999999998
2.787
2.65
2.523
2.713
2.69
2.4219999999999997
2.781
2.66
2.6010000000000004
2.537
2.7030000000000003
2.721
2.895
2.398
2.5610000000000004
2.7289999999999996
2.6919999999999997
2.701
2.668
2.635
2.5269999999999997
2.758
2.676
2.6510000000000002
2.535
2.126
2.569
2.741
2.707
2.358
2.7489999999999997
2.336
2.7689999999999997
2.622
2.641
2.972
2.495
2.563
2.611
2.555
2.1959999999999997
2.6519999999999997
2.648
2.6069999999999998
2.377
2.822
2.662
2.775
2.721
2.444
2.6639999999999997
2.603
2.688
2.673
2.555
2.545
2.594
2.282
2.6830000000000003
2.438
2.705
2.7510000000000003
2.542
2.54
2.728
2.8080000000000003
2.6069999999999998
2.5810000000000004
2.612
2.687
2.642
2.589
2.7119999999999997
2.9619999999999997
2.272
2.611
2.6860000000000004
2.2680000000000002
2.653
2.449
2.761
3.095
2.494
2.637
2.7030000000000003
2.553
2.931
2.544
2.716
2.73
2.6260000000000003
2.86
2.6510000000000002
2.7889999999999997
2.759
2.951
2.665
2.441
2.786
2.667
2.696
2.6319999999999997
2.5669999999999997
2.735
2.8160000000000003
2.695
2.813
2.543
2.596
2.7880000000000003
2.455
2.627
2.705
2.133
2.465
2.594
2.6860000000000004
2.371
2.9019999999999997
2.824
2.781
2.467
2.424
2.565
2.498
2.932
2.61
2.6660000000000004
2.6660000000000004
2.7239999999999998
2.965
2.825
2.9139999999999997
2.6
2.675
2.435
2.662
2.844
2.7089999999999996
2.591
2.742
2.634
2.281
2.799
2.8510000000000004
2.481
2.9210000000000003
3.167
2.536
2.491
2.799
2.717
2.698
2.7260000000000004
2.479
2.685
2.562
2.603
2.506
2.799
2.673
2.523
2.7689999999999997
2.661
2.918
2.76
2.739
2.463
2.7310000000000003
2.6710000000000003
2.7489999999999997
2.5639999999999996
2.793
2.6439999999999997
2.738
2.207
2.9730000000000003
2.675
2.7289999999999996
2.62
2.658
2.539
2.6439999999999997
2.657
2.832
2.5789999999999997
2.7889999999999997
2.4090000000000003
2.5810000000000004
2.272
2.775
2.705
2.595
2.705
2.8710000000000004
2.168
2.827
2.386
2.206
2.4730000000000003
2.5780000000000003
2.575
2.6010000000000004
2.7119999999999997
2.793
2.9019999999999997
2.628
2.687
2.9019999999999997
2.68
2.963
2.795
2.8989999999999996
2.767
2.835
2.617
2.656
2.56
2.2769999999999997
2.613
2.7569999999999997
2.296
2.678
2.364
2.7689999999999997
2.6439999999999997
2.503
2.461
2.807
2.8939999999999997
2.623
2.86
2.6039999999999996
2.653
2.897
2.461
2.8369999999999997
2.67
2.226
2.303
2.167
2.397
2.678
2.588
2.721
2.499
2.783
2.714
2.516
2.7689999999999997
2.725
2.602
2.7060000000000004
2.765
2.636
2.702
2.839
2.6210000000000004
2.826
2.714
2.616
2.873
2.6039999999999996
2.78
2.517
2.65
2.505
2.7
2.7260000000000004
2.818
2.7680000000000002
2.6639999999999997
2.6319999999999997
2.804
2.546
2.5660000000000003
2.634
2.7910000000000004
2.885
2.5839999999999996
2.6460000000000004
2.56
2.6310000000000002
2.9
2.455
2.6319999999999997
2.8089999999999997
2.7239999999999998
2.376
2.4930000000000003
2.645
2.73
2.687
2.454
2.419
2.571
2.7319999999999998
2.592
2.6510000000000002
2.64
2.591
2.668
2.6660000000000004
2.336
2.305
2.583
2.52
2.845
2.588
2.319
2.736
2.7439999999999998
2.559
2.623
2.424
2.827
2.595
2.5380000000000003
2.319
2.6460000000000004
2.187
2.6239999999999997
2.96
2.6439999999999997
2.485
2.61
2.556
2.8760000000000003
2.6889999999999996
2.322
2.6319999999999997
2.8930000000000002
2.675
2.905
2.552
2.658
2.628
2.609
2.596
2.6239999999999997
2.6
2.415
2.665
2.5780000000000003
2.7310000000000003
2.592
2.211
2.7289999999999996
2.6489999999999996
2.8280000000000003
2.596
2.6439999999999997
2.877
2.759
2.702
2.609
2.5380000000000003
2.678
2.5869999999999997
2.83
2.404
2.739
2.613
2.76
2.737
2.399
2.923
2.887
2.6860000000000004
2.842
2.655
2.793
2.522
2.634
2.659
2.562
2.3890000000000002
2.801
2.69
2.8989999999999996
2.657
2.705
2.7089999999999996
2.764
2.535
2.6060000000000003
2.472
2.571
2.787
2.742
2.7110000000000003
2.7119999999999997
2.647
2.694
2.549
2.967
2.528
2.5340000000000003
2.523
2.544
2.5540000000000003
2.483
2.465
2.438
2.719
2.471
2.612
2.747
2.86
2.654
2.3280000000000003
2.8310000000000004
2.5180000000000002
2.752
2.7110000000000003
2.574
2.892
2.282
2.608
2.366
2.795
2.755
2.571
2.509
2.673
2.66
2.6839999999999997
2.605
2.332
2.7489999999999997
2.9810000000000003
2.505
2.377
2.6519999999999997
2.892
2.531
2.7880000000000003
2.533
2.9339999999999997
2.6860000000000004
2.372
2.603
2.668
2.4419999999999997
2.805
2.5660000000000003
2.487
2.546
2.6510000000000002
2.597
2.438
2.71
2.657
2.839
2.701
2.7760000000000002
2.78
2.697
2.5780000000000003
2.7430000000000003
2.52
2.886
2.667
2.428
2.639
2.8110000000000004
2.719
2.952
2.678
2.474
2.435
2.266
2.7939999999999996
2.553
2.591
2.5780000000000003
2.885
2.44
2.5269999999999997
2.443
2.662
2.73
2.72
2.501
2.602
2.565
2.693
2.495
2.674
2.55
2.227
2.773
2.335
2.653
2.544
2.84
2.823
2.65
2.7889999999999997
2.2840000000000003
2.541
2.917
2.476
2.508
2.524
2.681
2.695
2.77
2.6889999999999996
3.0380000000000003
2.8110000000000004
2.6310000000000002
2.425
2.8080000000000003
2.78
2.695
2.6489999999999996
2.5810000000000004
2.573
2.5869999999999997
2.897
2.705
2.516
2.785
2.166
2.249
2.6919999999999997
2.5869999999999997
2.5540000000000003
2.662
2.4419999999999997
2.846
2.676
2.274
2.522
2.665
2.552
2.742
2.37
2.647
2.737
2.55
2.67
2.322
2.81
2.57
2.884
2.682
2.614
2.8
2.627
2.481
2.773
2.318
2.617
2.5340000000000003
2.463
2.6260000000000003
2.313
2.417
2.6889999999999996
2.8080000000000003
2.693
2.262
2.8489999999999998
2.965
2.6189999999999998
2.7960000000000003
2.792
2.637
2.471
2.237
2.296
2.6689999999999996
2.7289999999999996
2.633
2.7239999999999998
2.596
2.903
2.82
2.7769999999999997
2.557
2.76
2.522
2.653
2.208
2.766
2.349
2.801
2.7889999999999997
2.6639999999999997
2.75
2.7439999999999998
2.6489999999999996
2.8110000000000004
2.135
2.479
2.445
2.6239999999999997
2.647
2.8489999999999998
2.844
2.667
2.8080000000000003
2.855
2.645
2.617
2.7119999999999997
2.484
2.61
2.6039999999999996
2.713
2.694
2.819
2.716
2.536
2.75
2.67
2.679
2.7439999999999998
2.45
2.63
2.679
2.72
2.826
2.6430000000000002
2.825
2.898
2.552
2.638
2.6439999999999997
3.011
2.4730000000000003
2.552
2.6239999999999997
2.645
2.531
2.813
2.411
2.5269999999999997
2.9560000000000004
2.6519999999999997
2.8280000000000003
2.898
2.742
2.371
2.3
2.737
2.752
2.491
2.764
2.971
2.543
2.616
2.344
2.8489999999999998
2.64
2.615
2.6830000000000003
2.767
2.4090000000000003
2.6519999999999997
2.8139999999999996
2.7230000000000003
2.647
2.574
2.6180000000000003
2.845
2.72
2.5469999999999997
2.801
2.481
2.424
2.773
2.593
2.396
2.6719999999999997
2.628
2.7960000000000003
2.61
2.512
2.6
2.531
2.908
2.4859999999999998
2.759
2.8
2.555
2.627
2.6489999999999996
2.4859999999999998
2.6830000000000003
2.656
2.436
2.6710000000000003
2.688
2.43
2.62
2.7039999999999997
2.6510000000000002
2.698
2.861
2.615
3.0239999999999996
2.6839999999999997
2.89
2.221
2.419
2.92
2.8539999999999996
2.7910000000000004
2.7680000000000002
2.685
2.573
2.515
2.822
2.838
2.728
2.8160000000000003
2.8280000000000003
2.7960000000000003
2.461
2.6830000000000003
2.785
2.511
2.762
2.0069999999999997
2.832
2.47
2.722
2.7510000000000003
2.696
2.447
2.784
2.443
2.7110000000000003
2.83
2.7239999999999998
2.6489999999999996
2.845
2.773
2.8939999999999997
2.735
2.705
2.634
2.569
2.254
2.734
2.762
2.667
2.3040000000000003
2.65
2.589
2.501
2.591
2.273
2.863
2.5669999999999997
2.504
2.699
2.642
2.467
2.7569999999999997
2.786
2.6
2.65
2.719
2.802
2.67
2.7439999999999998
2.747
2.656
2.673
2.801
2.6910000000000003
2.637
2.5610000000000004
2.62
2.3209999999999997
2.8339999999999996
2.735
2.594
2.043
2.627
2.821
2.5180000000000002
2.747
2.7969999999999997
2.9160000000000004
2.636
2.552
2.523
2.525
2.71
2.786
2.519
2.6639999999999997
2.3409999999999997
2.5069999999999997
2.536
2.346
2.609
2.665
2.45
2.379
2.742
2.693
2.494
2.622
2.46
2.349
2.5860000000000003
2.7880000000000003
2.562
2.928
2.635
2.765
2.6660000000000004
2.614
2.19
2.6660000000000004
2.8169999999999997
2.5069999999999997
2.421
2.843
2.678
2.79
2.9939999999999998
2.675
2.582
2.6919999999999997
2.7939999999999996
2.69
2.645
2.506
2.591
2.495
2.63
2.637
2.725
2.459
2.8289999999999997
2.785
2.49
2.958
2.766
2.7
2.92
2.655
2.716
2.5380000000000003
2.984
2.826
2.569
2.521
2.623
2.951
2.784
2.574
2.845
2.725
2.78
2.8169999999999997
2.591
2.654
2.484
2.762
2.7769999999999997
2.384
2.722
2.719
2.798
2.6210000000000004
2.46
2.6069999999999998
2.655
2.7880000000000003
2.7969999999999997
2.583
2.5810000000000004
2.6310000000000002
2.4219999999999997
2.478
2.7060000000000004
2.728
2.8539999999999996
2.687
2.783
2.45
2.259
2.5860000000000003
2.6910000000000003
2.971
2.562
2.613
2.701
2.4619999999999997
2.7110000000000003
2.667
2.889
2.545
2.8289999999999997
2.386
2.801
2.6319999999999997
2.261
2.6060000000000003
2.457
2.6319999999999997
2.617
2.7260000000000004
2.7289999999999996
2.6439999999999997
2.521
2.738
2.803
2.572
2.411
2.7110000000000003
2.898
2.7319999999999998
2.695
2.359
2.605
2.349
2.5869999999999997
2.4090000000000003
2.653
2.9
2.8989999999999996
2.52
2.6839999999999997
2.574
2.7689999999999997
2.696
2.792
2.677
2.844
2.745
2.702
2.592
2.569
2.108
2.798
2.676
2.506
2.285
2.8139999999999996
2.852
2.823
2.61
2.5180000000000002
2.6289999999999996
2.46
2.639
2.667
2.616
2.798
2.5610000000000004
2.5789999999999997
2.3480000000000003
2.476
2.454
2.6260000000000003
2.513
2.676
2.391
2.719
2.647
2.287
2.772
2.471
2.846
2.714
2.562
2.654
2.658
2.758
2.6
2.989
2.609
2.286
2.708
2.7289999999999996
2.627
2.7030000000000003
2.7289999999999996
2.677
2.734
2.7510000000000003
2.376
2.76
2.813
2.6630000000000003
2.608
2.801
2.647
2.676
2.8369999999999997
2.48
2.266
2.655
2.641
2.447
2.6430000000000002
2.762
2.6630000000000003
2.528
2.738
2.8289999999999997
2.5380000000000003
2.878
2.465
2.695
2.456
2.373
2.752
2.735
2.7560000000000002
2.7489999999999997
2.6719999999999997
2.7760000000000002
2.546
2.736
2.658
2.708
2.889
2.785
2.6060000000000003
2.861
2.807
2.678
2.688
2.326
2.838
2.637
2.678
2.468
2.448
2.609
2.259
2.909
2.414
2.955
2.526
2.736
2.492
2.718
2.614
2.787
2.5069999999999997
2.1830000000000003
2.647
2.596
2.4730000000000003
2.6239999999999997
2.9339999999999997
2.7539999999999996
2.8710000000000004
2.658
2.734
2.5540000000000003
2.6260000000000003
2.517
2.733
2.807
2.5610000000000004
2.772
2.546
2.59
2.381
2.454
2.781
2.7489999999999997
2.637
2.7030000000000003
2.786
1.694
2.852
2.682
2.6489999999999996
2.702
2.935
2.275
2.403
2.845
2.853
2.815
2.254
2.839
2.677
2.535
2.4659999999999997
2.521
2.74
2.7310000000000003
2.822
2.862
2.593
2.736
2.6660000000000004
2.573
2.679
2.642
2.688
2.224
2.591
2.747
2.701
2.6689999999999996
2.64
2.6489999999999996
2.7
2.445
2.7569999999999997
2.4090000000000003
2.67
2.3680000000000003
2.5860000000000003
2.6239999999999997
2.461
2.6860000000000004
2.625
2.67
2.846
2.8169999999999997
2.625
2.69
2.622
2.6710000000000003
2.8169999999999997
2.499
2.634
2.7030000000000003
2.595
2.6519999999999997
2.67
2.728
2.864
2.763
2.801
2.7910000000000004
2.633
2.245
2.931
2.755
2.5610000000000004
2.7110000000000003
2.4130000000000003
2.634
2.2680000000000002
2.602
2.234
2.877
2.766
2.662
2.778
2.662
2.366
2.39
2.679
2.5269999999999997
2.421
2.753
2.658
2.693
2.5269999999999997
2.903
2.639
2.918
2.526
2.4859999999999998
2.7739999999999996
2.812
2.69
2.85
2.627
2.4659999999999997
2.521
2.6630000000000003
2.5610000000000004
2.6289999999999996
2.319
2.778
2.535
2.717
2.552
2.739
2.522
2.969
2.693
2.655
2.7310000000000003
2.608
2.6510000000000002
2.737
2.7110000000000003
2.722
2.623
2.6069999999999998
2.525
2.653
2.668
2.8739999999999997
2.614
2.3
2.727
2.832
2.822
2.911
2.5269999999999997
3.008
2.753
2.698
2.7489999999999997
2.674
2.733
2.758
2.455
2.947
2.546
2.5580000000000003
2.884
2.523
2.7460000000000004
2.593
2.36
2.292
2.696
2.412
2.738
2.678
2.511
2.609
2.668
2.445
2.7289999999999996
2.217
2.773
2.839
2.676
1.9909999999999999
2.444
2.92
2.5069999999999997
2.597
2.655
2.463
2.546
2.336
2.69
2.6660000000000004
2.557
2.8139999999999996
2.6519999999999997
2.65
2.667
2.603
2.427
2.698
2.657
2.596
2.615
2.6319999999999997
2.81
2.862
2.349
2.6430000000000002
2.725
2.739
2.387
2.825
2.64
2.983
2.065
2.7230000000000003
2.6660000000000004
2.758
2.273
2.667
2.342
2.625
2.658
2.43
2.551
2.7
2.676
2.591
2.7960000000000003
2.61
2.419
1.626
2.526
2.819
2.877
2.313
2.508
2.653
2.8989999999999996
2.417
2.553
2.559
2.9530000000000003
2.421
2.728
2.307
2.467
2.7
2.7539999999999996
2.342
2.67
2.625
2.63
2.737
2.737
2.8810000000000002
2.7060000000000004
2.81
2.553
2.502
2.6519999999999997
2.6289999999999996
2.69
2.622
2.417
2.627
2.4819999999999998
2.4530000000000003
2.255
2.7
2.639
2.6639999999999997
2.655
2.6910000000000003
2.67
2.569
2.833
2.589
2.5340000000000003
2.705
3.05
2.6439999999999997
2.864
2.69
2.6660000000000004
2.423
2.57
2.4659999999999997
2.6689999999999996
2.908
2.52
2.903
2.628
2.7110000000000003
2.8080000000000003
2.917
2.878
2.246
2.699
2.593
2.6639999999999997
2.883
2.7689999999999997
2.6660000000000004
2.447
2.515
2.569
2.8569999999999998
2.6919999999999997
2.332
2.804
2.717
2.488
2.636
2.276
2.549
2.3280000000000003
2.7310000000000003
2.589
2.81
2.3280000000000003
2.718
2.7880000000000003
2.522
2.702
2.964
2.8310000000000004
2.708
2.7319999999999998
2.715
2.701
2.455
2.478
2.718
2.716
2.296
2.957
2.445
2.593
2.7739999999999996
2.615
2.425
2.807
2.6630000000000003
3.014
2.548
2.461
2.719
2.487
2.64
2.6830000000000003
2.7239999999999998
2.5380000000000003
2.838
2.591
2.371
2.681
2.662
2.319
2.861
2.358
2.654
2.364
2.3369999999999997
2.6319999999999997
2.682
2.501
2.5140000000000002
2.535
2.764
2.661
2.271
2.937
2.627
2.8760000000000003
2.813
2.795
2.395
2.62
2.529
2.6210000000000004
2.612
2.656
2.394
2.7910000000000004
2.424
2.497
2.6860000000000004
2.719
2.617
2.596
2.7510000000000003
2.661
2.725
2.577
2.338
2.82
2.7489999999999997
2.6010000000000004
2.863
2.589
2.509
2.5780000000000003
2.7460000000000004
2.6919999999999997
2.7060000000000004
2.685
2.617
2.713
2.204
2.391
2.844
2.537
2.656
2.489
2.783
2.302
2.594
2.698
2.5610000000000004
2.576
2.718
2.605
2.6719999999999997
2.6289999999999996
2.428
2.79
2.552
2.877
2.62
2.682
2.987
2.678
2.745
2.281
2.8789999999999996
2.667
2.792
2.536
2.95
2.516
2.864
2.716
2.471
2.623
2.718
2.467
2.875
2.6010000000000004
2.6210000000000004
2.764
2.674
2.707
2.7119999999999997
2.944
2.525
2.765
2.401
2.572
2.815
2.459
2.568
2.238
2.394
2.8310000000000004
2.741
2.7430000000000003
2.688
2.653
2.728
2.2969999999999997
2.375
2.786
2.335
2.772
2.812
2.481
2.6239999999999997
2.423
1.7069999999999999
2.793
2.725
2.7
2.572
2.7289999999999996
2.702
2.74
2.7239999999999998
2.659
2.6889999999999996
2.5380000000000003
2.8289999999999997
2.267
2.687
