1.7619999999999998
2.066
2.091
1.985
2.323
2.216
2.141
1.34
2.147
2.188
2.287
2.087
2.103
2.14
2.264
2.293
1.999
2.166
2.177
1.83
1.846
1.856
2.0540000000000003
1.96
2.174
2.234
2.0780000000000003
2.113
2.173
2.323
2.002
1.982
2.085
2.002
2.1180000000000003
2.028
1.962
2.097
2.17
2.126
1.836
1.946
2.045
2.392
2.113
2.003
2.291
2.334
2.147
2.12
2.142
2.2230000000000003
1.832
2.049
1.856
2.367
2.077
2.012
2.107
2.247
2.165
2.306
1.818
1.98
2.21
1.704
2.267
2.185
2.153
2.206
2.043
2.092
2.16
1.968
2.188
2.133
2.233
1.786
2.274
2.171
2.217
2.144
2.047
2.242
1.93
1.934
1.809
1.853
1.944
1.948
2.352
2.162
1.818
2.174
2.258
2.071
1.972
2.106
2.02
1.97
2.151
2.291
1.971
2.137
2.097
2.191
2.148
2.186
2.246
2.366
2.316
2.204
2.152
2.082
2.374
1.984
2.075
2.036
1.907
2.055
2.327
2.019
2.064
2.104
2.1790000000000003
1.988
2.119
2.324
2.02
2.21
2.076
2.15
1.996
2.051
1.975
1.925
2.205
1.95
2.158
2.095
2.121
2.044
2.187
2.129
2.24
2.057
2.178
2.016
2.017
2.114
2.144
1.976
1.975
2.293
1.811
2.211
2.211
1.847
2.249
2.18
2.135
2.269
2.032
2.421
2.076
2.227
1.973
2.045
1.917
2.066
2.212
2.108
2.268
2.19
2.1630000000000003
1.987
1.891
2.049
1.906
2.01
2.108
2.114
2.084
1.874
2.17
2.0
1.975
2.013
2.204
2.075
2.022
1.828
1.958
2.1
2.232
2.149
2.186
2.033
2.084
1.95
2.122
2.263
1.951
2.315
2.156
1.995
2.166
2.083
1.843
2.142
2.344
2.185
1.858
2.073
2.106
2.033
2.28
2.007
2.091
1.982
1.858
2.0380000000000003
2.332
2.079
2.405
2.0380000000000003
1.833
2.113
2.279
2.125
2.167
2.233
2.085
2.313
2.132
2.107
2.046
1.76
2.3080000000000003
1.99
2.131
2.099
1.969
2.187
2.06
2.024
1.866
2.217
2.216
2.313
2.131
2.255
1.963
2.233
2.088
2.188
2.259
2.178
2.1630000000000003
2.112
2.028
2.1630000000000003
1.864
2.085
2.11
2.162
2.126
2.094
2.205
2.229
2.363
2.175
2.1790000000000003
2.147
2.23
1.582
2.032
2.14
2.089
2.33
2.2430000000000003
2.168
2.059
2.075
2.04
1.884
2.041
1.988
2.481
1.857
2.228
2.187
2.15
2.03
2.057
1.885
2.028
2.01
2.151
2.337
1.948
2.131
1.921
1.882
2.252
2.378
1.914
2.047
2.191
1.885
1.965
2.094
2.3
2.096
2.293
2.347
2.2430000000000003
2.255
1.995
2.31
2.11
2.182
2.16
1.901
2.106
2.252
2.008
1.956
1.956
2.019
1.765
1.867
2.121
2.374
1.75
2.003
2.178
2.259
2.05
2.069
2.046
2.258
1.619
2.299
2.081
2.021
1.969
2.349
2.073
1.969
1.945
1.975
2.259
2.155
1.939
2.276
2.012
2.176
1.94
2.403
1.861
2.173
1.857
1.927
2.089
2.166
2.066
2.171
1.831
2.171
2.205
2.214
2.265
2.327
2.305
2.14
2.111
2.075
1.947
2.107
2.165
1.809
1.963
2.188
2.291
2.18
2.199
1.962
2.028
2.019
2.184
2.171
2.205
2.094
2.016
1.871
2.215
1.953
2.16
1.876
1.888
1.745
1.989
2.026
2.13
2.008
2.247
2.259
1.836
2.215
2.003
2.191
2.114
2.428
2.141
2.138
2.4530000000000003
2.023
2.116
2.106
2.079
2.039
1.925
2.226
2.154
2.244
2.192
2.215
2.003
1.955
2.306
1.775
1.991
1.86
2.132
2.07
2.044
2.036
2.07
2.103
2.252
2.109
2.253
2.239
2.182
2.015
1.898
1.955
2.094
2.162
2.0580000000000003
2.232
1.963
1.888
2.102
2.049
2.263
1.929
2.295
1.97
2.063
2.271
