2.9360000000000004
2.69
2.651
2.449
2.88
2.781
3.161
1.802
2.978
2.67
2.904
2.805
2.388
2.884
3.244
2.642
3.335
2.9
2.445
2.612
2.758
2.969
2.825
2.855
3.507
3.0610000000000004
2.5580000000000003
2.637
2.637
2.658
2.863
2.717
2.319
2.835
2.476
2.659
2.406
2.6630000000000003
2.701
3.1630000000000003
2.387
2.616
2.745
2.837
3.439
3.238
2.7510000000000003
3.2430000000000003
3.41
2.455
2.887
2.797
2.927
2.832
2.617
2.8710000000000004
2.345
3.297
3.092
3.3560000000000003
3.623
2.9410000000000003
2.927
3.102
3.3
2.855
2.421
2.79
2.9930000000000003
2.698
3.205
2.63
2.787
2.96
3.108
2.946
2.714
2.5610000000000004
3.092
3.117
2.324
2.695
2.6460000000000004
3.039
2.597
2.69
3.197
2.477
2.793
2.853
3.006
2.9730000000000003
2.864
2.759
2.833
2.787
2.852
2.657
2.698
3.279
2.422
3.149
3.208
3.269
3.084
2.62
2.1830000000000003
2.849
3.189
2.532
2.407
3.352
2.451
3.199
2.439
2.637
2.612
2.375
2.728
3.08
3.399
2.716
2.798
3.011
2.6830000000000003
2.862
2.447
2.779
2.855
2.428
2.291
2.754
3.502
2.853
2.636
2.806
2.431
3.274
2.806
2.978
2.222
3.019
2.863
2.209
3.144
2.824
2.734
2.625
3.393
2.797
2.9330000000000003
2.359
2.702
2.732
2.395
2.411
2.487
3.1630000000000003
2.3680000000000003
2.794
2.7460000000000004
3.102
2.858
3.063
2.821
3.139
2.883
3.258
2.774
2.724
2.252
2.9410000000000003
2.5540000000000003
3.154
2.945
3.072
3.41
2.47
3.1
2.736
2.314
2.648
2.446
2.805
2.399
2.557
2.633
2.037
2.218
2.891
2.351
2.963
2.531
3.513
3.193
2.778
2.491
2.563
3.052
2.58
2.807
3.117
3.115
2.988
2.768
3.124
2.5610000000000004
3.1830000000000003
2.778
2.837
2.716
2.64
2.8510000000000004
2.6630000000000003
2.514
2.78
2.388
2.878
2.857
2.814
3.358
2.528
3.364
2.959
3.1630000000000003
3.0410000000000004
2.784
2.595
3.15
2.888
2.387
2.662
2.314
3.25
3.363
2.42
2.87
2.903
2.744
3.252
2.864
2.71
2.704
2.997
3.236
2.912
2.887
2.931
2.672
2.91
2.781
2.742
2.925
2.935
2.975
3.077
2.9160000000000004
2.867
3.064
2.888
2.826
2.689
2.858
2.619
2.969
2.822
3.549
2.863
2.858
3.079
3.008
3.124
3.167
3.026
3.209
2.6460000000000004
2.857
2.592
3.0210000000000004
3.47
3.332
2.575
2.78
2.5810000000000004
3.583
2.597
2.875
2.425
2.925
2.701
2.637
2.542
3.085
2.665
2.71
2.985
2.468
2.57
2.145
2.648
3.1630000000000003
2.62
2.982
2.357
3.0580000000000003
2.767
2.942
3.315
2.503
2.596
2.821
2.564
2.388
2.707
2.647
2.769
2.675
2.184
2.285
3.094
2.611
3.168
2.564
2.603
2.512
3.125
2.676
3.0610000000000004
2.563
2.912
2.343
2.738
2.966
3.199
3.027
3.097
2.477
2.728
3.195
2.741
2.954
2.44
2.531
2.8080000000000003
2.885
3.037
2.947
2.445
2.684
3.417
3.266
3.022
2.735
3.227
2.311
2.629
2.812
2.639
2.677
3.335
2.923
2.253
2.649
3.222
2.809
2.641
2.258
2.793
2.72
2.716
3.423
2.378
2.699
2.854
3.1010000000000004
1.948
2.593
3.0780000000000003
2.539
3.3310000000000004
2.5660000000000003
3.197
3.035
2.511
3.33
2.899
2.462
2.7510000000000003
2.349
2.77
2.9210000000000003
2.36
2.505
2.9810000000000003
2.923
2.462
3.094
3.196
2.847
2.793
3.28
2.17
2.822
2.798
3.139
3.036
2.55
3.217
2.945
2.838
3.132
3.042
2.804
3.397
2.781
2.569
3.017
2.431
2.867
2.748
2.371
2.521
3.406
3.322
2.852
2.658
2.991
2.814
3.259
2.172
3.035
2.758
3.277
2.861
2.634
2.7960000000000003
2.972
2.576
2.667
2.577
2.806
3.209
2.625
2.844
2.488
2.903
2.426
3.221
2.972
3.213
2.664
3.073
2.722
2.84
2.605
2.573
2.845
2.8310000000000004
2.662
3.03
2.524
2.928
