2.654
2.634
2.6860000000000004
2.6010000000000004
2.952
2.954
2.679
1.46
2.6180000000000003
2.469
2.786
2.365
2.862
2.862
2.919
2.899
2.514
2.951
2.943
2.397
2.398
2.239
2.446
2.678
2.681
2.959
2.772
2.898
2.974
2.894
2.662
2.752
2.7430000000000003
2.3280000000000003
2.637
3.0010000000000003
2.415
2.587
2.939
2.674
2.829
2.96
2.571
2.786
3.073
2.824
2.999
2.951
2.7060000000000004
2.616
2.756
2.847
2.725
2.957
2.388
3.003
2.852
2.572
2.657
3.071
2.826
2.935
2.599
2.684
3.079
2.2880000000000003
3.114
2.798
2.863
2.622
2.081
2.422
3.055
2.632
2.8
2.551
2.779
2.682
2.8
2.7
2.878
2.874
2.404
2.781
2.752
2.719
2.33
2.485
2.841
2.679
3.088
3.027
2.436
3.05
2.854
2.932
2.4330000000000003
2.412
2.585
2.85
2.729
2.812
2.747
2.568
2.676
2.728
2.843
2.922
2.805
3.062
2.778
2.648
2.73
2.7260000000000004
2.744
2.504
2.749
2.638
2.6010000000000004
2.842
2.877
2.681
2.645
2.648
2.662
2.653
2.801
2.767
2.431
2.892
2.813
2.587
2.71
2.654
2.827
2.758
2.72
2.281
2.69
2.72
2.692
2.51
2.565
2.7460000000000004
2.971
2.317
2.893
2.584
2.547
2.7880000000000003
2.8160000000000003
2.738
2.529
2.775
2.4530000000000003
2.625
2.968
2.279
2.884
2.804
2.678
2.983
2.63
2.991
2.9610000000000003
2.877
2.525
2.776
2.511
2.454
2.784
2.632
2.912
2.878
2.725
2.526
2.872
2.781
2.8710000000000004
2.673
2.636
2.72
2.669
2.847
2.673
2.642
2.501
2.785
2.692
2.87
2.468
2.394
2.739
3.085
2.733
2.805
2.938
2.727
2.483
2.609
2.8510000000000004
3.018
2.669
2.795
2.697
2.689
2.643
2.794
2.478
2.588
2.957
2.9730000000000003
2.631
2.637
2.841
2.549
2.97
2.995
2.397
2.478
2.54
2.781
2.909
2.906
2.729
2.59
2.669
2.969
2.712
2.763
2.813
2.857
2.817
2.9410000000000003
2.669
3.057
2.745
2.405
2.818
2.66
3.127
2.519
2.815
3.006
2.755
2.709
2.128
2.847
2.737
2.935
2.904
3.135
2.589
2.923
2.539
2.744
2.823
2.92
2.825
2.739
2.6630000000000003
2.802
2.513
2.74
2.769
2.867
2.614
2.7510000000000003
2.882
2.945
2.927
2.705
3.012
2.906
3.096
2.291
2.399
2.8080000000000003
2.341
2.695
2.8160000000000003
2.714
2.845
2.82
2.531
2.468
2.662
2.505
3.133
2.564
2.676
2.779
2.454
2.909
2.773
2.575
2.7510000000000003
2.699
2.797
2.753
3.059
2.793
2.417
2.303
2.749
2.678
2.651
2.641
2.661
2.495
2.682
2.7030000000000003
2.838
2.617
2.863
2.987
2.964
2.81
2.772
2.978
2.865
2.541
2.846
2.427
2.532
3.028
2.962
2.344
2.517
2.524
2.289
2.46
2.75
3.187
2.337
2.614
2.713
2.467
3.209
2.653
2.7030000000000003
2.672
1.877
2.773
2.753
2.819
2.568
2.972
2.515
2.415
2.604
2.505
2.9130000000000003
2.6260000000000003
2.592
2.849
2.861
2.812
2.574
2.926
2.324
2.695
2.6860000000000004
2.651
2.742
2.915
2.262
2.569
2.546
2.914
2.6260000000000003
2.859
2.79
2.924
2.815
2.507
2.886
2.846
2.692
2.634
2.891
2.33
2.7230000000000003
2.9610000000000003
2.96
2.8360000000000003
2.908
2.6630000000000003
2.624
2.6860000000000004
2.997
2.641
2.483
2.8560000000000003
2.8080000000000003
2.406
2.873
2.519
2.609
2.42
2.36
2.531
2.689
2.7960000000000003
2.883
2.462
2.754
3.04
2.407
2.77
2.653
2.672
2.48
2.792
2.717
2.775
3.1210000000000004
2.6910000000000003
2.713
2.593
2.681
2.845
2.488
2.623
2.5810000000000004
2.932
3.023
2.719
2.7710000000000004
2.696
2.889
2.602
2.592
2.189
3.0810000000000004
2.451
2.767
2.67
2.763
2.725
2.737
2.753
2.8560000000000003
2.779
2.775
2.737
2.573
2.7
2.885
2.789
2.8480000000000003
2.649
2.474
2.53
2.839
2.773
2.766
2.729
3.045
2.506
2.883
2.773
