2.215
2.295
2.517
2.633
2.647
2.807
2.3480000000000003
1.226
2.67
2.459
2.724
2.467
2.694
2.952
2.874
2.782
1.881
2.807
2.708
2.349
2.246
1.896
2.623
2.572
2.482
2.6860000000000004
2.688
2.5810000000000004
2.525
2.6710000000000003
2.513
2.693
2.789
2.417
2.839
2.425
1.557
2.267
2.9530000000000003
2.722
2.667
2.7260000000000004
2.333
2.901
2.846
2.354
2.574
2.905
2.333
1.5659999999999998
2.695
2.912
2.539
2.725
1.808
2.907
2.514
1.733
2.41
2.949
2.86
2.96
1.914
2.485
2.688
1.785
2.806
2.603
2.764
2.452
1.372
2.38
2.6
2.268
2.616
2.312
2.813
1.615
2.873
2.975
2.974
2.7110000000000003
2.682
2.636
2.708
2.111
1.805
2.247
2.749
2.669
2.862
2.863
2.216
2.898
3.074
2.03
2.335
2.332
2.8280000000000003
2.435
2.518
2.709
2.174
2.48
2.5340000000000003
2.52
2.7230000000000003
2.812
2.7030000000000003
3.0860000000000003
2.669
2.949
2.764
2.354
2.798
2.763
2.76
2.717
2.64
2.426
2.739
2.504
2.698
2.403
2.259
2.278
2.749
2.79
2.035
2.699
2.629
2.891
2.133
2.6060000000000003
2.556
2.778
2.9730000000000003
2.35
2.877
2.649
2.651
2.121
2.377
2.644
2.833
2.096
2.041
2.211
2.627
3.007
2.484
2.316
2.682
2.827
1.961
2.672
2.866
1.7619999999999998
2.616
2.795
2.28
2.656
2.526
2.779
2.785
3.064
2.148
2.363
2.088
2.6260000000000003
2.852
2.454
2.778
3.003
1.977
2.603
2.126
2.7430000000000003
1.912
2.642
2.546
2.833
2.722
2.016
2.482
2.521
2.297
2.709
2.754
2.58
2.412
2.046
2.6
2.362
2.715
2.654
2.839
2.517
2.044
2.327
2.6010000000000004
2.509
2.224
2.9530000000000003
2.685
2.53
2.609
2.667
2.4330000000000003
2.363
3.389
3.034
2.297
1.94
2.4290000000000003
2.519
2.844
2.595
2.535
2.532
1.94
2.853
2.949
2.7510000000000003
2.685
2.157
2.036
2.721
2.829
2.4730000000000003
2.5780000000000003
2.667
2.669
2.464
2.553
2.804
2.669
2.6180000000000003
2.759
2.07
2.749
2.269
2.491
2.8360000000000003
2.61
2.842
2.073
3.02
2.69
2.778
2.777
2.839
1.893
2.736
2.067
2.64
3.147
2.738
2.772
2.506
2.594
2.71
2.064
2.504
2.509
2.755
2.314
2.843
2.705
3.194
2.838
2.389
2.668
2.104
2.865
2.202
2.405
2.7030000000000003
1.961
2.374
2.472
2.63
2.735
2.175
2.508
2.156
2.333
2.62
2.825
1.837
2.472
2.759
1.6969999999999998
2.757
2.32
2.512
3.0660000000000003
2.14
2.635
2.733
2.4290000000000003
2.908
2.204
2.071
2.928
3.02
2.639
1.979
2.442
2.43
2.313
2.6180000000000003
2.647
2.212
2.546
2.765
2.944
2.705
2.539
2.829
2.628
2.54
2.971
2.132
2.1830000000000003
2.928
2.8360000000000003
2.273
2.091
2.074
1.568
2.298
2.467
2.962
2.593
2.313
2.657
2.448
2.208
2.617
2.884
2.833
1.643
2.712
2.664
2.418
2.174
2.838
2.457
2.478
2.334
2.282
2.575
2.283
2.513
2.708
2.834
2.857
2.543
2.7960000000000003
2.565
2.599
2.452
2.455
2.653
2.8310000000000004
2.1590000000000003
2.764
2.517
2.309
2.428
2.728
3.137
2.6630000000000003
2.609
2.543
2.603
2.669
2.72
1.996
2.854
1.805
2.16
2.778
2.9360000000000004
3.006
2.752
2.721
2.9
2.778
2.533
2.607
1.891
2.574
2.497
2.047
2.8680000000000003
1.848
2.256
2.458
2.2
2.28
2.62
2.699
2.647
2.553
2.784
2.838
2.662
2.65
2.471
2.44
2.485
2.781
2.7880000000000003
2.869
3.005
2.631
2.443
2.564
2.677
2.41
1.813
1.888
2.654
2.728
2.829
2.241
2.517
2.459
2.481
2.171
2.0780000000000003
2.34
2.682
2.472
2.7510000000000003
2.507
2.875
2.813
2.6210000000000004
2.556
2.805
2.668
2.728
2.616
2.514
2.23
2.536
2.405
2.569
2.541
2.057
2.332
2.438
2.571
2.425
2.235
2.9760000000000004
2.6710000000000003
2.589
2.6460000000000004
