2.7030000000000003
2.445
2.434
2.365
2.539
2.668
2.535
2.553
2.718
2.5340000000000003
2.457
2.577
2.6010000000000004
2.35
2.481
2.662
2.53
2.289
2.667
2.6010000000000004
2.682
2.5380000000000003
2.337
2.652
2.536
2.185
2.397
2.596
2.638
2.629
2.482
2.42
2.507
2.565
2.6
2.382
2.492
2.246
2.379
2.441
2.654
2.55
2.625
2.5540000000000003
2.709
2.677
2.492
2.272
2.661
2.466
2.576
2.649
2.5610000000000004
2.717
2.371
2.587
2.474
2.485
2.656
2.306
2.391
2.54
2.499
2.339
2.658
2.501
2.435
2.4130000000000003
2.529
2.672
2.309
2.447
2.665
2.926
2.616
2.632
2.7460000000000004
2.615
2.5580000000000003
2.583
2.403
2.582
2.542
2.6660000000000004
2.081
2.507
2.649
2.507
2.692
2.478
2.644
2.52
2.644
2.551
2.767
2.59
2.4730000000000003
2.482
2.494
2.535
2.692
2.408
2.587
2.645
2.6260000000000003
1.875
2.652
2.497
2.639
2.531
2.602
2.6260000000000003
2.677
2.603
2.36
2.518
2.732
2.395
2.642
2.698
2.5340000000000003
2.528
2.47
2.441
2.39
2.576
2.536
2.608
2.517
2.7310000000000003
2.367
2.699
2.755
2.451
2.117
2.207
2.376
2.41
2.443
2.91
2.5340000000000003
2.611
2.186
2.2840000000000003
2.443
2.487
2.526
2.56
2.654
2.722
2.702
2.446
2.595
2.549
2.704
2.54
2.6260000000000003
2.8080000000000003
2.524
2.505
2.55
2.396
2.654
2.062
2.475
2.724
2.55
2.46
2.455
2.572
2.524
2.551
2.505
2.6630000000000003
2.507
2.564
2.528
2.661
2.6660000000000004
2.225
2.735
2.4930000000000003
2.355
2.603
2.53
2.559
2.562
2.603
2.768
2.33
2.597
2.698
2.694
2.457
2.551
2.451
2.535
2.655
2.563
2.543
2.537
2.874
2.643
2.457
2.787
2.474
2.593
2.742
2.478
2.528
2.637
2.5780000000000003
2.596
2.459
2.7230000000000003
2.283
2.701
2.546
2.59
2.5340000000000003
2.602
2.655
2.43
2.609
2.546
2.475
2.62
2.523
2.569
2.466
2.367
2.4530000000000003
2.437
2.523
2.334
2.687
2.543
2.407
2.712
2.201
2.332
2.658
2.489
2.407
2.51
2.607
2.613
2.542
2.535
2.5380000000000003
2.544
2.497
2.656
2.532
2.557
2.583
2.488
2.164
2.635
2.488
2.471
2.577
2.481
2.47
2.412
2.533
2.655
2.559
2.617
2.285
2.523
2.305
2.449
2.576
2.345
2.539
2.57
2.324
2.468
2.478
2.547
2.652
2.537
2.694
2.739
2.356
2.263
2.396
2.396
2.468
2.687
2.423
2.401
2.647
2.577
2.366
2.472
2.482
2.565
2.58
2.537
2.729
2.769
2.589
2.576
2.575
2.542
2.5860000000000003
2.419
2.244
2.515
2.517
2.611
2.253
2.315
2.322
2.461
2.533
2.639
2.441
2.748
2.431
2.669
2.408
2.63
2.7510000000000003
2.611
2.2840000000000003
2.627
2.383
2.331
2.5340000000000003
2.58
2.499
2.346
2.5810000000000004
2.625
2.685
2.607
2.512
2.64
2.594
2.487
2.604
2.563
2.444
2.417
2.369
2.653
2.406
2.6460000000000004
2.537
2.47
2.563
2.7030000000000003
2.801
2.5540000000000003
2.524
2.484
2.471
2.451
2.546
2.415
2.86
2.367
2.552
2.564
2.281
2.641
2.567
2.641
2.789
2.361
2.499
2.72
2.481
2.748
2.454
2.564
2.678
2.522
2.73
2.489
2.65
2.583
2.765
2.48
2.319
2.546
2.484
2.568
2.518
2.8
2.54
2.704
2.622
2.769
2.699
2.4290000000000003
2.55
2.52
2.673
2.658
2.2
2.237
2.499
2.545
2.381
2.695
2.685
2.729
2.456
2.465
2.553
2.482
2.824
2.547
2.651
2.69
2.495
2.759
2.7460000000000004
2.763
2.422
2.647
2.366
2.56
2.766
2.596
2.5610000000000004
2.7960000000000003
2.553
2.177
2.608
2.594
2.471
2.608
2.749
2.605
2.523
2.66
2.47
2.692
2.624
2.698
2.616
2.622
2.535
2.323
2.843
2.647
2.497
2.657
2.583
2.781
2.604
2.459
2.521
2.611
2.513
2.613
2.544
2.724
2.4730000000000003
2.5
2.264
2.736
2.6060000000000003
2.557
2.425
2.55
2.331
2.547
2.537
2.685
2.533
2.524
2.412
2.511
2.438
2.517
2.597
2.6210000000000004
2.5810000000000004
2.7460000000000004
2.541
2.652
2.562
2.201
2.529
2.553
2.269
2.532
2.544
2.5980000000000003
2.7430000000000003
2.48
2.609
2.741
2.667
2.834
2.568
2.7
2.471
2.597
2.4530000000000003
2.574
2.414
2.353
2.556
2.506
2.316
2.634
2.4
2.588
2.503
2.641
2.294
2.66
2.81
2.515
2.7510000000000003
2.299
2.439
2.596
2.408
2.67
2.533
2.363
2.264
2.036
2.369
2.362
2.556
2.781
2.521
2.781
2.524
2.366
2.609
2.69
2.3480000000000003
2.529
2.614
2.582
2.658
2.535
2.543
2.707
2.471
2.57
2.785
2.4730000000000003
2.582
2.611
2.539
2.356
2.573
2.637
2.645
2.696
2.51
2.67
2.524
2.431
2.61
2.557
2.582
2.6260000000000003
2.497
2.575
2.469
2.574
2.738
2.4290000000000003
2.475
2.644
2.5860000000000003
2.129
2.452
2.604
2.552
2.716
2.716
2.406
2.475
2.604
2.704
2.406
2.5810000000000004
2.546
2.504
2.457
2.074
2.241
2.382
2.492
2.692
2.3040000000000003
2.365
2.75
2.557
2.499
2.576
2.251
2.596
2.458
2.252
2.365
2.571
2.3040000000000003
2.504
2.709
2.609
2.31
2.662
2.565
2.595
2.6860000000000004
2.257
2.506
2.587
2.632
2.705
2.408
2.648
2.639
2.758
2.341
2.54
2.568
2.464
2.61
2.54
2.616
2.498
2.162
2.681
2.56
2.575
2.5980000000000003
2.7110000000000003
2.73
2.684
2.631
2.249
2.475
2.587
2.732
2.7460000000000004
2.455
2.479
2.695
2.668
2.515
2.395
2.617
2.508
2.4330000000000003
2.631
2.463
2.655
2.386
2.514
2.61
2.495
2.487
2.673
2.491
2.694
2.69
2.5540000000000003
2.6
2.7510000000000003
2.39
2.459
2.497
2.426
2.7110000000000003
2.652
2.5860000000000003
2.559
2.525
2.547
2.407
2.7510000000000003
2.415
2.483
2.465
2.511
2.494
2.421
2.545
2.256
2.512
2.332
2.605
2.6060000000000003
2.679
2.55
2.401
2.762
2.573
2.656
2.487
2.589
2.707
2.467
2.456
2.497
2.634
2.625
2.451
2.514
2.56
2.457
2.669
2.41
2.329
2.527
2.694
2.4730000000000003
2.343
2.442
2.719
2.514
2.571
2.49
2.7060000000000004
2.494
2.389
2.512
2.635
2.485
2.692
2.547
2.431
2.34
2.4730000000000003
2.383
2.519
2.643
2.5980000000000003
2.656
2.688
2.589
2.7960000000000003
2.5540000000000003
2.496
2.63
2.577
2.741
2.529
2.529
2.657
2.735
2.571
2.8160000000000003
2.499
2.499
2.211
2.428
2.5810000000000004
2.497
1.91
2.523
2.625
2.419
2.48
2.381
2.54
2.66
2.674
2.52
2.507
2.373
2.562
2.573
2.588
2.421
2.355
2.675
2.162
2.57
2.567
2.6860000000000004
2.761
2.616
2.615
2.195
2.55
2.645
2.564
2.508
2.545
2.69
2.506
2.84
2.407
2.821
2.676
2.414
2.5
2.634
2.64
2.444
2.513
2.532
2.4090000000000003
2.488
2.611
2.659
2.436
2.62
2.384
2.059
2.564
2.513
2.366
2.582
2.565
2.759
2.524
2.167
2.242
2.7
2.525
2.67
2.468
2.539
2.7030000000000003
2.546
2.438
2.452
2.525
2.417
2.584
2.508
2.39
2.611
2.593
2.471
2.611
2.249
2.491
2.439
2.7910000000000004
2.528
2.497
2.3680000000000003
2.627
2.657
2.677
2.38
2.714
2.905
2.619
2.707
2.673
2.503
2.401
2.045
2.263
2.532
2.525
2.439
2.573
2.478
2.806
2.758
2.455
2.5
2.609
2.4930000000000003
2.714
2.294
2.637
2.494
2.57
2.632
1.895
2.657
2.547
2.491
2.761
2.279
2.692
2.339
2.496
2.505
2.804
2.7110000000000003
2.735
2.645
2.656
2.546
2.391
2.622
2.392
2.48
2.551
2.662
2.669
2.7960000000000003
2.539
2.536
2.502
2.61
2.53
2.52
2.531
2.5540000000000003
2.449
2.738
2.675
2.7230000000000003
2.689
2.721
2.4730000000000003
2.53
2.57
2.7430000000000003
2.479
2.535
2.511
2.573
2.491
2.6860000000000004
2.29
2.411
2.64
2.61
2.668
2.729
2.7230000000000003
2.461
2.461
2.551
2.595
2.361
2.615
2.915
2.444
2.492
2.435
2.588
2.7260000000000004
2.397
2.444
2.688
2.564
2.589
2.395
2.553
2.6830000000000003
2.404
2.488
2.593
2.465
2.488
2.681
2.314
2.61
2.735
2.49
2.596
2.772
2.48
2.623
2.458
2.337
2.555
2.428
2.681
2.463
2.697
2.773
2.547
2.505
2.48
2.491
2.451
2.425
2.559
2.544
2.622
2.322
2.496
2.631
2.449
2.483
2.682
2.486
2.6460000000000004
2.649
2.951
2.309
2.571
2.656
2.644
2.702
2.636
2.472
2.464
2.525
2.644
2.6
2.41
2.612
2.62
2.591
2.321
2.547
2.684
2.406
2.6010000000000004
2.2840000000000003
2.672
2.361
2.573
2.6010000000000004
2.445
2.508
2.661
2.244
2.625
2.7430000000000003
2.491
2.547
2.65
2.585
2.7880000000000003
2.656
2.6630000000000003
2.563
2.528
2.428
2.559
2.591
2.589
2.197
2.574
2.451
2.437
2.464
2.476
2.912
2.555
2.527
2.421
2.459
2.642
2.631
2.644
2.469
2.71
2.657
2.51
2.447
2.5810000000000004
2.675
2.543
2.681
2.684
2.624
2.457
2.567
2.531
2.173
2.543
2.612
2.383
2.503
2.444
2.679
2.405
2.518
2.608
2.712
2.605
2.53
2.638
2.447
2.692
2.668
2.46
2.605
2.351
2.529
2.501
2.35
2.45
2.489
2.531
2.372
2.656
2.611
2.442
2.613
2.553
2.494
2.604
2.616
2.37
2.821
2.489
2.584
2.556
2.5380000000000003
2.337
2.628
2.732
2.615
2.505
2.661
2.693
2.506
2.625
2.67
2.552
2.757
2.707
2.508
2.518
2.407
2.543
2.415
2.451
2.61
2.633
2.536
2.62
2.549
2.234
2.654
2.5660000000000003
2.591
2.623
2.5540000000000003
2.542
2.71
2.651
2.639
2.318
2.467
2.41
2.668
2.668
2.483
2.642
2.674
2.589
2.694
2.574
2.5580000000000003
2.528
2.674
2.649
2.508
2.611
2.644
2.755
2.342
2.579
2.489
2.579
2.652
2.66
2.622
2.475
2.63
2.46
2.4530000000000003
2.53
2.592
2.679
2.557
2.615
2.6010000000000004
2.271
2.401
2.652
2.778
2.565
2.391
2.635
2.516
2.569
2.46
2.668
2.53
2.669
2.41
2.7110000000000003
2.483
2.485
2.462
2.312
2.602
2.443
2.643
2.589
2.544
2.545
2.661
2.665
2.597
2.29
2.628
2.806
2.629
2.582
2.431
2.572
2.459
2.489
2.564
2.611
2.734
2.903
2.441
2.599
2.563
2.628
2.527
2.629
2.59
2.727
2.672
2.643
2.45
2.468
2.222
2.87
2.551
2.41
2.228
2.56
2.758
2.819
2.449
2.505
2.572
2.476
2.6630000000000003
2.599
2.464
2.732
2.247
2.494
2.363
2.503
2.383
2.479
2.492
2.441
2.081
2.624
2.521
2.2
2.629
2.456
2.715
2.537
2.535
2.539
2.539
2.6
2.37
2.901
2.365
2.318
2.47
2.613
2.553
2.654
2.596
2.617
2.574
2.65
2.552
2.6460000000000004
2.5380000000000003
2.494
2.6460000000000004
2.633
2.501
2.521
2.69
2.441
2.424
2.456
2.622
2.402
2.537
2.65
2.577
2.634
2.701
2.614
2.508
2.68
2.487
2.5540000000000003
2.48
2.391
2.72
2.687
2.48
2.448
2.555
2.564
2.675
2.526
2.568
2.567
2.715
2.611
2.5780000000000003
2.679
2.708
2.489
2.479
2.346
2.604
2.54
2.604
2.441
2.402
2.4730000000000003
2.441
2.8680000000000003
2.267
2.829
2.536
2.592
2.527
2.63
2.456
2.7
2.515
2.299
2.583
2.49
2.424
2.54
2.698
2.43
2.764
2.595
2.61
2.515
2.502
2.583
2.6860000000000004
2.713
2.527
2.504
2.532
2.492
2.535
2.6460000000000004
2.496
2.603
2.758
2.564
2.645
1.536
2.551
2.537
2.488
2.5580000000000003
2.745
2.474
2.423
2.522
2.674
2.748
2.202
2.545
2.702
2.689
2.482
2.496
2.641
2.616
2.865
2.658
2.559
2.576
2.543
2.597
2.484
2.423
2.755
2.332
2.599
2.6210000000000004
2.7430000000000003
2.635
2.556
2.6060000000000003
2.584
2.427
2.629
2.4330000000000003
2.595
2.491
2.548
2.408
2.294
2.55
2.6010000000000004
2.524
2.585
2.77
2.749
2.7060000000000004
2.56
2.497
2.6460000000000004
2.417
2.422
2.587
2.401
2.61
2.64
2.545
2.753
2.715
2.648
2.532
2.583
2.588
2.677
2.613
2.45
2.592
2.334
2.339
2.281
2.469
2.299
2.694
2.675
2.636
2.634
2.784
2.497
2.264
2.603
2.397
2.282
2.574
2.595
2.597
2.515
2.891
2.693
2.747
2.56
2.486
2.609
2.688
2.667
2.699
2.512
2.36
2.45
2.529
2.541
2.644
2.445
2.676
2.653
2.714
2.615
2.649
2.628
2.769
2.607
2.466
2.55
2.5580000000000003
2.615
2.512
2.705
2.585
2.415
2.552
2.6010000000000004
2.582
2.556
2.649
2.511
2.427
2.527
2.636
2.644
2.749
2.696
2.915
2.714
2.638
2.624
2.562
2.59
2.707
2.254
2.705
2.375
2.434
2.738
2.365
2.688
2.424
2.397
2.519
2.552
2.529
2.559
2.664
2.572
2.417
2.478
2.332
2.472
2.321
2.595
2.6910000000000003
2.481
2.164
2.482
2.657
2.4930000000000003
2.492
2.644
2.44
2.48
2.403
2.548
2.634
2.483
2.608
2.461
2.53
2.407
2.48
2.553
2.614
2.37
2.5380000000000003
2.546
2.547
2.702
2.63
2.427
2.5810000000000004
2.6210000000000004
2.719
2.194
2.652
2.584
2.645
2.146
2.5860000000000003
2.579
2.543
2.302
2.604
2.455
2.503
1.826
2.509
2.742
2.5660000000000003
2.556
2.513
2.65
2.497
2.35
1.426
2.472
2.7
2.724
2.431
2.608
2.5860000000000003
2.596
2.36
2.474
2.562
2.825
2.438
2.587
2.37
2.461
2.599
2.557
2.485
2.595
2.548
2.608
2.6210000000000004
2.64
2.804
2.614
2.5580000000000003
2.36
2.471
2.4290000000000003
2.612
2.508
2.632
2.36
2.641
2.349
2.468
2.369
2.5810000000000004
2.4930000000000003
2.563
2.631
2.525
2.521
2.389
2.727
2.289
2.451
2.637
2.99
2.456
2.7230000000000003
2.487
2.56
2.414
2.5580000000000003
2.446
2.564
2.739
2.564
2.658
2.464
2.622
2.633
2.637
2.488
2.505
2.843
2.506
2.599
2.778
2.722
2.588
2.389
2.441
2.482
2.57
2.6260000000000003
2.419
2.612
2.6830000000000003
2.445
2.476
2.281
2.315
2.4330000000000003
2.7
2.486
2.611
2.416
2.548
2.515
2.263
2.482
2.679
2.624
2.608
2.735
2.632
2.793
2.254
2.631
2.617
2.483
2.234
2.733
2.406
2.537
2.6010000000000004
2.444
2.497
2.715
2.707
2.718
2.523
2.49
2.532
2.436
2.664
2.543
2.696
2.408
2.679
2.62
2.335
2.555
2.528
2.16
2.684
2.131
2.605
2.523
2.317
2.548
2.526
2.456
2.352
2.446
2.54
2.624
2.37
2.747
2.515
2.7430000000000003
2.832
2.553
2.364
2.4930000000000003
2.444
2.661
2.516
2.715
2.297
2.573
2.61
2.373
2.6210000000000004
2.514
2.607
2.668
2.725
2.6180000000000003
2.467
2.476
2.476
2.595
2.755
2.435
2.682
2.609
2.46
2.375
2.715
2.642
2.506
2.52
2.463
2.469
2.303
2.26
2.587
2.48
2.546
2.3040000000000003
2.5860000000000003
2.456
2.463
2.68
2.494
2.51
2.696
2.53
2.61
2.653
2.502
2.715
2.4330000000000003
2.5540000000000003
2.444
2.26
2.744
2.589
2.65
2.4930000000000003
2.762
2.523
2.589
2.278
2.687
2.539
2.741
2.673
2.454
2.513
2.5
2.547
2.619
2.499
2.535
2.557
2.6630000000000003
2.6180000000000003
2.585
2.785
2.47
2.834
2.552
2.474
2.597
2.449
2.556
2.415
2.353
2.543
2.609
2.734
2.7030000000000003
2.5660000000000003
2.7310000000000003
2.259
2.301
2.655
2.276
2.498
2.596
2.54
2.63
2.477
1.686
2.714
2.508
2.735
2.557
2.506
2.635
2.54
2.62
2.555
2.53
2.436
2.619
2.431
2.5
