2.22
1.893
2.213
2.109
2.382
2.357
2.321
1.467
2.0340000000000003
1.975
2.197
2.109
2.234
2.394
2.228
2.283
1.9
2.442
2.255
2.018
2.155
1.843
2.087
2.093
2.079
2.255
2.189
2.131
2.228
2.147
2.187
2.247
2.2230000000000003
1.88
2.083
2.28
1.6369999999999998
2.26
2.333
2.067
2.151
2.156
2.11
2.1790000000000003
2.509
2.1630000000000003
2.358
2.355
2.123
1.901
2.24
2.727
2.06
2.299
1.848
2.37
2.167
1.882
2.428
2.314
2.43
2.3
1.821
2.0580000000000003
2.102
1.967
2.275
2.129
2.379
2.069
1.729
2.043
2.264
2.028
2.469
1.998
2.152
2.055
2.253
2.36
2.293
2.242
2.081
2.313
2.347
2.018
1.884
1.864
2.193
2.1790000000000003
2.403
2.312
2.18
2.253
2.307
2.294
2.063
1.926
2.122
2.127
2.0540000000000003
2.23
1.809
2.01
2.073
2.17
2.253
2.247
2.2030000000000003
2.42
2.338
2.133
2.248
2.147
2.176
1.936
2.102
2.355
2.177
1.855
2.265
1.981
2.277
2.074
2.175
2.206
2.584
2.264
1.907
2.136
2.141
2.197
2.026
2.146
2.03
2.104
2.277
1.826
2.1
2.201
2.137
1.744
2.204
2.315
2.342
1.944
2.277
2.12
2.08
2.148
2.283
1.968
2.202
2.256
1.611
2.227
2.36
1.84
2.407
2.2430000000000003
2.074
2.148
2.08
2.468
2.184
2.34
1.797
2.121
1.914
2.152
2.221
2.319
2.301
2.209
2.134
2.01
2.129
2.339
1.966
2.101
2.135
2.154
2.311
1.834
2.1790000000000003
1.917
1.982
2.215
2.211
2.187
1.96
1.789
2.124
2.192
2.255
2.246
2.249
2.142
1.831
1.887
2.231
2.217
2.023
2.319
2.199
2.16
2.283
2.1590000000000003
2.077
1.991
2.244
2.339
1.705
1.893
1.987
2.068
2.297
2.2230000000000003
2.037
2.017
2.047
2.184
2.464
2.296
2.406
2.1
1.967
2.286
2.447
1.938
1.97
2.324
2.177
2.197
2.211
2.16
2.198
1.785
2.299
1.949
2.211
2.089
2.155
2.314
2.292
2.607
1.837
2.271
2.186
2.355
2.167
2.476
2.106
2.3480000000000003
2.0580000000000003
2.145
2.215
2.154
2.162
2.007
2.119
2.253
1.744
2.0
2.343
2.236
2.14
2.172
2.285
2.335
2.2840000000000003
2.032
2.384
2.046
2.365
2.216
1.924
2.148
1.776
2.037
2.294
2.281
2.226
1.971
2.019
2.021
2.16
2.236
2.36
1.828
2.168
2.272
2.197
2.263
1.965
1.989
2.339
1.944
2.208
2.23
2.335
2.317
1.968
1.716
2.237
2.226
2.105
2.131
2.077
2.07
2.007
2.224
2.336
2.09
2.273
2.322
2.199
2.241
2.165
2.3040000000000003
2.114
1.883
2.313
1.989
2.05
2.32
2.351
2.089
1.747
1.875
1.597
2.028
1.965
2.351
1.92
2.018
2.258
2.039
2.218
2.141
2.138
2.194
1.742
2.166
2.206
2.2
1.784
2.372
2.123
2.044
2.281
2.0340000000000003
2.333
1.936
2.18
2.216
2.072
2.238
2.18
2.326
1.913
2.03
1.998
2.169
2.2030000000000003
2.269
2.029
2.084
1.867
2.1590000000000003
2.193
2.26
2.214
2.214
2.26
2.0980000000000003
2.139
2.131
2.201
2.111
2.364
1.884
2.1180000000000003
2.2840000000000003
2.443
2.466
2.27
2.111
2.165
2.212
2.127
2.169
2.099
2.278
2.192
1.956
2.198
1.886
2.275
1.895
1.784
2.066
2.002
2.074
2.195
2.133
2.198
2.336
1.996
2.33
2.185
2.092
2.189
2.295
2.378
2.2
2.487
2.287
2.135
2.066
2.205
2.057
1.79
1.913
2.122
2.2230000000000003
2.174
1.866
2.091
2.089
2.276
1.808
1.747
1.878
2.242
2.047
2.197
2.094
2.432
2.02
2.207
2.339
2.191
1.987
2.307
2.13
2.197
2.113
1.924
2.244
2.101
2.282
1.806
1.962
2.142
2.153
2.187
2.124
2.437
1.983
2.197
2.2840000000000003
