2.006
2.005
2.053
1.886
1.846
2.13
2.001
2.149
1.945
2.132
1.59
2.07
1.929
1.837
1.721
1.993
2.108
1.744
2.061
2.148
1.977
1.978
1.6740000000000002
2.027
1.798
1.5719999999999998
2.01
2.271
2.065
2.082
1.981
2.071
1.833
2.1630000000000003
2.095
1.935
1.868
1.595
2.028
1.973
2.187
2.077
1.882
1.821
2.22
2.022
1.99
2.013
2.148
2.0980000000000003
2.173
2.134
2.076
2.275
1.784
1.776
1.94
1.727
2.176
1.629
1.699
2.11
1.937
2.08
2.21
1.966
1.712
1.6980000000000002
2.1790000000000003
1.946
1.7080000000000002
1.94
2.177
1.932
2.1
2.155
2.116
1.7180000000000002
2.18
2.219
1.868
2.012
2.014
2.123
1.5419999999999998
2.18
2.085
2.139
2.2030000000000003
1.963
2.083
1.918
1.997
1.972
2.2840000000000003
1.834
1.612
1.897
2.172
1.758
1.78
1.736
1.996
2.053
2.117
1.535
2.321
2.025
2.075
1.93
1.869
2.117
2.152
1.932
1.643
2.154
2.064
1.995
2.21
1.7619999999999998
2.171
1.976
1.807
1.949
1.653
2.08
2.08
2.1830000000000003
2.062
1.998
1.798
2.103
2.268
1.813
1.731
1.771
1.862
1.907
1.872
2.356
2.056
1.741
1.642
1.913
1.811
1.869
2.136
2.024
2.006
2.11
2.158
1.833
2.105
1.927
2.081
1.95
2.07
2.045
1.932
1.879
2.12
1.682
1.981
1.68
2.025
2.3
1.818
1.609
1.736
2.087
2.08
1.925
2.248
2.193
2.108
2.174
2.14
1.801
1.941
1.733
2.235
2.199
1.7180000000000002
1.858
2.012
2.018
2.128
1.999
2.076
1.973
1.741
1.7619999999999998
1.79
1.768
2.017
2.073
1.992
1.842
2.217
2.217
2.157
2.333
1.7480000000000002
2.013
1.881
1.953
2.115
2.141
1.96
2.146
2.336
1.768
1.712
2.024
2.081
1.81
2.121
2.017
1.986
2.166
2.3040000000000003
1.7919999999999998
1.66
1.958
2.008
1.965
2.295
1.888
2.08
2.056
1.518
1.986
1.901
1.928
1.883
2.082
2.252
2.015
2.1590000000000003
1.716
2.02
2.195
2.0340000000000003
2.015
2.037
2.451
2.052
1.954
2.1
2.173
1.896
1.98
1.979
2.085
1.893
2.089
1.776
1.429
2.086
1.905
1.686
2.226
2.0540000000000003
1.986
2.018
1.996
2.033
2.136
2.267
1.978
2.146
1.66
1.539
1.983
1.651
1.986
1.992
1.646
1.983
1.979
1.85
2.004
1.787
2.261
1.931
1.879
1.78
1.856
2.001
1.963
2.131
1.876
1.988
1.91
2.185
1.767
2.06
1.754
1.737
1.964
2.094
1.668
2.251
1.73
2.011
1.955
1.922
1.927
1.838
1.6780000000000002
1.95
2.191
2.068
1.635
1.891
1.775
1.527
2.104
1.987
1.6669999999999998
2.087
1.85
2.121
2.139
2.09
2.272
1.7819999999999998
1.661
1.992
1.547
1.5590000000000002
1.889
1.836
2.088
1.6569999999999998
2.112
2.196
2.234
1.808
1.735
1.936
2.262
1.964
1.963
1.93
1.857
2.0340000000000003
1.675
2.126
1.761
2.04
2.089
2.109
2.033
2.094
2.138
1.609
1.895
1.957
2.282
1.788
2.031
1.957
2.361
1.798
2.042
1.989
1.517
2.101
1.822
2.045
2.23
1.555
2.065
2.346
1.806
2.115
1.854
2.1790000000000003
1.955
1.99
1.996
1.6369999999999998
2.119
2.12
2.106
2.0
1.788
2.158
2.0980000000000003
2.033
2.1790000000000003
1.831
2.047
2.165
2.059
2.358
1.747
2.07
1.7819999999999998
1.824
2.03
2.076
1.452
1.804
1.857
2.082
1.816
1.81
1.932
2.101
1.812
1.873
1.641
1.933
2.112
1.904
2.125
1.985
2.171
2.12
2.185
2.112
2.126
1.797
1.914
1.865
1.986
2.116
1.915
1.823
1.961
1.79
2.048
2.052
1.709
2.016
2.54
1.926
1.98
2.044
1.9
1.95
2.177
2.136
1.6909999999999998
2.056
2.0340000000000003
1.778
2.188
2.063
1.853
1.965
1.7480000000000002
2.139
2.069
1.909
1.837
2.127
2.03
2.0580000000000003
1.798
2.169
2.055
1.876
1.551
2.108
2.117
1.713
1.595
1.918
1.922
2.137
2.033
1.83
2.082
2.148
1.57
2.053
1.641
1.921
2.166
2.2030000000000003
2.254
2.377
1.751
1.711
1.879
1.716
1.973
1.846
1.986
1.805
2.084
2.289
2.22
2.017
2.191
2.219
1.81
2.077
2.184
2.139
1.997
2.0540000000000003
1.829
1.921
1.633
1.683
1.975
1.766
1.79
2.091
1.843
1.7519999999999998
1.922
1.862
1.82
2.201
2.151
2.144
1.988
1.793
2.072
1.974
1.816
2.027
1.617
1.659
1.797
1.5519999999999998
2.125
1.855
2.043
1.77
2.136
2.1830000000000003
2.192
2.09
2.101
1.631
1.959
1.6130000000000002
2.164
1.896
1.977
1.864
1.904
2.09
1.859
2.181
1.938
2.069
2.003
1.89
2.028
1.92
2.171
2.023
2.12
1.981
2.019
2.137
2.006
1.894
1.92
1.943
2.0580000000000003
2.001
2.101
1.798
1.992
2.111
2.2230000000000003
1.649
1.999
2.384
2.166
1.71
1.7
2.012
1.715
1.937
1.801
1.753
2.056
2.069
1.835
2.024
1.905
2.009
1.99
1.995
1.55
1.661
1.886
2.037
2.1
1.6130000000000002
1.6130000000000002
1.985
1.659
1.96
2.21
1.4480000000000002
2.151
2.137
1.93
1.6130000000000002
1.961
1.819
2.0380000000000003
2.214
1.968
1.783
1.825
2.001
2.009
2.123
1.982
2.035
2.333
1.851
2.106
1.902
2.087
2.047
1.952
1.835
2.011
2.086
2.129
1.925
1.765
2.045
2.041
1.798
1.88
1.905
1.9
1.993
1.998
2.237
1.814
2.012
1.64
1.877
2.167
2.166
2.207
1.784
1.786
1.82
2.002
2.124
1.6869999999999998
2.017
1.932
1.774
2.0980000000000003
1.92
1.7009999999999998
1.896
1.849
1.982
1.73
2.021
1.632
2.052
2.056
1.941
1.908
2.248
2.146
1.973
2.018
1.6780000000000002
2.006
2.209
2.037
2.24
2.057
2.137
2.19
1.751
2.083
1.653
2.021
1.895
2.041
1.913
1.934
1.63
1.724
1.927
1.645
1.953
2.139
2.104
1.997
1.815
2.256
1.804
2.319
1.967
1.87
2.029
1.604
1.997
1.714
1.834
2.227
1.832
1.934
2.108
1.977
1.902
1.853
1.6869999999999998
1.997
2.225
1.6769999999999998
1.739
1.636
1.899
1.971
1.878
1.992
2.032
2.072
1.751
1.903
2.103
1.7619999999999998
2.09
1.989
1.846
1.82
1.974
1.932
2.2
2.145
2.008
2.043
1.979
2.11
1.841
1.941
1.741
2.157
1.7619999999999998
2.259
1.894
1.754
2.143
2.302
1.982
2.171
2.044
1.737
1.902
1.976
2.104
1.864
1.4369999999999998
1.961
1.953
1.7619999999999998
2.001
1.717
2.0340000000000003
1.939
1.99
1.746
2.056
2.122
2.003
1.786
2.215
1.972
1.81
2.052
1.714
2.108
1.7519999999999998
2.194
2.065
1.962
2.232
1.63
1.6269999999999998
2.069
1.94
2.029
1.955
2.075
1.912
2.013
2.059
1.937
2.258
1.975
1.726
2.128
2.26
1.968
2.019
1.955
1.771
1.93
2.327
1.769
1.92
2.053
1.7280000000000002
1.786
1.7719999999999998
1.96
2.007
2.061
1.737
2.238
1.953
1.474
1.7719999999999998
2.296
1.786
2.389
2.003
2.033
2.083
2.084
2.137
1.727
2.136
1.984
2.234
1.928
1.854
1.967
2.161
1.709
2.076
1.827
2.05
1.884
1.909
2.003
1.798
1.843
2.209
2.153
2.021
1.839
2.116
2.035
1.803
2.072
2.037
1.957
1.64
1.778
1.826
1.989
2.077
1.974
2.148
1.96
2.3040000000000003
2.137
2.125
1.783
2.084
1.886
2.145
1.712
1.957
1.779
1.872
2.095
1.375
1.988
2.178
2.139
2.169
1.68
1.811
1.588
1.694
1.937
2.102
2.035
2.145
2.208
2.144
2.168
2.045
1.724
1.7280000000000002
2.125
1.876
2.102
2.125
2.0340000000000003
2.119
1.998
2.208
2.045
2.031
2.129
1.666
2.122
1.761
2.083
2.225
2.141
2.084
2.198
1.95
1.876
1.801
2.168
1.729
1.874
2.076
2.088
1.967
2.127
1.67
1.675
2.199
2.17
2.156
2.122
1.897
1.807
1.62
1.88
2.113
1.6130000000000002
1.861
2.193
1.818
2.0780000000000003
1.869
1.978
1.917
1.896
1.67
2.232
1.846
1.976
1.872
1.912
2.072
1.872
2.007
2.266
1.785
2.032
2.046
2.016
1.906
2.079
1.966
1.779
2.011
1.846
2.3040000000000003
1.904
1.992
1.578
2.069
2.061
2.117
2.162
1.884
1.84
1.847
2.088
1.95
1.654
2.023
2.001
2.123
2.008
1.959
2.088
2.025
2.114
2.062
2.334
1.87
2.37
2.16
2.131
1.938
1.88
2.101
2.0340000000000003
2.061
2.081
2.089
2.027
1.815
2.061
2.073
2.059
2.228
1.917
1.989
1.69
2.119
2.021
1.577
2.0380000000000003
1.588
2.047
2.013
2.139
2.264
2.197
1.949
2.151
1.7519999999999998
2.123
1.926
1.967
2.089
2.196
1.833
2.093
2.232
1.99
2.086
1.904
1.756
1.954
2.115
2.177
1.801
2.089
1.927
2.221
2.043
2.033
2.245
2.169
2.221
2.053
1.993
2.2
1.731
2.33
1.751
2.256
2.025
1.945
1.821
2.195
1.944
1.982
1.978
2.244
2.097
2.057
1.985
1.909
1.832
1.881
2.173
1.879
1.655
1.7180000000000002
2.063
2.046
1.932
1.986
2.0780000000000003
1.753
1.865
1.891
2.043
2.139
2.0340000000000003
1.973
2.154
1.656
1.929
1.893
1.589
1.937
2.292
1.666
1.644
2.0780000000000003
1.897
2.17
1.896
1.8
1.779
2.067
2.15
2.032
2.208
2.141
1.664
2.093
2.026
1.798
2.107
2.149
1.991
1.761
2.279
2.117
1.878
2.262
2.016
1.928
1.905
2.149
1.769
1.812
1.846
2.009
1.949
1.984
2.11
2.227
1.729
2.071
2.099
1.874
2.123
1.984
2.258
2.105
1.855
1.96
2.105
2.329
2.193
1.769
2.025
1.969
2.022
1.955
2.088
2.131
1.916
2.136
2.25
2.266
1.987
2.075
2.008
2.188
1.777
2.027
2.084
2.011
1.929
1.6969999999999998
1.999
1.99
2.208
2.19
1.714
2.066
2.156
1.6669999999999998
1.565
2.029
1.947
2.008
2.186
2.16
1.852
1.71
2.012
2.029
2.015
2.037
1.96
2.211
2.295
2.0340000000000003
1.834
2.157
2.01
2.114
1.781
2.161
1.946
1.645
1.904
1.723
2.072
1.939
1.819
1.989
1.938
1.939
2.155
2.076
1.77
1.67
1.979
1.995
1.862
1.821
1.89
1.98
1.6780000000000002
2.113
1.846
1.805
2.197
2.198
1.906
1.992
2.122
2.283
1.726
2.053
2.081
2.4330000000000003
2.042
2.11
2.112
2.01
1.64
2.192
1.932
1.832
1.61
2.003
2.202
2.278
1.94
1.969
2.198
1.945
1.988
2.116
1.757
2.014
1.908
1.656
1.837
1.825
1.885
2.051
1.801
2.079
1.5419999999999998
2.307
1.862
1.622
2.008
1.765
2.314
2.005
1.942
2.1630000000000003
2.065
2.074
1.775
2.056
2.073
1.934
2.16
2.154
1.985
2.067
2.006
2.24
1.831
1.99
2.064
1.969
2.032
1.988
2.0980000000000003
2.149
1.734
2.049
2.2030000000000003
1.965
1.533
2.057
2.09
1.6909999999999998
2.0780000000000003
2.059
2.2030000000000003
1.86
2.119
2.048
2.289
2.246
1.825
2.075
1.744
1.5630000000000002
2.3080000000000003
2.221
2.022
1.96
2.149
2.192
2.124
2.134
2.018
2.033
2.238
1.988
1.965
2.207
2.134
1.811
2.187
1.846
2.084
2.076
2.015
1.796
1.6969999999999998
2.094
1.769
2.079
1.616
2.147
1.909
2.12
1.739
1.961
2.009
1.922
1.817
1.515
2.185
2.125
1.809
1.789
2.013
1.94
2.089
1.983
2.046
2.127
2.133
1.858
1.963
2.261
2.197
2.164
1.842
1.955
1.931
1.812
2.188
1.824
1.858
2.089
2.121
1.121
2.124
2.041
1.931
2.132
2.132
1.795
1.646
2.13
2.2230000000000003
2.121
1.903
2.028
1.885
1.903
1.902
1.588
1.993
2.042
1.878
2.2840000000000003
1.94
2.066
2.146
1.917
2.07
2.053
2.074
1.569
1.822
2.11
2.06
1.694
2.134
2.132
2.044
1.706
2.186
1.605
2.042
1.8
2.209
2.0540000000000003
1.82
2.036
2.033
1.979
1.928
2.158
2.04
2.148
1.985
2.141
1.956
1.75
1.947
1.82
1.854
2.067
2.237
2.093
2.081
2.17
2.018
2.125
1.743
2.113
2.04
2.182
2.064
2.109
1.795
1.97
1.517
1.892
1.749
2.277
2.009
1.883
1.816
1.806
1.714
1.592
2.187
1.73
1.587
2.249
1.987
2.055
1.88
2.228
1.976
2.257
1.834
1.769
2.1830000000000003
2.1630000000000003
2.131
2.096
1.912
1.712
2.047
1.814
2.036
1.989
1.921
1.829
1.995
2.142
2.093
2.109
1.7
2.173
2.035
1.977
2.109
1.849
1.986
1.869
2.08
2.023
1.959
1.907
1.953
2.008
2.008
2.033
2.141
1.719
2.155
2.216
1.894
2.218
1.959
2.398
2.289
2.02
2.205
1.648
1.907
2.056
1.69
2.2230000000000003
1.7480000000000002
2.019
2.338
1.6369999999999998
1.888
1.858
1.882
1.671
1.948
1.79
1.894
2.0980000000000003
1.969
1.831
2.039
1.774
2.064
1.851
2.011
2.265
1.856
1.429
1.715
2.2
1.793
1.803
2.008
1.753
1.811
1.879
1.908
2.022
1.972
2.02
2.018
2.184
2.085
2.19
1.834
2.369
1.757
2.09
2.043
2.2230000000000003
2.149
2.192
1.734
1.938
2.119
2.092
1.636
2.024
2.173
2.15
1.464
2.116
2.237
2.158
1.582
2.213
1.821
1.939
1.457
1.91
1.632
2.09
2.007
2.066
2.02
1.832
1.864
1.116
1.7719999999999998
2.007
2.248
1.7
2.166
1.981
2.062
1.665
1.983
1.692
2.195
1.445
2.025
1.599
1.73
2.186
2.025
1.927
2.104
1.977
2.099
2.134
2.23
2.008
2.108
2.063
1.944
1.843
1.6569999999999998
2.161
2.187
1.866
1.665
1.794
1.446
1.916
1.734
2.177
2.01
1.922
1.997
1.885
1.996
1.773
2.089
1.889
2.019
1.963
2.009
2.007
2.236
1.811
2.185
1.919
2.23
1.717
2.113
2.0780000000000003
1.7480000000000002
2.028
1.957
2.061
2.22
2.066
2.145
1.567
1.89
1.743
1.785
2.015
2.191
1.827
1.838
1.926
1.854
2.127
1.874
1.795
2.061
2.016
1.785
1.978
1.759
1.839
1.783
1.997
1.925
2.167
1.934
2.005
1.859
1.4480000000000002
2.087
1.946
1.852
2.076
2.137
2.077
2.042
1.69
1.812
2.13
2.189
1.601
2.403
1.912
1.727
2.264
2.129
1.886
1.822
1.924
2.182
1.872
1.904
2.096
2.01
2.287
2.063
2.103
1.692
2.294
1.931
1.6869999999999998
2.123
2.091
1.749
2.226
1.483
1.998
1.832
1.621
2.024
2.142
2.004
1.922
2.046
1.802
1.985
1.653
2.182
2.055
1.832
2.068
2.255
1.879
1.905
1.781
1.879
2.131
2.114
1.4069999999999998
2.026
1.906
1.787
2.12
1.967
1.867
1.89
1.9
1.831
1.993
2.016
1.995
1.923
2.012
2.007
2.006
2.12
1.842
1.843
2.13
1.72
2.011
2.0380000000000003
1.983
2.0380000000000003
1.505
1.685
1.848
1.7519999999999998
1.821
1.922
2.042
1.777
1.997
2.1830000000000003
1.952
1.993
2.228
1.664
2.065
2.2230000000000003
1.833
2.041
1.731
2.245
2.088
1.5530000000000002
2.391
2.035
1.86
1.803
2.105
2.015
1.997
1.917
2.1180000000000003
1.769
2.226
2.0540000000000003
1.715
1.975
2.119
1.966
1.966
1.7990000000000002
1.95
1.875
2.001
2.096
2.014
2.219
1.838
1.917
1.786
1.683
1.719
1.668
2.212
1.585
1.474
1.844
2.018
2.175
1.893
1.98
2.126
1.809
1.535
2.117
1.704
2.134
2.351
1.642
1.942
1.893
1.197
2.245
2.121
1.844
1.962
1.829
2.162
2.37
2.188
2.108
1.814
1.819
2.162
1.743
2.1830000000000003
