2.863
2.617
2.6460000000000004
2.599
2.6710000000000003
2.698
2.709
2.693
2.8
2.667
2.625
2.7260000000000004
2.744
2.669
2.872
2.842
2.894
2.559
2.742
2.8
2.8510000000000004
2.777
2.873
2.778
2.805
2.721
2.5780000000000003
2.827
2.8160000000000003
2.8280000000000003
2.71
2.648
2.707
2.838
2.84
3.039
2.707
2.485
2.829
2.763
2.8310000000000004
2.8360000000000003
2.522
2.797
2.887
3.002
2.858
2.7430000000000003
2.761
2.576
2.922
2.897
2.704
2.861
2.684
2.741
2.636
2.794
2.929
2.655
2.505
2.825
2.604
2.719
2.775
2.654
2.631
2.548
2.972
2.919
2.576
2.827
2.867
2.926
2.95
2.801
2.888
2.97
2.764
3.087
2.559
2.659
3.143
2.717
2.911
2.758
2.724
2.9730000000000003
2.809
2.649
2.698
2.783
2.949
2.572
3.055
2.744
2.768
2.8080000000000003
2.7430000000000003
2.5660000000000003
2.837
3.089
2.814
2.736
2.644
2.214
2.927
2.7510000000000003
2.699
2.644
2.593
2.929
2.847
2.932
2.41
2.795
2.705
2.499
2.898
2.839
2.757
2.679
2.949
2.527
2.753
2.866
2.878
2.71
2.87
2.9930000000000003
2.779
3.08
2.865
2.697
2.576
2.6910000000000003
2.891
2.456
2.7
3.257
2.917
2.774
2.596
2.656
2.553
2.807
2.725
2.667
2.923
3.532
2.766
2.699
2.752
2.852
2.867
2.835
2.7030000000000003
2.814
2.74
2.752
2.886
2.784
2.591
2.645
2.676
2.881
2.734
2.9760000000000004
2.9
2.737
2.571
2.482
2.939
2.757
2.802
2.716
2.786
2.744
2.695
2.638
2.879
3.528
2.697
2.758
2.753
2.858
2.773
2.636
3.414
2.887
2.768
2.839
2.917
2.781
2.5540000000000003
2.682
2.829
3.154
2.819
2.675
2.9
3.307
2.682
2.713
3.475
2.76
2.736
2.699
2.704
3.093
2.545
2.903
2.712
2.914
3.097
2.729
2.835
2.8110000000000004
2.75
2.8310000000000004
2.757
2.651
2.83
2.752
2.982
3.342
2.854
2.725
2.888
2.777
2.599
2.797
2.734
2.721
2.68
2.6260000000000003
2.849
3.032
3.022
2.748
3.07
2.855
2.653
2.705
2.625
2.91
2.7460000000000004
2.664
3.172
2.7460000000000004
2.952
3.032
2.975
2.736
2.842
2.8680000000000003
2.74
2.701
2.784
2.77
2.6910000000000003
2.449
2.651
2.546
2.705
2.7910000000000004
2.8680000000000003
2.745
2.739
2.451
2.7910000000000004
2.736
2.648
2.809
2.734
2.874
2.754
2.552
2.662
2.657
3.139
2.998
2.7
2.802
2.865
2.902
2.449
2.672
2.652
2.8360000000000003
2.763
2.733
2.697
2.659
2.837
2.6060000000000003
2.822
2.685
2.975
2.692
2.905
2.7110000000000003
2.897
2.802
2.82
2.827
2.764
2.8160000000000003
2.6630000000000003
2.805
2.722
2.943
2.695
3.104
2.653
2.411
2.619
2.797
2.6860000000000004
2.8510000000000004
2.858
2.85
2.951
2.641
2.767
2.873
2.7430000000000003
3.093
3.1710000000000003
2.439
2.8710000000000004
2.682
2.785
2.722
2.7910000000000004
2.861
3.47
2.79
2.806
2.855
2.934
2.765
2.729
2.8280000000000003
2.9360000000000004
2.847
2.744
2.833
2.6910000000000003
2.627
2.902
2.847
2.762
2.841
2.728
3.347
3.149
2.765
2.69
2.818
2.636
2.742
2.814
3.198
2.779
2.75
2.769
2.742
2.738
2.555
2.755
3.237
2.5980000000000003
2.793
2.709
2.849
3.026
2.505
2.863
2.855
2.9210000000000003
2.924
2.764
2.938
2.8360000000000003
2.97
2.676
2.707
2.928
2.852
2.765
2.904
2.8510000000000004
2.8680000000000003
3.201
2.782
2.854
2.853
2.81
2.774
2.744
2.951
2.7430000000000003
2.797
2.54
2.651
2.954
2.647
2.83
2.911
3.143
2.647
2.667
2.7710000000000004
2.67
2.83
2.687
2.86
2.928
2.885
3.0210000000000004
3.415
2.853
2.659
2.903
2.809
2.903
2.964
2.687
2.9760000000000004
2.967
2.744
2.814
2.97
2.998
2.843
2.67
3.6010000000000004
2.715
2.742
2.895
2.65
2.906
2.792
2.518
2.644
2.664
2.727
2.48
2.9
2.89
2.728
2.849
2.687
2.865
2.824
2.736
2.989
2.815
2.785
2.675
2.812
2.9530000000000003
2.696
2.67
2.945
3.234
2.9
2.602
2.932
2.757
2.749
2.838
3.009
2.7230000000000003
2.73
2.912
2.806
2.774
2.645
3.008
2.8110000000000004
2.862
2.867
2.893
2.8080000000000003
2.725
2.664
2.748
2.695
2.6010000000000004
2.655
2.557
2.874
2.9160000000000004
3.134
2.747
2.681
2.741
2.721
3.0
2.844
2.906
2.835
2.783
2.669
2.861
2.841
2.8080000000000003
2.611
2.857
2.437
2.617
2.5380000000000003
2.722
2.688
2.765
2.79
2.804
2.898
2.685
2.9330000000000003
2.634
2.738
2.935
2.852
2.8680000000000003
2.603
2.863
2.6
2.575
2.83
2.812
2.7060000000000004
2.69
2.668
2.986
2.719
2.85
2.909
2.76
2.698
2.837
2.714
2.7510000000000003
3.09
2.799
2.784
2.89
2.778
2.622
2.769
2.677
2.765
2.767
2.722
2.565
2.763
2.845
2.906
2.9410000000000003
2.789
2.881
2.879
2.779
2.7310000000000003
2.742
2.874
3.185
2.805
2.78
2.684
2.55
3.075
2.616
2.6860000000000004
2.79
2.914
2.761
2.7060000000000004
2.85
2.582
2.877
2.754
2.69
2.644
2.866
2.865
2.872
2.992
2.826
2.8080000000000003
2.639
2.912
2.846
2.719
2.962
2.985
2.873
2.873
3.423
2.682
2.5860000000000003
2.754
2.818
2.783
2.923
2.759
2.873
2.7230000000000003
2.525
2.7310000000000003
3.049
2.718
2.632
2.978
2.658
2.8510000000000004
2.786
2.587
2.69
3.157
2.708
3.045
2.664
2.89
2.83
2.823
2.732
2.879
2.813
2.772
2.679
2.6010000000000004
2.772
2.6630000000000003
2.757
2.878
2.886
2.707
2.867
2.865
2.935
2.71
2.685
2.958
2.74
2.692
2.8480000000000003
2.8
2.685
3.075
2.763
2.633
2.799
2.701
2.724
2.782
2.765
2.809
2.722
2.696
2.641
2.559
2.78
2.714
2.431
2.887
3.202
2.844
2.61
2.878
2.9210000000000003
2.92
2.617
2.525
2.911
2.667
2.972
2.7060000000000004
2.772
2.76
2.7460000000000004
2.755
2.705
2.998
2.984
2.639
2.542
2.543
2.73
2.7910000000000004
2.365
2.608
2.833
2.674
2.629
2.87
2.901
2.701
2.721
2.939
2.947
2.977
2.901
2.614
2.999
2.651
2.7110000000000003
2.881
2.599
2.97
2.72
2.801
2.9930000000000003
2.642
2.995
2.9810000000000003
2.482
2.64
3.5010000000000003
2.5980000000000003
2.931
2.906
2.734
2.91
2.797
2.687
2.898
2.619
2.565
2.6010000000000004
2.894
2.745
2.792
2.769
2.685
2.645
2.9410000000000003
2.62
2.736
2.794
3.369
3.042
2.757
2.899
2.951
2.974
2.622
2.736
2.747
2.772
2.794
3.0860000000000003
2.733
3.005
2.867
3.0810000000000004
2.87
2.8560000000000003
3.268
2.752
2.583
2.643
2.0540000000000003
2.633
2.889
2.553
2.7310000000000003
2.684
2.735
2.8080000000000003
2.667
2.776
2.789
2.739
2.877
2.709
2.9610000000000003
2.718
2.595
2.895
2.881
2.85
2.825
3.024
3.407
2.918
2.773
2.652
2.72
3.131
2.587
2.688
2.509
2.681
2.767
2.769
2.74
3.438
2.807
2.787
2.613
3.017
2.793
2.747
2.843
2.732
2.684
2.87
2.885
2.735
2.64
2.782
2.892
2.659
2.901
2.857
2.705
2.9610000000000003
2.813
2.863
2.667
2.712
2.885
3.007
2.946
2.631
2.537
2.764
3.023
2.7110000000000003
2.778
2.815
2.8560000000000003
2.737
2.8110000000000004
2.813
2.617
2.863
2.892
2.843
2.895
2.8310000000000004
2.725
2.7460000000000004
2.884
2.7230000000000003
2.867
2.579
2.805
2.826
2.757
2.738
2.805
2.8310000000000004
2.798
2.974
2.819
2.844
2.863
2.714
2.547
2.768
2.985
2.754
2.822
2.698
2.93
2.947
2.822
2.838
2.92
2.705
2.807
2.736
3.155
2.721
2.732
2.688
2.115
2.736
2.832
2.826
2.797
2.361
2.94
2.649
2.755
2.804
2.903
2.903
2.678
3.049
3.333
2.852
2.724
2.776
2.523
2.86
2.915
2.766
2.679
3.306
2.955
2.783
2.938
2.757
2.805
2.8310000000000004
2.859
2.897
2.71
3.09
2.983
2.774
2.8710000000000004
2.68
2.661
2.653
2.853
3.54
2.332
2.797
2.745
2.823
2.679
2.957
2.574
2.827
2.904
2.89
2.812
2.877
3.0460000000000003
2.712
2.735
2.639
2.982
2.978
2.748
3.1710000000000003
2.544
2.704
2.656
3.116
2.977
2.801
2.698
2.951
2.908
2.749
2.8680000000000003
2.761
3.05
2.573
2.834
2.947
2.738
2.867
2.767
2.943
2.998
3.01
2.645
2.798
2.735
2.784
2.893
2.72
2.781
2.632
2.748
2.852
2.753
2.805
2.8110000000000004
2.7310000000000003
2.713
2.809
2.8510000000000004
2.82
2.803
2.613
2.917
2.676
2.513
2.99
2.664
2.634
2.787
2.659
2.85
2.774
2.835
2.665
2.715
2.667
3.284
2.748
2.922
2.764
2.885
2.698
2.684
2.963
2.948
2.932
2.8680000000000003
2.96
2.8560000000000003
2.599
2.761
2.567
2.625
2.769
2.545
2.854
2.721
2.947
2.694
2.6
3.009
2.9360000000000004
2.665
2.858
2.713
2.786
2.9330000000000003
2.932
2.582
2.959
2.694
2.761
2.841
2.597
2.64
2.713
2.887
2.883
2.734
2.849
2.752
3.0
2.888
2.9210000000000003
2.957
2.762
3.034
3.339
2.881
3.221
2.999
2.99
2.852
2.91
2.904
2.716
2.745
2.8710000000000004
2.987
2.867
2.895
2.954
2.7460000000000004
2.8310000000000004
2.724
2.873
2.7430000000000003
2.716
2.894
2.6830000000000003
2.563
2.909
2.934
3.196
2.849
2.7510000000000003
2.8160000000000003
2.984
2.959
2.895
2.688
2.852
2.939
2.562
2.636
2.9360000000000004
2.614
2.695
2.797
2.975
2.688
2.859
2.77
2.7460000000000004
2.697
2.799
2.7230000000000003
2.834
2.721
2.729
2.901
2.692
3.409
2.75
2.665
2.912
2.817
2.584
2.9810000000000003
2.67
2.629
2.901
2.854
2.904
2.682
2.784
2.8160000000000003
2.748
2.931
2.699
2.823
2.7910000000000004
2.866
2.773
2.593
2.678
2.824
2.897
2.766
2.855
2.695
2.529
2.885
2.912
2.866
2.935
2.6910000000000003
2.754
2.892
2.928
2.852
2.7880000000000003
2.597
2.8280000000000003
3.095
2.972
2.6710000000000003
2.938
2.835
2.779
2.9360000000000004
2.753
2.604
2.878
2.914
2.766
2.778
2.843
2.765
2.693
2.9410000000000003
2.7260000000000004
2.818
2.762
2.907
2.844
2.803
2.7510000000000003
2.877
2.843
2.57
2.739
2.881
2.884
2.8110000000000004
2.887
2.699
2.733
2.76
2.846
2.84
2.501
2.89
2.822
2.542
2.67
2.729
2.8960000000000004
2.804
2.905
2.7060000000000004
2.947
2.761
2.798
2.867
2.756
2.767
2.643
2.7
2.917
2.612
2.78
2.844
2.867
2.866
2.574
2.932
2.787
2.783
2.8360000000000003
2.532
2.702
2.759
2.797
2.908
2.698
2.974
2.998
2.774
2.61
2.652
2.8560000000000003
2.8280000000000003
2.733
2.804
2.935
2.514
2.841
2.642
2.774
2.582
3.713
2.792
2.905
2.747
2.636
2.915
2.793
2.847
2.833
2.7230000000000003
2.72
3.02
2.794
2.861
2.863
2.7510000000000003
2.543
2.718
2.874
2.729
2.749
2.685
2.639
2.911
2.845
3.007
2.73
2.801
2.605
2.7960000000000003
2.82
2.517
2.7230000000000003
2.756
2.862
2.843
3.145
2.783
2.487
2.9360000000000004
2.865
2.465
2.7110000000000003
2.8480000000000003
2.685
2.764
2.741
2.866
2.782
2.89
2.908
2.511
2.859
2.787
2.721
2.914
2.525
2.74
2.819
2.843
2.653
2.778
2.995
2.819
2.783
3.152
3.065
2.779
2.795
2.573
2.755
2.942
2.764
3.204
2.927
2.85
2.897
2.75
2.855
2.93
2.891
2.883
2.843
2.898
2.799
2.727
2.893
2.642
2.681
2.7880000000000003
2.637
2.986
2.699
2.975
2.482
2.721
2.779
2.655
2.909
2.677
2.87
2.895
2.707
2.959
2.758
2.556
2.617
2.716
2.5610000000000004
2.773
2.679
3.167
2.7960000000000003
2.975
2.8280000000000003
2.9410000000000003
2.89
2.935
2.715
3.0580000000000003
2.812
2.78
3.0
2.767
2.873
3.006
2.753
2.822
2.573
2.806
2.977
2.944
3.004
2.802
2.164
2.95
2.774
3.05
2.87
2.855
2.901
2.692
2.708
2.846
2.799
2.735
3.036
2.798
2.79
2.567
2.839
2.966
2.923
3.073
2.803
2.881
3.3680000000000003
2.8680000000000003
2.88
2.705
2.649
2.875
2.841
2.964
2.652
2.901
2.508
2.854
2.757
2.749
2.636
2.707
2.749
2.886
2.476
2.79
2.625
2.79
2.9130000000000003
2.843
2.795
2.988
2.889
2.917
2.962
2.782
2.854
2.789
2.778
2.904
2.761
2.8280000000000003
2.778
2.609
2.715
2.885
3.649
2.819
2.819
2.676
2.971
2.76
2.958
2.9560000000000004
2.968
2.668
3.27
2.742
2.893
2.6
3.2910000000000004
2.672
2.719
2.7310000000000003
2.943
2.881
3.029
2.862
2.497
2.452
2.883
2.839
2.83
2.677
3.359
2.567
2.988
2.487
2.737
2.911
3.217
2.825
2.8310000000000004
2.61
2.572
2.694
2.665
2.894
2.639
2.499
2.672
2.769
3.176
2.886
2.778
2.765
2.914
2.869
2.654
2.866
2.707
2.702
2.759
2.948
2.772
2.738
2.839
2.895
2.7230000000000003
2.605
2.983
2.769
2.521
3.47
2.8560000000000003
2.873
2.994
2.75
3.123
2.9330000000000003
2.656
3.051
2.659
2.799
2.843
2.71
2.96
2.737
2.6830000000000003
2.809
2.653
2.925
2.674
2.754
2.748
2.761
2.519
2.797
2.88
2.604
2.607
2.812
2.734
2.5780000000000003
2.516
2.782
3.044
2.611
2.701
2.667
2.971
3.012
2.639
2.862
2.888
2.607
2.672
2.794
2.546
2.899
3.012
2.707
3.054
2.741
2.681
2.526
2.662
2.684
2.715
2.801
2.881
2.911
3.105
2.576
2.992
2.857
2.735
2.778
2.781
2.972
2.846
2.26
2.86
2.787
2.919
2.862
2.721
2.679
2.614
1.891
2.635
2.872
2.742
2.838
2.698
2.741
2.67
2.489
2.029
2.679
3.025
3.454
2.815
2.785
2.91
2.793
2.957
2.6630000000000003
2.785
3.108
2.839
2.764
2.728
2.583
2.987
2.987
2.623
2.762
2.709
2.716
2.944
2.841
2.885
2.873
2.792
2.737
2.6210000000000004
2.7710000000000004
2.627
2.741
2.793
2.957
2.799
2.638
2.641
2.664
2.805
2.841
2.794
2.766
2.6710000000000003
2.764
2.634
2.963
2.7460000000000004
2.813
2.928
3.13
2.83
2.96
2.898
2.818
2.819
2.889
2.911
2.782
2.874
2.793
2.929
2.63
2.653
2.717
2.905
2.739
2.852
2.74
2.69
2.7880000000000003
3.031
2.898
2.635
2.672
2.878
2.74
2.99
2.789
2.536
2.971
2.78
2.764
2.842
2.443
2.732
2.873
2.822
2.689
2.781
3.069
2.841
2.742
2.74
2.741
3.494
2.864
2.915
2.798
2.807
3.16
2.71
2.943
2.994
2.714
2.543
2.82
2.695
2.785
2.801
2.772
2.778
3.053
2.682
2.9610000000000003
2.815
2.86
2.772
2.934
2.822
2.652
2.9160000000000004
2.615
2.929
2.891
2.54
2.902
2.87
2.056
2.713
2.347
2.85
2.629
2.636
2.605
2.927
2.81
2.591
2.619
2.655
2.803
2.704
3.537
2.845
2.797
2.849
2.81
2.579
2.744
2.651
2.609
2.719
2.893
2.608
2.895
2.998
2.694
2.764
2.809
3.379
2.662
2.878
2.72
2.837
2.763
2.855
2.94
2.945
2.689
2.954
2.675
2.682
2.616
2.866
2.787
2.809
2.679
2.679
2.698
2.7110000000000003
2.778
2.564
2.64
2.784
2.614
2.854
2.311
2.64
2.853
2.549
2.78
2.794
2.712
2.9760000000000004
2.817
2.894
2.85
2.7260000000000004
2.889
2.7260000000000004
2.77
3.212
2.625
2.825
3.261
3.075
2.813
2.536
2.647
3.317
2.8080000000000003
3.019
2.869
2.88
2.694
2.607
2.67
2.77
2.908
2.535
2.8710000000000004
2.707
2.948
2.833
3.069
2.689
2.854
2.632
2.681
2.7880000000000003
2.694
2.7960000000000003
2.7230000000000003
2.76
2.802
2.935
2.893
2.5610000000000004
2.895
2.7710000000000004
2.532
2.424
2.774
2.805
2.951
2.8280000000000003
2.673
2.768
2.909
2.239
2.8560000000000003
2.861
3.51
2.79
2.752
2.853
2.887
2.732
2.745
2.756
2.5780000000000003
2.842
2.477
2.842
