3.201
2.612
2.9130000000000003
2.717
2.902
2.9210000000000003
2.599
2.092
2.842
2.849
2.623
2.724
2.855
2.8360000000000003
2.9360000000000004
2.774
2.807
2.657
2.736
2.436
2.62
2.487
2.697
2.774
2.774
2.863
2.688
2.776
2.712
2.732
2.505
2.785
2.8360000000000003
2.634
2.689
2.795
2.636
2.6210000000000004
2.829
2.872
2.523
2.658
2.7510000000000003
2.6710000000000003
3.4210000000000003
2.699
2.85
3.01
3.354
2.8710000000000004
2.858
2.708
2.864
2.73
2.741
2.8760000000000003
2.817
2.612
2.692
3.008
3.398
2.9210000000000003
2.79
2.926
3.217
3.369
2.776
2.968
3.432
2.849
2.639
2.6910000000000003
3.117
2.529
2.883
2.603
2.929
2.979
2.8110000000000004
2.869
2.76
2.929
2.486
2.972
2.484
2.785
2.773
2.349
2.892
2.655
3.028
3.027
2.652
2.834
2.849
2.899
2.658
2.787
2.722
2.931
2.78
2.9
2.8560000000000003
2.748
2.783
2.88
2.805
2.857
2.813
2.829
2.673
3.102
2.845
2.673
2.825
2.584
2.765
2.84
2.693
2.862
3.233
2.6660000000000004
2.518
2.73
2.697
2.801
2.719
2.799
2.635
2.997
2.675
2.753
2.733
2.636
2.865
2.696
2.692
2.78
2.705
2.655
3.032
2.766
2.659
2.899
2.935
2.885
2.777
2.719
2.7910000000000004
2.763
2.7430000000000003
2.878
2.62
2.689
2.592
2.838
2.714
2.775
2.802
2.741
3.028
2.934
2.841
2.877
2.869
2.887
2.563
2.779
2.894
2.57
2.768
2.688
2.909
2.878
3.444
2.694
2.648
2.642
2.9360000000000004
2.5810000000000004
2.659
2.84
2.748
2.951
2.86
2.605
2.802
2.669
2.7960000000000003
2.7960000000000003
2.724
2.862
2.786
2.815
2.724
2.812
2.763
2.752
2.644
2.619
2.681
2.86
3.262
2.9
2.7910000000000004
2.669
2.8480000000000003
2.85
2.766
2.818
2.989
2.942
2.599
2.872
2.697
2.61
2.882
2.833
2.931
2.787
2.769
2.589
2.783
2.7260000000000004
2.795
2.524
2.704
2.984
2.807
2.865
2.802
2.98
2.744
3.028
2.741
2.863
2.835
2.8680000000000003
2.93
2.709
2.814
2.62
2.622
2.885
2.854
2.99
2.53
2.912
2.651
2.923
2.763
3.5810000000000004
2.757
2.734
2.939
2.757
2.9160000000000004
2.727
2.797
2.753
2.694
2.924
2.665
2.906
2.69
2.77
2.9360000000000004
2.736
2.988
2.964
2.948
2.991
3.398
3.193
2.843
2.467
3.043
2.772
2.594
2.912
3.05
2.874
2.728
3.03
2.587
2.747
2.67
2.689
2.985
2.768
2.592
2.651
3.5010000000000003
2.843
2.637
2.812
3.4960000000000004
2.954
2.784
2.784
2.866
2.762
2.599
2.728
2.853
2.878
2.832
2.779
2.858
2.662
2.8110000000000004
2.798
2.859
2.9330000000000003
3.005
2.907
2.813
2.732
2.6460000000000004
2.989
2.749
2.9360000000000004
2.841
2.496
2.609
2.906
2.872
2.695
2.8080000000000003
2.782
2.784
2.6210000000000004
2.8280000000000003
3.13
2.523
2.526
2.785
2.6460000000000004
2.841
2.903
2.736
2.693
2.528
2.782
2.738
2.837
2.612
3.039
2.585
2.747
2.645
2.614
2.883
2.768
2.584
2.9360000000000004
2.798
2.769
2.465
2.785
2.769
2.665
2.64
2.881
2.962
2.95
2.467
2.6630000000000003
2.675
2.841
2.793
2.7310000000000003
2.8680000000000003
2.911
2.607
2.648
2.714
2.798
2.881
2.891
2.793
2.773
2.7030000000000003
2.925
3.0580000000000003
2.819
2.986
2.692
2.6860000000000004
2.688
2.85
2.718
2.875
2.7960000000000003
2.782
2.654
2.779
3.068
2.735
2.394
2.655
2.67
2.762
2.854
2.882
2.593
2.693
3.654
2.657
2.912
2.765
2.807
2.521
2.855
2.873
2.904
2.9930000000000003
2.908
2.829
2.522
2.6830000000000003
2.837
2.854
2.885
2.766
2.8110000000000004
2.891
2.846
3.022
2.651
2.753
2.627
2.805
2.62
2.943
2.72
2.864
2.49
3.543
2.787
2.77
2.7460000000000004
2.99
2.82
2.815
2.88
2.464
3.045
2.777
2.779
2.881
2.783
2.7030000000000003
2.492
2.785
2.53
2.8310000000000004
2.762
2.7910000000000004
2.556
2.878
2.985
