3.012
2.863
2.7510000000000003
2.8
2.994
3.0780000000000003
2.949
2.767
3.072
2.776
2.91
2.898
2.85
2.812
3.04
2.8760000000000003
2.966
2.7710000000000004
3.03
3.11
3.0660000000000003
2.793
2.844
2.964
3.062
2.579
2.78
2.98
3.172
2.901
3.039
2.783
2.769
2.979
2.8480000000000003
3.157
2.997
2.672
2.7960000000000003
2.884
3.007
3.004
3.043
3.0
3.035
3.023
2.934
2.749
3.059
2.932
2.987
3.0
2.938
3.142
2.662
2.972
2.862
3.177
3.19
2.575
2.805
2.974
2.885
2.736
2.965
2.797
2.736
2.903
3.164
3.143
2.8680000000000003
2.859
3.151
3.175
3.029
3.057
3.085
3.044
3.048
3.102
2.758
2.8960000000000004
3.099
2.89
2.932
2.778
2.979
2.948
3.004
2.9410000000000003
2.929
2.822
2.884
2.821
3.018
2.919
3.1260000000000003
3.025
2.967
2.8110000000000004
2.785
2.818
2.6910000000000003
2.929
3.091
2.4530000000000003
2.965
3.073
2.85
2.844
2.841
3.03
3.192
2.914
2.779
2.857
3.162
2.8
2.997
2.9760000000000004
2.969
2.9930000000000003
2.914
2.857
2.692
2.869
3.026
2.862
2.9730000000000003
3.077
2.888
3.093
2.795
2.838
2.687
2.807
3.062
2.797
2.904
3.36
2.975
2.846
2.843
2.84
2.707
2.685
2.904
2.951
2.83
3.03
3.068
2.88
2.858
2.875
3.07
2.943
2.818
3.087
2.853
2.927
2.988
3.048
3.052
2.805
2.833
3.082
2.967
3.1010000000000004
2.877
3.102
2.786
3.01
2.934
3.014
2.914
2.889
2.869
2.984
3.015
2.494
3.185
2.957
2.928
3.036
3.14
3.033
2.9610000000000003
2.877
3.045
2.93
3.0380000000000003
2.9760000000000004
3.092
3.1060000000000003
2.855
2.873
2.966
2.9610000000000003
2.988
2.835
2.879
3.408
2.969
2.958
3.253
2.944
3.003
3.0460000000000003
2.9560000000000004
3.025
3.013
3.024
2.955
3.1
3.051
3.031
2.898
2.939
2.971
3.071
2.901
2.97
2.881
3.028
2.995
3.31
3.054
2.774
3.077
3.033
3.048
2.763
2.899
2.77
3.044
3.039
3.087
2.971
3.112
2.763
2.9930000000000003
3.079
2.814
2.798
2.564
3.082
2.869
2.674
2.9610000000000003
2.948
3.064
3.06
2.82
2.761
2.988
3.039
3.011
2.72
2.987
2.8
2.7710000000000004
2.863
2.852
2.8
2.832
2.888
2.874
2.854
3.056
2.577
2.957
3.178
2.954
2.937
2.866
3.087
3.202
2.548
2.966
3.036
3.238
3.085
2.889
3.114
3.124
2.927
2.819
2.952
2.881
2.8480000000000003
2.923
2.7910000000000004
2.879
2.846
2.9330000000000003
2.708
2.924
3.1
2.958
2.826
3.074
3.009
2.992
2.901
2.9410000000000003
3.013
2.861
2.75
2.889
3.05
2.928
2.944
3.0610000000000004
2.872
2.721
2.958
2.794
3.005
3.056
3.032
3.164
3.031
3.23
2.7
3.017
3.062
2.78
2.92
3.0780000000000003
2.764
2.869
2.919
2.862
2.9160000000000004
2.9210000000000003
3.132
3.465
2.931
2.648
3.059
2.858
3.0860000000000003
2.9
3.007
3.032
2.9330000000000003
2.79
2.8510000000000004
2.925
2.669
3.0580000000000003
2.9
2.8080000000000003
2.917
2.999
3.11
3.012
2.81
2.8510000000000004
2.752
2.872
2.842
2.9210000000000003
3.173
2.888
3.161
3.01
2.803
3.0
2.854
2.935
3.261
2.841
3.014
3.006
2.764
3.032
2.714
3.053
2.96
3.125
3.129
3.181
3.0460000000000003
3.031
3.0410000000000004
2.869
2.779
2.894
2.849
3.04
2.975
2.969
3.092
3.214
3.074
3.065
3.105
3.055
2.932
2.883
2.9
2.907
2.708
2.863
2.785
3.225
3.016
2.972
3.1
2.983
2.977
2.992
2.971
2.882
2.994
3.024
3.108
3.0610000000000004
2.717
3.068
3.429
3.094
2.665
2.985
2.862
2.99
3.089
2.899
2.967
3.22
3.015
2.874
3.065
3.022
3.17
2.801
3.488
2.866
2.83
3.103
2.944
3.145
3.1630000000000003
2.78
2.86
2.84
2.834
2.778
3.08
2.951
2.824
2.969
2.928
2.995
2.89
2.79
3.059
3.043
2.998
3.134
3.319
3.141
2.888
2.793
3.01
3.097
3.039
3.138
3.062
2.853
2.992
2.983
3.014
3.1260000000000003
2.812
3.047
3.063
2.988
2.72
3.015
3.03
3.057
3.172
3.238
3.0460000000000003
2.857
2.878
2.763
2.939
2.759
2.869
2.886
2.847
3.108
3.255
2.853
3.014
3.105
2.985
3.112
2.997
2.943
2.974
2.995
2.817
2.8760000000000003
2.982
2.8110000000000004
2.9960000000000004
2.857
2.818
2.89
2.8710000000000004
2.753
3.013
2.972
2.85
3.0860000000000003
3.034
2.862
3.305
2.699
2.729
2.843
2.9610000000000003
3.249
2.869
2.911
2.677
2.56
2.873
2.737
2.938
3.054
2.819
3.088
2.935
2.834
3.274
3.06
2.787
2.802
3.208
2.986
3.195
3.044
2.904
3.301
2.798
2.947
3.095
2.9810000000000003
3.1010000000000004
2.963
2.677
2.722
3.014
3.136
2.9810000000000003
2.938
2.96
3.103
2.9530000000000003
2.895
2.849
2.818
3.104
3.201
2.858
2.793
2.602
2.891
3.152
2.8760000000000003
2.782
2.907
2.9130000000000003
2.925
2.71
3.076
2.738
3.094
2.966
2.84
2.802
3.006
3.138
3.107
2.9560000000000004
2.951
2.881
2.8310000000000004
3.139
2.844
2.853
2.984
3.135
2.895
2.923
3.41
2.882
2.783
2.83
2.862
2.975
2.887
3.002
2.923
2.823
2.68
2.915
3.108
2.91
2.681
3.228
2.812
3.011
2.995
2.775
2.948
3.434
3.035
2.966
3.136
2.963
2.861
2.8280000000000003
2.697
2.839
2.872
2.799
2.965
2.818
3.025
2.869
2.676
2.966
3.083
2.929
3.027
3.181
2.965
2.95
2.885
2.78
2.92
3.006
3.025
2.951
2.883
2.892
3.124
2.945
2.955
2.814
3.0380000000000003
3.095
2.915
2.877
2.783
2.918
2.827
2.914
3.097
2.918
2.906
2.962
3.214
2.845
2.745
2.9360000000000004
3.0210000000000004
3.225
2.863
2.6910000000000003
2.984
2.903
2.994
3.0460000000000003
3.0580000000000003
2.971
2.89
3.0
2.773
3.048
2.974
2.966
2.893
2.99
2.88
2.822
2.718
2.789
3.003
2.728
2.716
2.925
3.188
2.93
2.898
3.1180000000000003
2.965
3.067
2.957
2.8710000000000004
3.096
2.786
2.886
2.807
2.789
2.912
2.806
2.865
2.9810000000000003
2.839
2.991
2.948
2.815
2.834
3.504
2.779
2.958
3.0660000000000003
3.031
3.047
3.016
2.75
3.258
2.908
2.951
2.895
2.975
3.005
2.975
2.9
2.752
2.763
2.9
2.86
2.7110000000000003
2.982
3.2230000000000003
3.131
3.161
3.064
3.185
2.9330000000000003
2.881
2.944
2.923
3.08
2.959
2.975
3.085
2.945
3.0
3.212
2.782
3.04
3.341
2.766
3.0810000000000004
2.872
2.982
2.845
2.988
2.881
2.837
2.649
2.773
2.817
2.708
2.845
2.927
2.891
3.0
2.9210000000000003
3.044
2.852
2.327
3.054
2.895
3.087
2.997
3.107
3.2910000000000004
2.971
2.918
2.659
2.8510000000000004
2.988
2.608
2.9330000000000003
2.807
2.987
2.9730000000000003
2.9160000000000004
2.946
3.335
3.224
2.897
2.903
3.144
3.023
3.073
2.78
2.884
3.0210000000000004
2.887
3.138
2.881
2.777
2.969
2.931
2.415
3.145
2.997
2.784
2.888
2.9410000000000003
3.008
2.937
2.846
2.904
3.074
3.065
3.353
2.813
2.922
2.985
2.971
2.729
3.089
2.906
2.763
2.915
2.948
2.738
2.959
2.922
3.17
3.0810000000000004
3.037
2.924
2.847
3.018
2.872
2.949
2.656
2.903
3.037
2.821
2.834
3.128
2.999
2.8960000000000004
3.103
2.9530000000000003
2.959
2.865
2.458
2.899
3.068
3.007
2.8280000000000003
2.93
2.88
3.263
3.244
2.96
2.873
3.069
2.755
2.989
2.904
3.076
2.882
3.035
2.992
3.0780000000000003
2.98
2.9330000000000003
3.008
3.1860000000000004
2.593
3.08
2.736
2.94
2.8080000000000003
3.125
2.986
3.053
3.3160000000000003
3.227
3.073
2.799
2.983
2.918
2.748
2.855
3.0980000000000003
2.861
3.389
3.048
3.02
3.045
2.914
2.9810000000000003
2.938
3.129
2.9730000000000003
3.014
3.11
3.2
3.048
3.044
3.071
3.059
2.935
3.051
3.266
2.684
2.867
2.763
2.889
2.875
2.729
2.915
2.883
3.136
2.962
3.071
2.987
3.083
3.109
3.055
2.951
3.105
3.1180000000000003
3.099
3.158
2.662
2.853
2.777
3.075
3.289
2.954
2.934
3.131
3.01
2.754
2.697
2.978
2.9160000000000004
2.8510000000000004
2.917
3.157
2.783
3.067
3.035
2.982
3.241
3.169
2.838
2.772
2.884
2.951
3.087
2.8560000000000003
2.867
2.805
2.8110000000000004
2.954
2.9330000000000003
2.954
2.935
2.8
2.978
2.86
3.129
2.784
2.971
2.85
2.985
2.906
2.9810000000000003
3.026
3.036
2.814
3.091
2.991
3.117
3.1860000000000004
2.776
3.258
2.737
2.832
3.158
3.016
2.825
3.048
2.934
2.8960000000000004
2.748
3.0860000000000003
3.031
2.881
2.988
3.048
2.926
2.676
2.74
3.027
2.91
3.037
2.931
2.852
2.893
3.0380000000000003
2.77
2.959
3.212
3.189
2.813
2.9
2.858
2.998
3.094
3.025
3.0860000000000003
3.1660000000000004
3.004
2.989
2.997
2.819
2.86
2.864
2.99
2.978
2.767
2.989
2.864
3.005
2.741
3.1210000000000004
2.999
2.965
2.898
3.092
2.885
3.26
3.034
3.222
3.054
3.117
2.96
3.103
2.812
2.983
2.911
2.9130000000000003
3.08
3.0610000000000004
2.99
2.867
2.87
3.068
2.69
2.787
3.039
2.887
2.822
2.968
2.978
3.273
2.935
2.9530000000000003
3.018
2.8080000000000003
3.06
2.998
2.614
2.942
3.002
2.748
2.96
2.738
2.719
2.948
3.054
2.757
2.98
3.129
3.0580000000000003
3.028
2.928
2.885
3.153
2.994
2.882
3.019
2.944
2.817
3.233
2.824
3.076
2.978
2.8480000000000003
2.782
3.0010000000000003
3.077
2.838
2.955
2.965
3.0660000000000003
2.879
2.927
2.938
2.909
3.162
2.99
3.153
2.97
2.991
2.8760000000000003
2.725
2.905
2.964
3.0860000000000003
2.997
3.054
3.077
3.027
3.01
3.004
3.148
3.1460000000000004
2.939
2.9560000000000004
3.045
3.24
3.145
3.015
2.855
2.757
3.201
3.131
2.855
3.035
3.002
3.16
2.984
3.0460000000000003
2.99
2.903
3.117
2.7960000000000003
3.013
2.878
2.824
2.975
3.1180000000000003
2.594
2.901
3.056
2.9560000000000004
3.037
2.934
3.043
2.883
2.734
2.899
2.942
3.083
3.115
3.13
3.064
2.86
2.829
2.904
2.889
2.925
2.733
2.908
2.884
2.56
2.9
2.77
3.05
2.886
3.149
3.031
3.064
3.015
2.9410000000000003
2.873
2.777
3.0460000000000003
2.77
2.739
2.958
2.9810000000000003
2.994
3.044
3.065
3.031
2.915
3.051
3.112
2.854
2.983
2.822
2.6910000000000003
2.894
2.9410000000000003
3.01
2.9210000000000003
3.0010000000000003
3.151
2.77
2.887
2.9330000000000003
3.007
2.772
3.153
2.958
2.967
2.997
2.98
3.017
2.885
3.059
3.319
2.9360000000000004
2.853
2.9160000000000004
3.0780000000000003
3.059
3.235
2.975
2.859
2.971
2.724
2.995
2.963
2.714
3.108
2.716
2.995
3.063
2.888
2.864
2.894
2.99
2.812
2.932
3.084
2.846
3.008
2.829
2.802
3.262
2.937
2.907
2.994
2.959
3.076
3.024
3.022
2.591
2.515
2.9960000000000004
3.005
2.852
2.984
2.97
2.809
2.934
3.0810000000000004
2.928
2.9730000000000003
2.9360000000000004
2.9330000000000003
2.733
3.169
3.132
2.926
3.0660000000000003
2.73
3.022
2.8480000000000003
2.998
2.842
2.882
2.822
3.02
3.08
3.06
3.202
3.085
3.009
2.8480000000000003
2.909
2.905
2.9160000000000004
3.449
3.155
3.0
2.923
2.934
2.947
2.944
2.972
3.141
3.11
3.147
2.935
3.095
3.0980000000000003
3.034
3.02
2.8480000000000003
2.768
3.037
3.132
3.034
2.99
2.998
3.0
2.945
2.923
2.784
2.972
3.11
2.939
2.971
2.766
2.708
3.019
2.786
2.72
2.888
3.019
2.968
2.915
3.176
3.09
3.049
3.0460000000000003
3.015
2.857
2.927
3.015
2.96
2.9960000000000004
2.995
2.821
3.073
2.78
2.924
2.929
3.132
2.855
3.024
2.986
2.947
2.573
3.083
2.879
3.184
2.875
3.059
2.968
3.032
2.946
3.232
3.1710000000000003
2.886
3.232
2.974
3.013
2.854
3.157
3.04
2.9360000000000004
3.247
3.065
2.9960000000000004
3.3
2.971
2.855
2.945
2.861
3.2110000000000003
2.8510000000000004
2.978
2.8510000000000004
2.96
2.8710000000000004
2.8110000000000004
2.702
2.716
2.914
3.0660000000000003
2.907
2.93
2.7910000000000004
2.934
2.888
2.85
2.886
3.26
2.758
3.044
3.026
3.189
3.139
2.879
3.008
2.9360000000000004
2.947
2.923
2.972
2.98
2.932
2.789
2.92
3.113
3.113
3.0980000000000003
2.995
2.964
3.289
3.039
3.093
2.718
3.089
2.702
3.342
2.803
2.979
2.78
3.31
2.853
2.839
2.8510000000000004
3.141
2.807
2.912
2.914
2.7910000000000004
2.727
3.036
2.963
2.847
2.821
3.363
3.006
3.08
2.778
2.934
3.207
3.411
2.991
3.054
2.7910000000000004
2.822
2.804
2.893
2.967
2.8760000000000003
2.901
2.975
2.92
3.091
3.16
2.798
2.9360000000000004
3.099
3.018
2.939
2.911
2.696
2.843
2.97
2.908
3.0610000000000004
2.702
2.957
3.037
3.065
2.8480000000000003
3.133
2.793
2.769
3.443
3.033
3.095
3.263
2.904
3.026
3.007
2.888
3.054
2.785
2.894
2.8960000000000004
2.9130000000000003
3.2510000000000003
2.867
2.7710000000000004
3.009
2.938
2.965
2.857
2.898
2.775
2.966
2.95
2.8960000000000004
2.949
3.026
2.732
3.0860000000000003
3.044
2.845
2.547
2.92
3.039
3.0410000000000004
2.72
3.079
3.295
2.943
2.962
3.083
2.991
2.767
2.9730000000000003
2.762
2.8680000000000003
2.935
3.128
3.042
3.011
2.825
2.778
2.777
2.991
2.865
2.789
2.912
2.8
3.007
3.267
2.678
2.914
2.9410000000000003
3.0410000000000004
2.9530000000000003
3.0380000000000003
2.917
3.141
2.713
2.968
2.944
3.045
2.881
3.024
3.043
2.873
3.015
2.778
3.279
2.951
2.9810000000000003
2.94
3.096
2.93
2.784
2.311
2.917
2.91
3.321
3.0460000000000003
2.983
2.929
2.995
3.008
2.909
3.104
3.207
2.879
3.182
2.8080000000000003
2.604
3.165
3.185
2.947
2.786
2.897
2.952
2.979
2.988
3.073
2.939
2.926
2.893
2.938
2.968
2.94
2.744
2.797
3.008
2.937
2.812
2.863
2.74
3.022
2.982
2.873
2.865
2.8710000000000004
2.9530000000000003
2.906
2.76
2.7710000000000004
2.841
2.931
3.147
2.975
3.177
2.9360000000000004
2.9410000000000003
3.04
2.971
3.141
2.9330000000000003
2.965
2.971
2.991
2.806
2.964
3.004
3.1060000000000003
2.8960000000000004
2.888
2.922
2.567
3.002
3.026
3.069
2.812
2.867
2.847
3.037
3.138
3.117
2.782
2.919
2.799
2.881
2.895
2.673
2.855
2.844
2.872
2.8080000000000003
2.911
3.1
2.741
2.878
2.959
2.946
3.4210000000000003
2.978
3.065
3.148
2.935
2.983
2.9130000000000003
3.217
3.109
2.919
2.739
3.124
2.725
2.783
3.256
3.056
2.9930000000000003
3.18
3.075
3.207
2.855
2.862
2.9360000000000004
3.034
2.947
3.015
3.132
2.842
3.059
2.8280000000000003
2.632
3.074
2.919
2.555
2.962
2.635
2.974
2.821
2.725
2.861
2.967
2.767
2.867
3.065
2.854
2.878
2.99
3.318
2.9210000000000003
2.949
3.085
2.928
2.745
2.94
2.818
2.922
2.968
2.985
2.708
3.089
3.241
2.737
2.894
3.004
3.216
2.919
3.1260000000000003
3.0410000000000004
2.995
2.947
2.899
2.952
2.955
2.839
2.947
2.937
2.944
2.9
3.187
2.892
2.75
2.838
2.7310000000000003
2.809
2.829
2.753
2.937
2.892
3.053
2.6910000000000003
2.854
2.965
2.873
3.112
2.835
2.857
2.92
2.946
3.022
2.91
2.926
3.095
2.674
3.014
2.966
2.84
3.074
2.78
2.963
3.07
3.15
2.928
2.84
2.906
3.266
2.9960000000000004
3.217
3.189
3.015
2.891
2.984
2.886
3.147
2.991
2.806
2.932
3.09
2.977
2.817
3.136
2.886
3.161
2.991
2.954
3.004
2.924
2.855
2.967
2.697
3.064
3.051
2.9960000000000004
2.906
3.03
3.082
2.5610000000000004
2.717
2.837
3.028
2.983
2.964
2.9
3.008
3.0380000000000003
2.124
3.143
2.997
3.49
3.127
2.815
3.043
2.972
3.117
2.847
2.912
2.813
3.024
2.708
3.014
