3.053
2.785
2.889
2.862
3.123
3.197
2.8710000000000004
2.407
2.645
2.9130000000000003
2.9960000000000004
3.0
2.932
3.003
3.155
2.939
2.904
3.124
2.8960000000000004
2.781
2.989
2.682
2.759
2.904
3.102
2.9930000000000003
2.862
2.875
3.085
3.21
2.819
2.819
2.884
2.772
3.004
2.955
2.962
2.7710000000000004
3.0
3.1180000000000003
3.013
2.833
2.745
2.979
3.215
2.967
3.089
3.008
3.085
3.063
3.04
3.062
2.88
3.188
2.949
2.987
2.903
2.837
2.989
3.014
2.9160000000000004
3.094
3.059
2.9160000000000004
3.2460000000000004
3.188
2.8710000000000004
3.002
3.304
2.826
2.901
2.971
3.109
2.835
2.889
3.01
3.155
2.947
2.995
3.03
3.096
2.934
2.652
3.18
2.806
2.926
2.908
2.857
2.812
2.789
3.169
3.165
2.562
3.065
3.017
3.002
2.922
3.002
2.985
3.255
2.793
2.927
2.969
2.882
2.8360000000000003
2.949
2.958
2.899
2.798
2.9560000000000004
3.155
2.9730000000000003
3.027
2.8360000000000003
3.052
2.924
2.849
3.125
2.873
3.1
3.275
2.781
2.846
2.676
2.815
2.772
2.818
2.968
2.781
3.175
2.937
2.88
2.952
2.8110000000000004
3.136
3.011
2.903
3.07
2.801
2.892
2.95
2.997
3.022
2.738
3.154
2.906
3.069
2.884
2.947
2.794
2.805
3.184
2.839
3.136
2.89
2.874
3.122
3.013
3.095
2.937
3.014
3.047
3.227
3.164
3.018
3.261
2.821
2.994
2.926
2.813
2.825
2.887
3.11
3.047
3.405
3.015
2.804
2.897
2.979
2.854
2.819
2.944
2.965
3.128
3.0
2.9360000000000004
2.759
2.938
2.93
2.94
2.668
2.823
2.9960000000000004
2.824
3.027
2.792
2.99
3.008
2.841
2.857
2.948
2.938
3.426
2.964
2.947
3.06
2.9560000000000004
3.032
2.714
2.922
3.225
3.145
2.8280000000000003
2.9410000000000003
2.8680000000000003
2.692
3.009
2.862
2.818
2.772
2.959
2.919
3.074
3.165
2.9730000000000003
2.887
2.918
3.03
3.005
3.023
3.0860000000000003
2.978
2.9810000000000003
3.201
2.769
2.994
3.013
3.0380000000000003
2.89
2.907
2.958
2.6630000000000003
2.764
3.02
2.786
3.042
2.964
3.049
2.95
3.1010000000000004
2.975
3.662
2.9
3.089
2.793
2.938
2.96
2.735
3.1180000000000003
2.885
2.969
2.9560000000000004
2.9730000000000003
2.742
2.942
3.0780000000000003
3.094
2.9210000000000003
3.034
3.117
3.055
3.029
3.4
3.0580000000000003
3.16
3.013
3.096
2.9210000000000003
2.874
3.0210000000000004
3.149
2.899
2.766
3.016
2.964
2.847
2.971
2.951
3.2030000000000003
2.783
3.09
3.075
3.57
2.934
3.004
2.842
3.219
3.134
2.954
2.895
2.895
2.817
2.842
2.8080000000000003
3.184
3.027
2.964
3.173
3.042
2.717
2.978
2.937
3.122
3.077
3.0980000000000003
3.018
2.982
3.068
2.778
3.253
2.877
3.032
3.051
2.8360000000000003
2.688
3.068
3.255
2.804
2.897
3.024
2.846
2.634
2.8510000000000004
3.147
2.803
2.762
3.0580000000000003
2.8710000000000004
3.0210000000000004
3.209
2.857
2.906
2.365
3.0380000000000003
2.912
2.7880000000000003
2.852
3.075
2.867
3.047
2.94
2.998
3.148
3.0410000000000004
2.787
2.969
2.846
2.9960000000000004
2.69
3.281
2.752
2.776
2.861
2.963
2.94
3.26
2.728
2.992
2.904
3.075
2.877
2.888
3.1260000000000003
3.138
2.9530000000000003
3.047
2.891
2.859
3.142
2.8280000000000003
3.007
2.908
2.9
2.954
2.984
3.053
3.114
2.786
2.843
2.886
3.073
2.68
3.261
2.9160000000000004
2.9530000000000003
2.9160000000000004
3.088
2.95
2.884
2.853
2.945
2.988
3.045
2.948
3.0580000000000003
2.985
2.93
3.345
2.624
3.23
2.695
2.867
2.8310000000000004
3.115
2.918
2.971
3.1860000000000004
2.971
2.909
2.628
2.865
2.929
2.795
2.924
2.93
2.922
2.9560000000000004
3.079
3.044
2.817
3.036
2.7030000000000003
3.014
2.665
2.994
2.874
3.104
2.857
3.315
2.963
2.943
3.178
3.031
2.86
2.917
3.067
2.744
3.23
2.967
2.889
2.978
2.833
2.764
2.7230000000000003
2.844
2.9810000000000003
2.806
2.87
3.0810000000000004
2.8680000000000003
2.784
2.943
