3.0660000000000003
3.535
3.0780000000000003
3.769
3.451
3.432
3.265
3.511
3.303
3.522
3.17
3.403
3.4730000000000003
4.016
3.383
3.187
3.517
3.205
3.269
3.4210000000000003
3.27
3.498
3.809
3.66
3.947
3.273
3.3110000000000004
3.325
3.875
3.354
3.4330000000000003
3.1460000000000004
3.401
3.818
3.442
3.67
3.417
3.455
3.337
2.66
3.337
3.909
3.733
3.792
3.545
4.013
3.329
3.133
3.483
3.678
3.2510000000000003
3.06
3.853
3.804
3.3160000000000003
3.612
3.139
4.0280000000000005
3.508
3.064
3.556
3.631
3.28
3.595
3.615
3.486
3.725
3.653
3.743
3.53
3.5410000000000004
2.819
3.389
3.474
3.93
3.513
3.736
3.27
3.708
3.25
2.885
2.694
3.883
3.1180000000000003
3.82
3.302
3.083
3.517
3.537
4.291
3.504
3.812
3.594
3.666
3.0460000000000003
3.499
3.457
3.575
3.468
3.921
4.302
3.918
3.439
3.46
3.2
2.7260000000000004
3.524
3.359
3.498
3.198
3.237
3.799
3.1860000000000004
3.62
2.54
3.342
3.325
3.499
4.061
3.826
3.488
2.6910000000000003
3.962
3.228
3.835
3.355
3.66
3.262
3.247
3.5780000000000003
3.844
3.346
3.808
3.498
3.494
3.154
3.478
3.5
3.779
3.687
3.138
3.42
3.287
2.987
3.692
2.75
3.373
3.374
2.877
3.615
3.926
4.131
3.559
2.903
3.374
3.531
3.221
3.668
3.872
3.224
3.449
3.878
3.685
3.664
3.709
3.608
4.027
3.843
3.48
3.242
3.613
3.434
3.596
3.722
3.4560000000000004
3.48
3.589
3.415
3.284
2.655
3.205
3.423
3.704
3.994
3.768
3.293
3.689
3.23
3.674
3.462
3.504
3.826
3.5380000000000003
3.727
3.686
3.339
3.696
3.813
3.323
2.939
3.321
3.4960000000000004
3.656
3.873
3.675
3.196
3.472
3.323
3.318
3.652
3.466
4.063
3.627
3.48
3.3160000000000003
3.385
3.393
3.716
3.28
3.667
3.385
3.745
4.103
3.161
3.694
4.138
3.663
3.613
3.766
3.402
3.4930000000000003
2.633
3.789
3.589
3.205
3.111
3.409
3.373
3.65
3.619
3.816
3.4
3.057
3.384
3.884
3.617
3.219
3.194
3.474
2.9360000000000004
3.755
3.2060000000000004
3.43
3.713
3.4730000000000003
3.1830000000000003
3.623
3.071
3.522
2.793
3.529
3.175
3.663
3.212
3.314
3.467
3.202
3.052
3.624
3.258
3.612
3.826
3.443
2.966
3.407
3.266
4.498
3.197
3.471
2.814
4.165
3.901
3.653
3.849
3.576
3.327
3.105
3.613
3.424
3.71
3.293
3.2230000000000003
3.676
3.591
3.477
3.375
3.553
3.242
3.02
3.168
3.129
3.736
3.571
3.782
3.494
3.434
3.365
3.4210000000000003
3.707
3.431
3.408
3.613
3.193
3.945
3.337
3.451
3.77
3.628
3.777
3.699
3.255
4.316
3.234
3.3710000000000004
3.682
3.511
3.689
3.829
3.064
3.329
3.06
3.916
3.5460000000000003
3.492
3.5410000000000004
3.468
3.542
3.611
3.549
3.809
3.161
3.25
3.5810000000000004
3.2260000000000004
3.926
3.878
2.909
3.678
2.872
3.167
3.785
3.634
3.275
2.9560000000000004
3.624
3.609
4.314
3.691
3.774
3.484
3.52
3.432
3.343
3.519
3.844
3.88
3.379
3.418
3.909
3.486
3.74
3.299
3.214
3.407
3.816
3.69
3.137
3.392
3.5
3.547
3.87
3.108
3.051
3.704
3.447
3.619
3.729
3.463
3.297
3.755
3.408
3.771
3.322
3.5410000000000004
3.498
3.5810000000000004
3.676
3.2460000000000004
3.843
3.773
3.149
3.526
3.685
3.1180000000000003
3.83
3.568
3.48
3.801
3.635
3.13
3.204
4.0310000000000015
3.506
3.714
3.339
3.187
3.669
3.235
4.239
3.495
3.455
3.571
3.399
3.182
4.48
3.893
3.819
4.062
3.565
3.458
3.403
3.3680000000000003
3.039
3.987
3.599
3.768
3.215
4.27
3.449
3.262
3.312
3.282
3.337
3.634
3.165
3.74
3.372
3.306
3.1660000000000004
3.641
3.262
3.339
3.339
3.568
3.568
3.097
3.375
3.063
3.034
3.687
3.38
3.792
3.319
3.4760000000000004
3.794
3.472
3.64
3.3360000000000003
3.57
3.554
3.423
3.254
3.381
3.791
3.465
3.55
3.513
3.584
3.795
3.764
3.1260000000000003
3.333
3.762
3.617
3.915
3.86
3.995
3.2880000000000003
3.619
3.709
3.818
3.241
3.5
2.824
3.478
3.697
3.116
3.448
3.387
3.446
3.528
3.341
3.122
3.284
3.349
3.036
3.818
3.76
3.44
3.321
3.595
3.443
3.585
3.334
3.2110000000000003
3.33
2.905
3.58
3.1830000000000003
3.326
3.279
4.217
2.94
3.46
3.825
3.625
3.49
3.435
3.387
3.704
2.947
3.315
3.483
3.194
3.614
3.279
3.425
3.485
3.816
3.459
3.716
3.319
3.536
3.639
3.983
3.548
3.687
3.447
3.201
3.662
3.44
2.992
3.218
3.485
3.672
3.831
3.467
3.378
3.602
3.757
3.208
3.651
3.358
3.181
3.365
3.515
3.583
3.725
4.051
3.327
3.63
3.104
3.3160000000000003
3.847
3.448
3.339
3.479
3.156
3.032
3.475
3.891
3.5210000000000004
3.627
3.489
3.258
3.624
3.122
3.655
3.674
3.66
3.138
3.236
3.084
3.017
3.273
3.282
3.58
3.2310000000000003
3.857
3.397
3.633
3.22
3.304
3.27
3.319
3.707
3.4130000000000003
4.012
3.397
3.382
3.008
3.594
3.733
3.362
3.178
3.623
3.3160000000000003
3.467
3.648
3.38
3.673
3.486
3.306
3.73
3.468
3.542
2.962
3.713
3.285
3.399
3.489
3.671
3.346
3.832
3.304
3.154
3.364
3.631
3.605
4.203
3.475
2.91
3.859
4.008
3.43
4.091
3.549
3.136
3.697
3.556
3.045
3.868
3.302
3.736
3.672
3.156
3.237
3.36
3.298
3.16
3.3110000000000004
3.63
3.298
3.125
3.552
3.239
3.445
3.339
4.374
3.397
3.295
3.669
3.859
3.135
3.282
3.359
3.532
3.519
3.511
3.4
3.537
3.06
3.704
3.3
3.4960000000000004
3.784
3.771
3.355
3.051
3.736
3.225
3.549
3.367
3.269
3.658
3.285
3.334
3.39
3.725
3.448
3.315
3.462
4.289
3.464
3.313
3.701
3.588
3.502
3.28
3.678
3.531
3.854
3.518
3.599
3.597
3.585
3.721
3.349
2.386
2.912
3.975
3.802
3.93
3.603
3.752
4.002
3.594
3.354
3.475
3.613
3.484
2.877
3.958
3.676
3.972
3.797
4.033
3.439
3.66
3.386
3.353
2.952
3.94
4.061
4.034
3.5980000000000003
3.929
3.409
3.647
3.2310000000000003
2.992
3.702
3.142
3.576
3.593
2.877
3.188
3.807
3.445
3.747
3.549
3.466
3.865
3.774
3.359
3.1910000000000003
4.0139999999999985
3.15
3.658
3.483
3.61
3.313
3.197
3.123
3.46
3.717
2.9530000000000003
3.374
3.384
3.345
2.619
3.451
4.018
3.036
3.685
3.3110000000000004
3.857
3.571
3.74
3.662
3.175
3.51
3.033
3.347
3.292
3.85
3.711
3.712
3.12
3.517
3.478
3.1260000000000003
3.822
3.729
3.425
3.327
3.3
3.76
3.498
4.151
3.657
3.653
3.258
3.837
3.431
2.607
3.37
3.466
3.511
3.511
3.41
3.627
3.14
3.491
3.584
3.082
3.89
3.884
3.227
3.635
3.622
2.757
3.535
3.792
2.924
3.5
3.568
3.577
3.502
3.435
3.654
3.768
3.776
3.945
3.19
3.192
3.945
4.157
3.78
3.666
3.069
3.253
3.63
3.674
3.468
2.783
3.222
3.482
3.213
3.94
3.193
3.488
3.6
3.22
3.484
3.129
3.527
3.444
3.69
3.488
3.637
3.312
3.471
3.382
3.506
3.549
3.685
3.774
3.272
3.224
3.677
3.235
3.287
2.87
3.449
2.712
3.662
2.483
3.719
3.205
3.577
3.414
3.372
3.144
3.549
3.255
3.009
3.2110000000000003
3.387
3.43
3.4930000000000003
3.1
3.2430000000000003
4.375
3.754
3.682
3.158
3.435
3.5380000000000003
4.056
3.901
3.611
3.58
3.708
3.559
3.172
3.253
3.446
3.606
3.653
3.36
3.7
3.697
3.193
3.412
3.484
3.482
3.3110000000000004
3.749
3.761
3.5460000000000003
3.761
3.136
3.776
3.644
3.42
3.475
3.2260000000000004
3.536
3.573
3.794
3.919
3.363
3.194
3.207
3.777
3.725
3.333
3.511
3.4960000000000004
3.7
3.3960000000000004
3.624
2.99
4.025
3.78
3.332
3.622
3.116
3.603
3.136
3.5580000000000003
3.459
3.644
3.495
3.002
3.58
3.237
3.894
3.342
3.651
3.807
3.332
4.07
3.37
3.5380000000000003
3.3960000000000004
3.894
3.766
3.35
3.363
3.156
3.085
3.651
3.3680000000000003
3.31
3.438
3.213
3.432
3.307
3.529
3.389
4.157
3.61
3.607
4.2360000000000015
3.2260000000000004
3.955
3.5380000000000003
3.639
3.134
3.21
3.253
3.51
3.553
3.3480000000000003
3.484
3.283
3.634
3.0860000000000003
3.729
3.12
3.409
3.364
3.96
2.87
3.522
3.44
3.497
2.974
3.252
3.443
3.774
3.301
3.422
3.524
3.528
3.782
3.4560000000000004
3.699
3.668
3.852
3.703
3.491
3.333
3.2
3.643
3.0
3.638
3.0980000000000003
2.436
3.4530000000000003
3.661
3.613
3.212
4.101
3.87
2.9530000000000003
3.0780000000000003
3.736
3.462
3.931
3.46
3.663
3.379
3.5610000000000004
3.983
3.249
3.942
3.597
3.684
3.161
3.479
3.144
3.697
3.434
3.337
3.383
3.971
3.773
3.425
3.437
4.2189999999999985
3.768
3.19
3.767
3.264
3.278
3.29
3.878
3.593
3.487
3.259
3.37
3.414
3.134
3.518
3.227
3.469
3.148
3.241
3.268
3.34
3.901
3.916
3.079
3.619
3.509
3.66
3.289
3.774
3.2460000000000004
3.812
2.986
4.113
3.5660000000000003
3.445
3.32
3.385
4.075
3.359
3.094
3.337
3.495
3.571
3.575
3.785
3.426
3.19
3.811
3.701
3.631
3.87
3.205
3.551
3.5010000000000003
3.654
3.36
3.5380000000000003
3.515
3.998
3.677
4.13
3.067
3.665
4.205
3.539
3.204
3.594
3.2910000000000004
3.494
3.4560000000000004
3.265
3.27
3.096
3.401
3.36
3.806
3.15
3.56
3.872
3.825
3.882
3.229
3.693
3.47
3.797
3.407
3.587
3.419
3.403
3.201
4.426
3.402
2.814
4.07
3.532
3.209
3.573
3.399
3.507
3.672
2.997
3.747
3.127
3.84
3.404
3.759
3.612
3.717
3.451
3.534
3.76
3.3110000000000004
3.664
3.612
3.942
3.289
3.936
2.949
3.608
3.767
3.315
3.201
3.993
3.485
4.069
3.477
3.483
3.442
3.5980000000000003
3.66
3.617
3.524
3.5780000000000003
3.158
3.3510000000000004
3.749
4.137
3.499
3.278
3.15
2.997
3.895
4.089
3.526
3.7
3.47
3.402
3.359
3.746
3.494
3.5660000000000003
3.152
3.667
3.471
3.537
3.22
3.478
3.354
3.726
3.5860000000000003
3.728
3.568
2.737
3.704
3.464
3.168
3.772
3.212
3.616
3.24
3.115
3.282
3.508
3.245
4.202
3.219
3.23
3.488
3.729
3.888
3.258
3.293
3.293
3.452
3.82
3.503
3.034
3.516
4.126
3.4930000000000003
3.3110000000000004
4.3889999999999985
3.017
3.661
3.392
3.454
3.401
3.919
3.213
2.942
3.708
3.55
3.605
3.1910000000000003
3.347
3.3310000000000004
3.392
3.5210000000000004
3.509
3.299
3.247
3.833
3.049
3.276
3.695
3.292
3.758
3.267
3.551
3.3680000000000003
3.397
3.762
3.082
3.657
3.2310000000000003
3.388
3.879
3.846
3.222
3.794
3.182
3.342
3.248
3.662
4.032
3.68
3.515
3.755
3.434
3.529
3.721
3.6
3.729
3.606
3.37
3.33
3.785
3.742
2.9530000000000003
3.6010000000000004
3.4130000000000003
3.557
3.4160000000000004
3.931
3.554
2.9560000000000004
3.286
3.0460000000000003
3.73
3.958
3.573
3.386
3.973
3.34
3.849
3.426
3.375
3.341
3.406
3.276
3.232
3.6010000000000004
3.955
3.438
3.534
3.321
3.318
3.36
3.667
3.232
3.385
3.5980000000000003
3.407
3.575
3.832
3.536
3.968
3.329
3.315
4.041
3.4360000000000004
3.54
3.901
3.495
3.625
2.881
3.263
3.79
3.517
3.626
3.56
3.3510000000000004
3.778
3.917
3.91
3.783
3.268
4.086
3.178
3.388
3.692
3.851
3.3160000000000003
3.339
3.806
3.624
4.063
3.949
3.832
3.3710000000000004
3.115
3.274
3.404
3.721
4.022
3.722
3.938
3.2510000000000003
3.06
3.52
3.63
3.633
3.48
3.5780000000000003
3.522
3.75
3.637
3.531
3.58
3.529
3.613
3.848
3.214
4.157
3.3560000000000003
3.335
3.1
3.549
3.325
3.449
3.595
3.386
3.063
3.605
3.224
3.33
3.37
3.528
3.438
3.47
4.323
3.208
3.694
3.76
3.422
3.571
3.495
3.596
3.418
4.104
3.741
3.457
3.615
3.008
3.689
3.526
3.678
4.077
3.423
3.615
3.507
3.82
3.344
3.228
3.3160000000000003
3.345
3.3280000000000003
3.34
3.385
3.665
4.255
3.5
3.32
3.2910000000000004
3.305
3.606
3.4610000000000003
4.269
3.529
3.631
3.669
3.934
3.332
3.595
4.169
2.925
3.45
3.77
3.655
3.372
3.52
3.342
3.664
3.3360000000000003
3.213
3.235
3.5380000000000003
3.205
3.707
3.735
3.656
3.87
3.5810000000000004
3.597
3.766
3.445
3.756
3.639
3.686
3.621
3.314
2.524
3.532
3.766
3.031
3.631
3.487
4.005
3.468
3.47
3.51
3.418
3.993
3.802
3.448
3.544
3.812
3.304
3.3110000000000004
3.238
3.703
3.527
3.269
3.5210000000000004
3.132
3.073
3.318
3.448
3.724
3.071
3.834
3.5580000000000003
3.684
3.71
3.202
3.4610000000000003
3.252
3.5460000000000003
3.3080000000000003
3.705
3.38
3.617
3.5010000000000003
3.534
3.873
3.806
2.988
3.515
3.65
3.536
3.516
3.737
3.483
3.878
3.349
3.429
3.594
3.313
3.4610000000000003
3.849
3.479
3.727
3.051
3.583
3.1910000000000003
3.695
3.833
3.23
3.649
3.689
3.194
3.961
3.997
3.455
3.327
3.392
3.304
3.239
3.776
2.42
3.53
3.431
3.28
3.315
3.479
3.4530000000000003
3.735
3.494
3.629
4.018
3.372
4.029
3.634
3.377
3.5660000000000003
3.275
3.931
3.766
2.733
3.6010000000000004
3.443
3.225
3.489
3.619
3.528
3.031
3.443
3.445
3.387
3.653
3.4410000000000003
2.954
3.494
3.878
3.0780000000000003
3.839
3.367
3.534
3.313
3.466
3.695
3.786
3.676
3.633
3.92
3.576
3.423
3.506
3.67
3.445
3.531
3.4360000000000004
3.188
3.686
3.327
3.685
3.572
2.984
3.274
3.301
3.783
3.684
3.354
3.325
3.8
3.634
3.568
3.867
3.448
3.451
3.417
3.655
3.547
2.914
3.856
3.831
4.24
3.666
3.358
3.145
3.417
3.391
3.188
3.294
3.64
3.675
2.899
3.264
3.864
2.984
3.79
3.654
3.698
3.979
3.514
3.527
3.46
3.355
3.509
3.487
3.232
3.394
3.269
3.165
3.795
3.799
3.334
3.706
3.681
3.43
3.426
3.952
3.73
3.494
3.204
3.241
3.069
3.52
3.781
3.465
3.641
3.347
4.0539999999999985
3.3280000000000003
3.563
3.544
3.034
2.894
3.089
3.05
3.529
3.518
3.344
3.549
3.5380000000000003
3.389
3.639
3.339
3.974
3.575
4.368
3.055
3.105
3.286
3.2030000000000003
3.315
3.077
3.905
3.975
3.338
3.71
3.047
3.314
3.459
3.318
3.489
3.543
3.326
3.724
3.651
3.911
3.631
3.514
3.992
3.513
3.0410000000000004
3.859
3.301
3.49
2.841
3.786
3.263
3.5610000000000004
3.31
3.31
4.027
3.306
4.501
3.104
3.675
3.934
3.745
3.219
3.78
2.89
4.148
3.46
2.964
3.142
3.5010000000000003
3.455
3.406
3.544
3.713
3.342
3.2460000000000004
3.201
3.7
3.705
3.83
3.862
3.393
1.924
3.597
3.152
3.363
3.703
3.952
3.792
3.224
3.852
3.978
3.417
3.451
3.717
3.815
3.414
3.2030000000000003
4.364
3.735
3.5410000000000004
3.345
3.926
3.033
3.797
3.714
3.51
3.904
3.785
3.325
3.999
3.21
4.4289999999999985
3.357
3.299
3.242
3.696
3.283
3.157
2.835
3.874
3.731
3.483
3.482
3.359
4.146
3.624
2.563
3.4810000000000003
3.369
3.939
3.625
3.4610000000000003
3.262
3.624
3.391
2.951
3.871
4.011
3.549
3.4810000000000003
3.256
