3.025
2.583
2.482
2.424
3.157
2.682
2.8160000000000003
2.34
2.878
2.9730000000000003
2.931
2.842
2.334
2.587
2.965
2.605
3.1710000000000003
2.91
2.904
2.6860000000000004
2.6010000000000004
2.903
2.59
2.595
3.132
3.004
2.925
2.391
2.845
2.823
2.552
2.615
2.588
2.608
2.673
2.533
2.744
2.702
3.074
2.887
2.289
2.8360000000000003
2.685
2.971
3.147
3.222
2.803
3.255
3.156
2.5380000000000003
2.849
2.88
2.842
2.742
2.592
2.917
2.319
2.925
3.074
3.2260000000000004
3.1630000000000003
3.073
2.699
2.822
3.434
2.551
2.88
2.927
3.037
2.416
3.237
2.878
3.035
3.09
3.22
2.9130000000000003
2.668
2.5980000000000003
2.792
2.705
2.46
2.774
2.854
2.891
2.649
2.6060000000000003
2.708
2.752
2.625
2.772
2.947
3.054
3.042
2.485
2.2880000000000003
2.709
2.777
2.867
2.506
3.488
2.475
2.722
2.887
2.782
2.694
2.708
2.367
2.839
2.75
2.741
2.829
3.197
2.568
3.02
2.446
2.809
2.634
2.442
3.189
3.034
3.401
2.624
2.882
2.874
2.724
2.511
2.268
2.767
2.705
2.754
2.319
2.668
2.777
2.962
2.783
2.724
2.604
2.795
2.767
2.681
2.286
3.33
3.19
2.248
3.257
2.508
2.51
2.319
3.219
2.532
2.942
2.395
2.454
2.58
2.623
2.772
2.552
3.097
2.385
2.7430000000000003
2.6910000000000003
2.96
2.865
3.095
2.634
3.013
2.989
2.995
2.698
2.6180000000000003
2.379
2.765
2.729
2.715
2.707
2.881
2.757
2.738
2.866
2.599
2.259
2.644
2.535
3.064
2.307
2.583
2.739
2.415
2.384
2.2880000000000003
2.467
3.01
2.435
3.305
2.991
2.854
2.735
2.522
2.7110000000000003
2.76
2.623
3.056
3.097
2.664
2.7260000000000004
3.295
2.637
3.134
2.947
2.813
3.014
2.7110000000000003
2.713
2.938
2.483
2.805
2.562
3.065
2.722
3.108
3.107
2.46
2.986
2.772
3.0
2.906
2.643
2.709
2.963
2.729
2.76
2.978
2.403
3.405
3.082
2.495
3.3080000000000003
2.966
2.5660000000000003
2.859
2.766
2.821
2.6180000000000003
2.875
2.83
2.797
2.782
2.967
2.479
2.917
2.695
2.688
3.014
2.655
3.1260000000000003
3.1180000000000003
2.487
2.777
2.992
2.667
2.434
2.552
2.694
2.5380000000000003
2.91
2.77
3.182
2.931
2.767
3.234
2.767
2.958
3.107
2.698
3.09
2.609
2.995
2.682
2.957
3.179
3.239
2.415
2.407
2.667
2.894
2.551
2.9160000000000004
2.754
2.897
2.411
2.699
2.485
3.073
2.829
2.997
2.9930000000000003
2.605
2.806
2.421
2.524
2.884
2.719
2.758
2.325
2.922
2.845
3.015
2.9
2.677
2.82
2.541
2.662
2.657
3.01
2.68
2.861
2.773
2.254
2.479
3.034
2.634
2.69
2.758
2.635
2.1630000000000003
2.942
2.939
2.838
2.988
2.658
2.44
2.918
2.6460000000000004
3.072
3.227
2.983
2.544
2.924
3.274
2.5610000000000004
3.085
2.713
2.211
2.952
3.088
2.737
2.705
3.017
2.833
3.159
3.105
3.2910000000000004
2.975
3.083
2.53
2.625
2.483
2.5380000000000003
2.654
2.942
2.592
2.309
3.002
3.0010000000000003
3.08
2.949
2.4090000000000003
2.992
2.326
2.795
3.35
2.531
2.739
2.9130000000000003
2.629
2.041
2.835
2.7230000000000003
2.718
2.81
2.819
2.708
2.8560000000000003
2.715
3.247
2.702
2.389
2.62
2.592
2.705
2.7910000000000004
2.461
2.6260000000000003
2.7260000000000004
2.619
2.38
2.651
2.9760000000000004
2.805
2.813
3.07
2.869
2.712
2.846
2.838
2.995
2.68
2.974
2.587
3.045
2.689
2.659
2.685
3.05
2.7960000000000003
2.605
3.049
2.3480000000000003
2.573
2.702
2.462
2.5340000000000003
3.209
3.345
2.902
2.573
2.717
2.866
3.019
2.545
2.712
2.787
3.131
2.924
2.628
2.698
2.568
2.92
2.841
2.739
2.846
2.927
2.739
2.867
2.62
2.524
2.761
3.115
2.755
3.235
2.478
2.957
2.7
2.075
2.8510000000000004
2.54
3.027
3.051
2.988
2.705
2.474
2.582
