2.657
2.34
2.484
2.3680000000000003
2.56
2.727
2.674
2.6630000000000003
2.514
2.633
2.458
2.744
2.58
2.294
2.655
2.627
2.72
2.411
2.642
2.698
2.576
2.47
2.449
2.516
2.782
2.213
2.396
2.507
2.832
2.783
2.675
2.419
2.556
2.527
2.695
2.6460000000000004
2.471
2.239
2.813
2.716
2.697
2.898
2.336
2.542
2.784
2.784
2.71
2.565
2.681
2.519
2.667
2.79
2.643
2.69
2.544
2.361
2.47
2.513
2.834
2.234
2.239
2.63
2.553
2.527
2.675
2.568
2.537
2.4
2.682
2.721
2.256
2.597
2.745
2.76
2.795
2.829
2.863
2.648
2.773
2.611
2.435
2.849
2.46
2.8560000000000003
2.702
2.66
2.709
2.6830000000000003
2.674
2.357
2.617
2.548
2.82
2.35
2.869
2.595
2.495
2.442
2.4930000000000003
2.402
2.352
2.7110000000000003
2.611
2.793
2.699
2.292
2.725
2.701
2.624
2.492
2.492
2.768
2.814
2.932
2.141
2.627
2.86
2.478
2.44
2.5860000000000003
2.777
2.603
2.761
2.562
2.426
2.752
2.653
2.549
2.576
2.8960000000000004
2.442
3.06
2.514
2.4090000000000003
2.303
2.325
2.596
2.267
2.421
2.977
2.748
2.608
2.248
2.4130000000000003
2.205
2.594
2.564
2.66
2.766
2.595
2.728
2.439
2.838
2.682
2.565
2.772
2.685
2.894
2.577
2.442
2.708
2.597
2.689
2.479
2.447
2.847
2.523
2.783
2.475
2.655
2.474
2.478
2.529
2.655
2.583
2.7060000000000004
2.484
2.474
2.523
2.282
2.925
2.625
2.26
2.62
2.69
2.8760000000000003
2.678
2.568
2.605
2.797
2.774
2.5860000000000003
2.985
2.452
2.471
2.573
2.407
2.727
2.883
2.7260000000000004
2.641
2.797
2.5540000000000003
2.427
2.457
2.594
2.673
2.647
2.504
2.677
2.489
2.543
2.334
2.867
3.057
2.57
2.7710000000000004
2.661
2.599
2.629
2.778
2.465
2.521
2.551
2.582
2.838
2.675
2.537
2.54
2.636
2.7910000000000004
2.797
2.52
2.692
2.6010000000000004
2.659
2.8160000000000003
2.892
2.737
2.279
2.649
2.712
2.612
2.539
2.426
2.647
2.633
2.574
2.53
2.632
2.712
2.855
2.625
2.674
2.7510000000000003
2.728
2.563
2.4290000000000003
2.768
2.568
2.525
2.644
2.4130000000000003
2.639
2.556
2.5
2.741
2.591
2.827
2.229
2.338
2.638
2.298
2.414
2.518
2.945
2.624
2.291
2.638
2.614
2.692
2.821
2.437
2.777
2.766
2.574
2.18
2.681
2.5340000000000003
2.507
2.653
2.6010000000000004
2.525
2.7
2.696
2.383
2.714
2.06
2.365
2.462
2.65
2.549
2.821
2.557
2.69
2.572
2.528
2.381
2.443
2.491
2.569
2.879
2.841
2.65
2.2840000000000003
2.267
2.265
2.753
2.57
2.477
2.652
2.605
2.719
2.584
2.519
2.975
2.7260000000000004
2.4130000000000003
2.709
2.343
2.458
2.513
2.608
2.51
2.367
2.82
2.617
2.702
2.5860000000000003
2.665
2.867
2.696
2.584
2.8
2.336
2.649
2.724
2.502
2.631
2.392
2.652
2.673
2.647
2.6180000000000003
2.461
2.504
2.679
2.4730000000000003
2.575
2.548
2.351
2.587
2.531
3.026
2.442
2.43
2.643
2.272
2.5380000000000003
2.377
2.652
3.141
2.341
2.615
2.669
2.574
2.865
2.454
3.018
2.741
2.484
2.799
2.707
2.588
2.7960000000000003
2.755
2.635
2.421
2.748
2.6460000000000004
2.75
2.556
2.7430000000000003
2.682
2.801
2.547
2.764
2.5660000000000003
2.391
2.632
2.517
2.64
2.553
2.474
2.152
2.378
2.722
2.564
2.83
2.684
2.917
2.483
2.648
2.359
2.384
2.735
2.515
2.748
2.595
2.688
2.992
2.707
2.805
2.484
2.54
2.369
2.6630000000000003
2.97
2.6460000000000004
2.6660000000000004
2.573
2.58
2.137
2.793
2.874
2.633
2.749
3.238
2.591
2.483
2.658
2.678
2.734
2.637
2.488
2.422
2.536
2.568
2.269
2.753
2.841
2.855
2.722
2.522
2.839
2.665
2.541
2.543
2.5780000000000003
2.44
2.537
2.7880000000000003
2.789
2.513
2.556
2.451
2.749
2.749
2.67
2.685
2.303
2.495
2.708
2.695
2.43
2.584
2.594
2.47
2.693
2.361
2.766
2.866
2.736
2.739
2.974
2.4330000000000003
2.579
2.236
2.279
2.571
2.535
2.593
2.496
2.651
2.779
2.863
2.6860000000000004
2.73
2.897
2.396
2.9730000000000003
2.6260000000000003
2.908
2.641
2.568
2.337
2.597
2.475
2.474
2.545
2.4130000000000003
2.382
2.7230000000000003
2.382
2.604
2.447
2.451
2.388
2.685
2.767
2.71
2.844
2.516
2.4090000000000003
2.66
2.5810000000000004
2.71
2.662
2.235
2.403
2.105
2.8160000000000003
2.472
2.494
2.77
2.432
2.798
2.608
2.638
2.906
2.483
2.536
2.636
2.65
2.653
2.889
2.689
2.716
2.749
2.497
2.463
2.602
2.69
2.802
2.381
2.569
2.219
2.678
2.466
2.7960000000000003
2.932
2.803
2.769
2.692
2.58
2.449
2.393
2.7260000000000004
2.9760000000000004
2.415
2.458
2.638
2.648
2.87
2.226
2.52
2.735
2.7110000000000003
2.353
2.332
2.571
2.54
2.599
2.513
2.367
2.379
2.5580000000000003
2.67
2.8760000000000003
2.777
2.74
2.596
2.571
2.048
2.555
2.323
2.653
2.945
2.604
2.309
2.685
2.647
2.716
2.645
2.131
2.645
2.494
2.38
2.309
2.6860000000000004
2.298
2.72
2.855
2.674
2.046
2.465
2.654
2.592
2.579
2.2430000000000003
2.611
2.735
2.469
2.605
2.738
2.636
2.639
2.546
2.596
2.6210000000000004
2.815
2.522
2.524
2.502
2.602
2.682
2.115
2.5810000000000004
2.813
2.688
2.63
2.6010000000000004
2.92
2.488
2.465
2.652
2.54
2.649
2.747
2.7060000000000004
2.506
2.969
2.659
2.62
2.675
2.063
2.762
2.867
2.441
2.812
2.577
2.489
2.513
2.5
2.8510000000000004
2.529
2.467
2.65
3.011
2.715
2.506
2.789
2.577
2.624
2.376
2.437
2.546
2.705
2.693
2.609
2.718
2.608
2.518
2.767
2.527
2.827
2.721
2.669
2.54
2.634
2.575
2.355
2.222
2.338
2.616
2.448
2.535
2.792
2.984
2.611
2.462
2.7030000000000003
2.411
2.809
2.7960000000000003
2.525
2.765
2.488
2.729
2.73
2.669
2.6660000000000004
2.466
2.667
2.785
2.458
2.752
2.552
2.277
2.539
2.793
2.274
2.81
2.391
2.4930000000000003
2.863
2.63
2.6060000000000003
2.822
2.509
2.375
2.627
2.434
2.294
2.468
2.528
2.375
2.648
2.755
2.318
2.311
2.739
2.745
2.759
2.559
2.622
2.787
2.979
2.521
2.702
2.56
2.6710000000000003
2.61
2.6
2.68
2.857
2.67
2.832
2.742
2.727
2.37
2.466
2.687
2.781
2.56
2.603
2.794
2.489
2.643
2.336
2.569
2.716
2.49
2.452
2.809
2.5780000000000003
2.669
2.378
2.834
2.568
1.886
2.699
2.567
2.5610000000000004
2.607
3.201
2.8080000000000003
2.594
2.784
2.1590000000000003
2.451
2.863
2.374
2.524
2.373
2.556
2.422
2.74
2.627
3.02
2.832
2.669
2.281
2.8110000000000004
2.765
2.783
2.495
2.639
2.198
2.525
2.843
2.474
2.669
2.655
2.337
2.125
2.837
2.394
2.66
2.541
2.662
2.733
2.647
2.563
2.667
2.76
2.505
2.371
2.1180000000000003
2.482
2.886
2.681
2.7910000000000004
2.4290000000000003
2.787
2.497
2.745
2.698
2.535
2.657
2.644
2.633
2.803
2.396
2.672
2.603
2.446
2.397
2.483
2.144
2.709
2.634
2.476
2.216
2.884
2.707
2.58
2.809
2.593
2.708
2.532
1.968
2.469
2.829
2.807
2.605
2.749
2.548
2.832
2.782
2.7310000000000003
2.62
2.83
2.435
2.66
2.549
2.793
2.377
2.642
2.733
2.6210000000000004
2.635
2.749
2.547
2.602
1.996
2.521
2.143
2.39
2.773
2.708
2.806
2.712
2.717
2.9610000000000003
2.884
2.595
2.617
2.0980000000000003
2.741
2.366
2.744
2.7310000000000003
3.092
2.697
2.574
2.676
2.5860000000000003
2.736
2.669
2.524
2.645
2.468
2.82
2.786
2.738
2.756
2.596
2.408
2.498
2.509
2.915
2.465
2.523
2.619
2.658
2.625
2.773
2.477
2.526
2.798
2.64
2.741
2.862
2.825
2.5810000000000004
2.404
2.6010000000000004
2.709
2.655
2.648
2.778
2.44
2.7
2.472
2.964
2.736
2.572
2.5
2.718
2.386
2.6180000000000003
2.694
2.827
2.88
2.555
2.636
2.781
2.625
2.7030000000000003
2.704
2.44
2.495
2.682
2.56
2.4
2.503
2.777
2.664
2.614
2.53
2.39
2.589
2.739
2.625
2.745
2.722
2.492
2.572
2.668
2.582
2.519
2.724
2.325
2.822
2.676
2.319
2.543
2.707
2.641
2.819
2.604
2.619
2.78
2.511
2.843
2.336
2.197
2.627
2.49
2.724
2.7060000000000004
2.658
2.613
2.356
2.867
2.748
2.842
2.798
2.509
2.6830000000000003
2.175
2.697
2.553
2.501
2.765
2.235
2.66
2.514
2.74
2.78
2.542
2.9210000000000003
2.716
2.391
2.64
2.605
2.5810000000000004
2.9
2.754
2.7880000000000003
2.699
2.604
2.387
2.875
2.5540000000000003
2.16
2.679
2.696
2.755
2.359
2.7430000000000003
2.684
2.58
2.582
2.513
2.819
2.675
2.684
2.481
2.795
2.436
3.023
2.807
2.734
2.864
2.592
2.495
2.587
2.694
2.769
2.615
2.767
2.858
2.769
2.658
2.61
2.43
2.321
2.425
2.72
2.528
2.29
2.753
2.748
2.748
2.802
2.642
2.766
2.733
2.546
2.512
2.28
2.772
2.8110000000000004
2.531
2.503
2.562
2.396
2.323
2.443
2.715
2.535
2.524
2.4930000000000003
2.695
2.527
2.803
2.793
2.444
2.377
2.662
2.888
2.594
2.844
2.617
2.602
2.498
2.738
2.319
2.812
2.7880000000000003
2.397
2.487
2.915
2.745
2.636
2.935
2.623
2.754
2.654
2.777
2.658
2.667
2.563
2.631
2.434
2.656
2.585
2.72
2.406
2.763
2.7110000000000003
2.289
2.675
2.422
2.67
2.866
2.588
2.821
2.6260000000000003
2.804
2.977
2.647
2.548
2.714
2.82
2.893
2.5780000000000003
2.879
2.725
2.633
2.8710000000000004
2.775
2.502
2.551
2.809
2.616
2.48
2.596
2.452
2.624
2.89
2.346
2.692
2.592
2.718
2.793
2.462
2.559
2.455
2.705
2.604
2.657
2.749
2.733
2.687
2.673
2.378
2.486
2.551
2.702
2.873
2.469
2.665
2.56
2.4330000000000003
2.732
2.532
2.8960000000000004
2.625
2.85
2.6060000000000003
2.7960000000000003
2.52
2.408
2.422
2.367
2.696
2.639
2.432
2.82
2.714
2.613
2.837
2.782
2.67
2.477
2.718
2.592
2.548
2.6660000000000004
2.332
2.436
2.496
2.565
2.386
2.589
2.6860000000000004
3.0
2.414
2.582
2.533
2.593
2.648
2.779
2.72
2.616
2.392
2.7430000000000003
2.636
2.725
2.3040000000000003
2.781
2.809
2.496
2.503
2.761
2.827
2.574
2.737
2.434
2.6180000000000003
2.417
2.6860000000000004
2.564
2.547
2.78
2.572
2.32
2.447
2.436
2.261
2.7
2.654
2.653
2.702
2.72
2.573
2.5660000000000003
2.555
2.23
2.857
2.495
2.336
2.571
2.97
2.633
2.592
2.9530000000000003
2.285
2.317
2.8760000000000003
2.92
2.362
2.672
2.697
2.657
2.478
2.749
2.465
2.705
2.439
2.728
2.634
2.7960000000000003
2.75
2.562
2.867
2.09
2.38
2.564
2.54
2.359
2.728
2.5860000000000003
2.66
2.622
2.702
2.7510000000000003
2.51
2.885
2.5
2.687
2.384
2.374
2.904
2.8760000000000003
2.617
2.824
2.727
2.761
2.657
2.764
2.7710000000000004
2.707
2.991
2.589
2.213
2.783
2.673
2.449
2.476
2.382
2.8280000000000003
2.536
2.612
2.486
2.519
2.451
2.2430000000000003
2.886
2.392
2.866
2.736
2.668
2.476
2.654
2.392
2.7230000000000003
2.297
2.232
2.55
2.605
2.651
2.64
2.541
2.655
2.745
2.855
2.714
2.524
2.7310000000000003
2.464
2.696
2.742
2.564
2.748
2.735
2.502
2.22
2.444
2.579
2.4530000000000003
2.527
2.619
2.734
1.547
2.725
2.559
2.693
2.631
2.762
2.57
2.441
2.576
2.778
2.844
2.514
2.7430000000000003
2.623
2.658
2.315
2.517
2.7260000000000004
2.72
2.806
2.807
2.7960000000000003
2.687
2.611
2.4730000000000003
2.721
2.588
2.625
2.645
2.4
2.656
2.8
2.404
2.634
2.467
2.688
2.417
2.685
2.414
2.633
2.225
2.845
2.482
2.388
2.667
2.64
2.516
2.779
2.867
2.884
2.886
2.603
2.7310000000000003
2.765
2.64
2.668
2.492
2.5860000000000003
2.563
2.415
2.802
2.614
2.735
2.889
2.76
2.593
2.42
2.5580000000000003
2.724
2.7910000000000004
2.664
2.422
2.532
2.272
2.3280000000000003
2.417
2.987
2.681
2.414
2.7260000000000004
2.8160000000000003
2.73
2.632
2.64
2.357
2.334
2.674
2.716
2.708
2.68
2.762
2.619
2.982
2.458
2.404
2.592
2.887
2.765
2.701
2.531
2.168
2.427
2.522
2.607
2.529
2.213
2.51
2.457
2.725
2.563
2.692
2.8110000000000004
2.923
2.793
2.712
2.471
2.47
2.508
2.477
2.661
2.622
2.189
2.71
2.52
2.719
2.272
2.793
2.568
2.384
2.88
2.725
2.829
2.8510000000000004
2.665
2.727
2.763
2.513
2.809
2.6260000000000003
2.635
2.827
2.291
2.818
2.458
2.506
2.842
2.424
2.608
2.639
2.43
2.456
2.636
2.364
2.552
2.695
2.668
2.6010000000000004
2.789
2.329
2.509
2.273
2.645
2.7710000000000004
2.414
2.4290000000000003
2.426
3.027
2.431
2.396
2.6910000000000003
2.7230000000000003
2.312
2.422
2.404
2.418
2.717
2.833
2.781
2.9410000000000003
2.623
2.546
2.411
2.649
2.487
2.338
2.491
2.8510000000000004
2.712
3.015
2.438
2.7
2.595
2.736
2.381
2.825
2.697
2.673
2.181
2.709
2.674
2.938
2.59
2.807
2.449
2.435
2.6210000000000004
2.547
2.612
2.436
2.481
2.692
2.701
2.424
2.38
1.884
2.392
2.638
2.903
2.474
2.528
2.766
2.752
2.474
2.311
2.525
2.908
2.331
2.727
2.389
2.383
2.685
2.852
2.419
2.67
2.727
2.521
2.766
2.641
2.744
2.735
2.752
2.8
2.313
2.614
2.712
2.78
2.42
2.474
2.597
2.369
2.258
2.259
2.506
2.782
2.443
2.485
2.447
2.674
2.442
2.919
2.5610000000000004
2.587
2.662
3.092
2.611
2.832
2.844
2.635
2.487
2.792
2.6660000000000004
2.634
2.715
2.583
2.698
2.423
2.677
2.685
2.748
2.366
2.644
2.332
2.515
2.491
2.768
2.765
2.237
2.081
2.569
2.428
2.604
2.6710000000000003
2.221
2.662
2.567
2.419
2.651
2.29
2.454
2.59
2.628
2.6910000000000003
2.842
2.439
2.681
2.7430000000000003
2.542
2.697
2.522
2.699
2.776
2.541
2.721
2.69
2.291
2.5980000000000003
2.814
2.567
2.115
2.732
2.383
2.633
2.781
2.696
2.658
2.7510000000000003
2.53
3.067
2.396
2.501
2.698
2.632
2.471
2.705
2.704
2.456
2.718
2.62
2.191
2.648
2.863
2.006
2.695
2.134
2.7430000000000003
2.276
2.266
2.736
2.692
2.694
2.466
2.641
2.678
2.625
2.385
2.882
2.729
2.553
2.716
2.866
2.355
2.585
2.536
2.436
2.719
2.426
2.257
2.887
2.495
2.4730000000000003
2.624
2.625
2.702
2.387
2.636
2.521
2.629
2.457
2.6660000000000004
2.8
2.77
2.7510000000000003
2.764
2.589
2.672
2.425
2.668
2.514
2.5380000000000003
2.61
2.457
2.6
2.271
2.281
2.577
2.504
2.3480000000000003
2.516
2.662
2.036
2.5340000000000003
2.636
2.477
2.4530000000000003
2.53
2.4130000000000003
2.71
2.737
2.474
2.8310000000000004
2.489
2.759
2.7430000000000003
2.4330000000000003
3.009
2.455
2.694
2.315
2.949
2.778
2.817
2.385
3.02
2.456
2.928
2.546
2.673
2.821
2.628
2.4090000000000003
2.7460000000000004
2.693
2.4
2.43
2.525
2.647
2.556
3.059
2.349
2.825
2.305
2.662
2.719
2.235
2.612
2.49
2.318
2.757
2.78
2.669
2.609
2.779
2.892
2.271
2.108
2.71
2.374
2.7880000000000003
2.744
2.2230000000000003
2.505
2.552
1.55
2.924
2.651
2.959
2.624
2.467
2.64
2.789
2.762
2.514
2.563
2.187
2.682
2.096
2.821
