2.551
2.7710000000000004
2.524
2.405
2.423
2.609
2.402
2.604
2.622
2.432
2.254
2.282
2.461
2.414
2.613
2.922
2.372
2.519
2.5860000000000003
2.387
2.861
2.392
2.443
2.587
2.693
2.062
2.336
2.89
2.515
2.636
2.574
2.642
2.513
2.794
2.367
2.702
2.571
2.48
2.564
2.508
2.564
2.653
2.47
2.701
2.617
2.925
2.6060000000000003
2.36
2.513
2.603
2.508
2.588
2.466
2.636
2.398
2.84
2.545
2.402
2.572
2.466
2.567
2.5660000000000003
2.4330000000000003
2.499
2.396
2.64
2.437
2.24
2.709
2.698
2.355
2.476
2.468
2.991
2.656
2.599
2.684
2.444
2.647
2.185
2.393
2.492
2.6830000000000003
2.547
2.274
2.496
2.6630000000000003
2.608
2.847
2.615
2.46
2.513
2.832
2.547
2.539
2.834
2.563
2.48
2.44
2.672
2.741
2.5780000000000003
2.682
2.332
2.505
1.638
2.622
2.469
2.541
2.602
2.507
2.8680000000000003
2.474
2.607
2.077
2.523
2.779
2.403
2.69
2.469
2.559
2.603
2.898
2.483
2.467
2.525
2.403
2.517
2.591
2.709
2.475
2.672
2.48
2.439
2.373
2.44
2.371
2.543
2.567
2.902
2.696
2.567
2.226
2.4
2.35
2.576
2.475
2.521
2.5580000000000003
2.739
2.616
2.5340000000000003
2.619
2.374
2.632
2.456
2.503
2.38
2.693
2.7
2.509
2.476
2.498
2.511
2.584
2.697
2.445
2.6830000000000003
2.568
2.515
2.376
2.444
2.589
2.508
2.504
2.884
2.6060000000000003
2.583
2.523
2.335
2.865
2.9760000000000004
2.3280000000000003
2.778
2.4730000000000003
2.616
2.501
2.625
2.359
2.602
2.508
2.469
2.39
2.5340000000000003
2.613
2.5380000000000003
2.54
2.6
2.498
2.54
2.571
2.911
2.632
2.295
2.7710000000000004
2.652
2.76
2.316
2.596
2.457
2.345
2.614
2.412
2.514
2.61
2.593
2.5810000000000004
2.518
2.636
2.575
2.497
2.31
2.641
2.519
2.675
3.019
2.564
2.49
2.439
2.423
2.43
2.614
2.549
2.624
2.5810000000000004
2.7260000000000004
2.64
2.361
2.63
2.321
2.623
2.5660000000000003
2.519
2.5340000000000003
2.359
2.6010000000000004
2.585
2.583
2.724
2.575
2.4290000000000003
2.829
2.922
2.502
2.282
2.594
2.549
2.339
2.5340000000000003
2.357
2.593
2.378
2.488
2.4290000000000003
2.491
2.541
2.6460000000000004
2.471
2.46
2.197
2.515
2.609
2.56
2.489
2.4290000000000003
2.768
2.503
2.295
2.401
1.694
2.496
2.604
2.21
2.583
2.605
2.479
2.391
2.53
2.66
2.241
2.803
2.467
2.713
2.568
2.552
2.277
2.681
2.483
2.89
2.426
2.451
2.593
2.588
2.794
2.67
2.82
2.256
2.492
2.516
2.487
2.616
2.575
2.762
2.542
2.445
2.271
2.297
2.6010000000000004
2.333
2.422
2.443
2.893
2.736
2.479
2.543
2.412
2.34
2.704
2.776
2.417
2.387
2.3680000000000003
2.501
2.55
2.616
2.502
2.253
2.475
2.3080000000000003
2.396
2.687
2.551
2.5340000000000003
2.446
2.798
2.382
2.34
2.3080000000000003
2.641
2.346
2.7460000000000004
2.624
2.592
2.531
2.49
3.077
2.571
2.6710000000000003
2.642
2.248
2.588
2.489
2.23
3.266
2.475
2.478
2.926
2.639
2.597
2.474
2.525
3.075
2.295
2.552
2.6260000000000003
2.452
2.822
2.3
2.747
2.635
2.3480000000000003
2.849
2.143
2.5540000000000003
2.518
2.728
2.49
2.342
2.575
2.509
2.716
2.503
2.354
2.709
2.912
2.892
2.651
2.44
2.472
2.43
2.752
2.772
2.395
2.699
2.382
2.49
2.583
2.282
2.6830000000000003
2.667
2.709
2.3040000000000003
2.513
2.283
2.346
2.76
2.235
2.669
2.7260000000000004
2.643
2.596
2.664
2.504
2.436
2.456
2.361
2.4930000000000003
2.637
2.471
2.648
2.555
2.397
2.208
2.697
2.5580000000000003
2.474
2.625
3.156
2.715
2.499
2.563
2.768
2.552
2.556
2.489
2.307
2.5340000000000003
2.445
2.65
2.577
2.452
2.438
2.55
2.456
2.794
2.5580000000000003
2.343
2.629
2.589
2.374
2.798
2.587
2.648
2.34
2.324
2.65
2.6910000000000003
2.324
2.523
2.5610000000000004
2.721
2.382
2.486
2.652
2.506
2.515
2.542
2.519
2.421
2.465
2.41
2.806
2.511
2.662
2.482
2.661
2.587
2.546
2.321
2.575
2.603
2.577
2.649
2.541
2.709
2.931
2.427
2.479
2.837
2.355
3.002
2.654
2.589
2.585
2.7710000000000004
2.5610000000000004
2.504
2.372
2.587
2.438
2.324
2.477
2.474
2.279
2.6830000000000003
2.455
2.498
2.607
2.69
2.649
2.636
2.66
2.728
2.54
2.423
2.595
2.702
2.249
2.595
2.355
2.309
2.511
2.714
2.529
2.494
2.5580000000000003
2.639
2.616
2.233
2.841
2.556
2.434
2.385
2.629
2.644
2.881
2.754
2.724
2.533
2.42
2.439
2.404
2.4730000000000003
2.552
2.389
2.693
2.219
2.652
2.54
2.589
2.546
2.506
2.54
2.459
2.615
2.458
2.505
2.497
3.005
2.297
2.539
2.434
2.662
2.6630000000000003
2.376
2.312
2.6060000000000003
2.715
2.449
2.4290000000000003
2.544
2.46
2.943
2.662
2.591
2.188
2.56
2.794
2.653
2.535
2.359
2.512
2.5
3.0410000000000004
2.681
2.341
2.525
2.905
2.472
2.455
2.745
2.458
2.6210000000000004
2.391
2.4330000000000003
2.45
2.286
2.432
2.455
2.619
2.408
2.62
2.63
2.78
2.676
2.518
2.531
2.583
2.756
2.297
2.501
2.719
2.6010000000000004
2.517
2.359
2.555
2.381
2.605
2.406
2.668
2.526
2.467
2.6210000000000004
2.546
2.821
2.785
2.463
2.616
2.8960000000000004
2.6180000000000003
2.647
2.677
2.623
2.485
2.437
2.658
2.446
2.359
2.515
2.674
2.423
2.847
2.517
2.523
2.795
2.337
2.5540000000000003
2.6180000000000003
2.263
2.635
2.504
2.402
2.532
2.77
2.5660000000000003
2.495
2.403
2.56
2.844
2.498
2.474
2.563
2.652
2.556
2.269
2.525
2.59
2.5780000000000003
2.567
2.577
2.603
2.722
2.6860000000000004
2.311
2.343
2.545
2.4930000000000003
2.565
2.212
2.444
2.447
2.16
2.555
2.44
2.53
2.6660000000000004
2.522
2.443
2.6910000000000003
2.63
2.327
2.72
2.437
2.639
2.531
2.576
2.899
2.465
2.46
2.577
2.5610000000000004
2.651
2.599
2.516
2.5380000000000003
2.444
2.485
2.761
2.269
2.583
3.0010000000000003
2.661
2.452
2.272
2.597
2.521
2.51
2.418
2.697
2.51
2.39
2.659
2.546
2.457
2.457
2.352
2.539
2.449
2.294
2.301
2.425
2.422
2.3
2.588
2.514
2.627
2.79
2.79
2.624
2.684
2.367
2.614
2.576
2.454
2.6010000000000004
2.718
2.59
2.769
2.597
2.425
2.959
2.4290000000000003
2.537
2.318
1.795
2.719
2.456
2.492
2.4530000000000003
2.661
2.426
2.524
2.491
2.269
2.549
2.405
2.569
2.402
2.54
2.397
2.497
2.764
2.8080000000000003
2.408
2.519
2.738
2.298
2.611
2.64
2.54
2.374
2.662
1.996
2.5860000000000003
2.303
2.508
2.756
2.773
2.482
3.467
2.423
2.5660000000000003
2.389
2.437
2.526
2.692
2.531
2.44
2.495
2.483
2.8080000000000003
2.546
2.552
2.5340000000000003
2.39
2.043
2.716
2.765
2.552
2.189
2.552
2.739
2.488
2.781
2.745
2.574
2.343
2.636
2.023
2.562
2.494
2.548
2.553
2.742
2.63
2.394
2.642
2.345
2.34
2.533
2.562
2.474
2.83
2.495
2.544
2.459
2.698
2.508
2.508
2.239
2.478
2.451
2.536
2.49
2.67
2.696
2.612
2.679
2.7110000000000003
2.641
2.753
2.246
2.515
2.652
2.559
2.406
2.644
2.474
2.6830000000000003
2.8310000000000004
2.574
2.595
2.507
2.494
2.542
2.451
2.864
2.245
2.394
2.535
1.913
2.6060000000000003
2.4930000000000003
2.662
2.5540000000000003
2.277
2.698
2.072
2.576
2.43
2.465
2.6630000000000003
2.653
2.627
2.628
2.514
2.592
2.637
2.509
2.593
2.59
2.512
2.6210000000000004
3.045
2.5660000000000003
2.513
2.444
2.569
2.36
2.71
2.701
2.662
2.23
2.68
2.479
2.669
2.5
2.526
2.375
2.805
2.5810000000000004
2.802
2.6710000000000003
2.556
2.426
2.366
2.575
2.7030000000000003
2.47
2.86
2.505
2.6630000000000003
2.616
2.728
2.869
2.785
2.54
2.597
2.475
2.527
2.489
3.018
2.369
2.498
2.481
2.617
2.6210000000000004
2.651
2.478
2.632
2.378
2.542
2.367
2.66
2.77
2.713
2.487
2.64
2.407
2.543
2.7060000000000004
2.466
2.4730000000000003
2.784
2.463
2.73
2.537
2.545
2.444
2.615
2.437
2.573
2.512
2.372
2.315
2.888
2.575
2.543
2.609
2.397
2.384
2.718
2.496
2.657
2.611
2.588
2.482
2.707
2.557
2.573
2.678
2.644
2.678
2.753
2.696
2.692
2.113
2.611
2.902
2.739
2.681
2.653
2.5540000000000003
2.592
2.575
2.435
2.73
2.441
2.35
2.676
2.59
2.287
2.557
2.474
2.684
2.753
2.375
2.654
2.313
2.58
2.382
2.461
2.78
2.652
2.41
2.506
2.412
2.486
2.474
2.595
2.497
2.864
2.539
2.6710000000000003
2.516
2.4130000000000003
2.6830000000000003
2.448
2.361
2.523
2.381
2.475
2.406
2.592
2.474
2.401
2.7110000000000003
2.414
2.656
2.679
2.591
2.47
2.378
2.7060000000000004
2.51
2.71
2.72
2.57
2.505
2.589
2.632
2.324
2.529
2.577
2.667
2.516
2.573
2.616
2.447
2.389
2.521
2.426
2.56
2.421
2.658
2.52
2.268
2.787
2.754
2.528
2.7060000000000004
2.713
2.28
2.637
2.656
2.546
2.28
2.503
2.31
2.577
2.608
2.63
2.484
2.701
2.444
2.513
2.58
2.679
2.463
2.665
2.245
2.504
2.422
2.516
3.155
2.5580000000000003
2.415
2.445
2.559
2.628
2.641
2.702
2.489
2.51
2.564
2.733
2.445
2.572
2.627
2.476
3.051
2.642
2.837
2.631
2.455
2.589
2.431
2.483
2.764
2.633
2.543
2.645
2.516
2.509
2.3480000000000003
2.547
2.463
2.651
2.398
2.392
3.0810000000000004
2.786
2.459
2.319
2.57
2.483
2.84
2.7030000000000003
2.527
2.624
2.662
2.518
2.699
2.495
2.524
2.432
2.8080000000000003
2.356
2.42
2.631
2.419
2.583
2.672
2.6710000000000003
2.494
2.407
2.679
2.685
2.443
2.491
2.604
2.499
2.548
2.645
2.508
2.714
2.589
2.6060000000000003
2.518
2.71
2.46
2.924
2.669
2.386
2.529
2.375
2.291
2.594
2.614
2.745
2.573
2.641
2.374
2.672
2.127
2.2430000000000003
2.422
2.42
2.5580000000000003
2.313
2.627
2.748
2.597
2.523
2.874
2.478
2.498
2.47
2.744
2.479
2.371
2.685
2.419
2.379
2.643
2.5540000000000003
2.378
2.61
2.573
2.741
2.41
2.358
2.579
2.501
2.637
2.648
2.662
2.421
2.546
2.625
2.587
2.674
2.525
3.013
2.319
2.577
2.367
2.736
2.594
2.633
2.757
2.565
2.611
2.31
2.6830000000000003
2.468
2.596
2.6660000000000004
2.576
2.327
2.398
2.716
2.689
2.385
2.406
2.398
2.274
2.891
2.475
2.302
2.546
2.396
2.556
2.357
2.39
2.672
2.655
2.4290000000000003
2.25
2.9810000000000003
2.3280000000000003
2.301
2.456
2.472
2.319
2.63
2.665
2.521
2.633
2.635
2.51
2.679
2.729
2.6860000000000004
2.418
2.7030000000000003
2.55
2.4730000000000003
2.733
2.27
2.476
2.603
2.522
2.404
2.734
2.531
2.545
2.475
2.604
2.612
2.655
2.66
2.415
2.54
2.572
2.514
2.862
2.643
2.431
2.812
2.661
2.69
2.765
2.514
2.533
2.699
2.698
2.441
2.444
2.41
2.514
2.439
2.576
2.51
2.531
2.608
2.519
2.472
2.515
2.425
2.653
2.571
2.362
2.508
2.532
2.546
3.119
2.48
2.442
2.758
2.323
2.395
2.604
2.489
2.456
2.343
2.5780000000000003
2.79
2.541
2.7260000000000004
2.3680000000000003
2.575
2.515
2.322
2.705
2.518
2.542
2.559
2.745
2.532
2.34
2.526
2.557
2.682
2.44
2.587
2.607
1.406
2.649
2.442
2.654
2.379
2.886
2.597
2.41
2.768
2.736
2.579
2.388
2.461
2.5610000000000004
2.8110000000000004
2.3280000000000003
2.633
2.5860000000000003
2.595
2.801
2.483
2.879
2.825
2.665
2.738
2.524
2.424
2.599
2.47
2.696
2.658
2.645
2.336
2.47
2.386
2.565
2.501
2.608
2.501
2.478
2.533
2.43
2.5380000000000003
2.607
2.609
2.465
2.443
2.714
2.617
2.593
2.817
2.6830000000000003
2.442
2.7230000000000003
2.43
2.634
2.575
2.4730000000000003
2.801
2.38
2.615
2.67
2.894
2.642
2.424
2.587
2.614
2.8360000000000003
2.591
2.4730000000000003
2.513
2.416
2.695
2.639
2.782
2.319
2.8710000000000004
2.503
2.643
2.552
2.762
2.577
2.467
2.486
2.269
2.276
2.62
2.373
2.418
2.503
2.702
2.513
2.733
2.572
2.51
2.631
2.966
2.5380000000000003
2.544
2.431
2.365
2.539
2.677
2.506
2.584
2.515
2.725
2.701
2.758
2.388
2.533
2.329
2.5780000000000003
2.588
2.374
2.349
2.471
2.657
2.551
2.335
2.457
2.2
2.421
2.486
2.523
2.625
2.595
2.6460000000000004
2.481
2.397
2.5660000000000003
2.716
2.632
2.43
2.49
2.451
2.8160000000000003
2.444
2.508
2.3280000000000003
2.647
2.51
2.455
2.376
2.537
2.481
2.412
2.674
2.533
2.603
2.585
2.513
2.157
2.595
2.673
2.495
2.645
2.527
2.795
2.487
2.344
2.438
2.652
2.574
2.339
2.505
2.689
2.318
2.391
2.65
2.637
2.491
2.525
2.564
2.4090000000000003
2.464
2.853
2.392
2.56
2.497
2.5380000000000003
2.528
2.472
2.418
2.437
2.51
2.556
2.548
2.68
2.349
2.507
2.673
2.755
2.383
2.64
2.517
2.614
2.023
2.531
2.528
2.7230000000000003
2.442
2.7460000000000004
2.327
2.336
1.811
2.268
2.83
2.232
2.434
2.407
2.679
2.623
2.3280000000000003
1.518
2.614
2.7110000000000003
3.2030000000000003
2.503
2.775
2.6060000000000003
2.645
2.531
2.4290000000000003
2.705
2.783
2.587
2.439
2.33
2.526
2.65
2.537
2.225
2.504
2.649
2.526
2.528
1.946
2.528
2.5340000000000003
2.719
2.343
2.525
2.45
2.571
2.614
2.56
2.531
2.452
2.732
2.359
2.635
2.394
2.486
2.1830000000000003
2.456
2.564
2.545
2.489
2.6660000000000004
2.38
2.479
2.545
2.861
2.57
2.281
2.5540000000000003
2.468
2.644
2.5610000000000004
2.9560000000000004
2.407
2.567
2.874
2.648
2.28
2.588
2.442
2.674
2.457
2.574
2.665
2.716
2.5610000000000004
2.5580000000000003
2.605
2.424
2.4130000000000003
2.529
2.355
2.777
2.511
2.649
2.589
2.362
2.607
2.474
2.286
2.275
2.305
2.356
2.273
2.472
2.7510000000000003
2.468
2.645
2.38
2.588
2.995
2.644
2.619
2.642
2.585
2.759
2.51
2.59
2.654
2.571
2.294
2.4930000000000003
2.441
2.61
2.565
2.648
2.484
2.374
2.668
2.756
2.53
2.442
2.463
2.634
2.634
2.544
2.59
2.2840000000000003
2.425
2.897
2.588
2.432
2.476
2.334
2.516
2.344
2.582
2.77
2.349
2.461
2.61
2.442
2.388
2.509
2.622
2.55
2.71
2.827
2.437
2.439
2.562
2.59
2.331
2.657
2.541
2.4330000000000003
2.472
2.425
2.41
2.576
2.4730000000000003
2.535
2.527
2.5780000000000003
2.622
2.332
2.5340000000000003
2.452
2.4130000000000003
2.514
2.865
2.699
2.579
2.4290000000000003
2.885
2.492
2.901
2.535
2.524
2.544
2.6830000000000003
2.597
2.323
2.602
2.271
2.536
2.437
2.704
2.228
2.478
2.616
2.34
2.4290000000000003
2.535
2.417
2.518
2.648
2.282
2.648
2.489
2.541
2.67
2.511
2.584
2.501
2.447
2.565
2.233
2.826
2.859
2.529
2.515
2.503
2.38
2.802
2.455
2.553
2.461
2.624
2.787
2.458
2.474
2.702
2.594
2.175
2.404
2.372
2.629
2.658
2.702
2.344
2.779
2.435
2.503
2.5610000000000004
2.315
2.688
2.75
2.266
2.559
2.617
2.611
2.596
2.594
2.668
2.349
2.291
2.207
2.406
2.541
2.63
2.485
2.377
2.541
1.631
2.587
2.5610000000000004
2.912
2.7310000000000003
2.504
2.57
2.563
2.592
2.628
2.705
2.476
2.45
2.574
2.371
