3.044
2.057
2.513
2.268
2.553
2.14
2.504
1.869
2.555
2.294
2.324
2.448
1.803
2.455
2.258
2.343
2.582
2.264
2.516
2.226
2.431
2.202
2.285
2.4730000000000003
2.309
2.512
2.342
1.837
2.485
2.47
2.449
2.365
2.127
2.556
2.496
2.186
2.299
2.536
2.403
2.523
2.296
1.951
2.222
2.289
2.839
2.509
2.519
2.539
2.7460000000000004
2.551
2.4290000000000003
2.704
2.3
2.437
2.39
2.32
2.372
2.615
2.547
2.352
2.942
2.254
3.117
2.386
2.873
2.178
2.455
2.358
3.16
2.229
2.439
2.466
2.518
2.403
2.506
2.891
2.416
2.665
2.69
2.338
2.398
2.51
2.654
2.512
2.349
2.378
2.319
2.504
2.298
2.229
2.4530000000000003
2.394
2.373
2.191
2.467
3.3310000000000004
2.523
2.643
2.422
2.742
2.074
2.268
2.393
2.2840000000000003
2.419
2.562
2.419
2.462
2.371
2.491
2.439
2.7910000000000004
2.218
2.28
1.619
2.28
2.476
2.16
2.349
2.543
3.0980000000000003
2.232
2.189
2.494
2.366
2.541
2.372
2.379
2.513
2.488
2.255
2.627
2.498
2.446
2.468
2.532
2.505
2.275
2.139
2.41
2.268
2.515
2.529
2.386
2.427
2.6710000000000003
2.496
2.418
2.709
1.761
2.2
2.392
2.31
2.461
2.2030000000000003
2.464
2.298
2.362
2.525
2.428
2.757
2.435
3.077
2.6260000000000003
2.287
2.539
2.291
2.7430000000000003
2.488
1.998
2.52
2.6260000000000003
2.277
2.245
2.694
2.397
2.769
2.416
2.823
2.238
2.362
2.271
2.278
2.4730000000000003
2.216
2.186
2.097
2.287
2.3040000000000003
2.249
2.24
2.342
2.215
2.388
2.458
2.6010000000000004
2.392
2.217
2.428
2.1180000000000003
2.654
2.363
2.251
2.191
2.356
2.445
2.087
2.497
2.4730000000000003
2.471
2.596
2.37
2.471
2.337
2.18
2.094
2.398
2.631
2.365
2.522
2.459
2.456
2.228
2.393
2.309
2.399
2.393
2.322
2.799
2.732
2.46
2.624
2.374
2.673
2.51
2.33
2.248
2.255
2.202
2.465
2.452
2.6
2.2
2.638
2.386
2.452
2.236
1.837
2.381
2.249
2.404
2.866
2.58
2.533
2.327
2.622
2.313
2.435
2.287
2.462
2.537
2.5
2.469
2.669
2.488
2.174
2.716
2.274
2.5340000000000003
2.266
2.469
2.387
2.891
2.535
2.331
2.277
2.366
2.376
2.377
2.823
2.592
2.2
2.132
2.331
1.975
2.324
2.064
2.184
2.301
2.477
1.921
2.549
2.662
2.299
2.484
2.518
2.7060000000000004
2.5810000000000004
2.177
2.5980000000000003
2.7
2.457
2.427
2.451
2.374
2.458
2.249
2.458
2.364
2.34
2.232
2.16
2.382
2.282
2.551
2.398
2.277
2.156
2.099
2.109
2.485
2.641
2.411
2.297
2.007
2.556
2.5380000000000003
2.323
2.508
2.09
2.271
2.339
2.371
2.662
2.201
2.6260000000000003
2.384
2.248
2.559
2.5580000000000003
2.374
2.468
1.69
2.551
2.407
2.4330000000000003
2.29
2.485
2.519
2.286
2.521
2.301
2.262
2.662
2.225
2.23
2.5340000000000003
2.363
2.805
2.385
2.1590000000000003
2.266
2.337
2.559
2.627
2.564
2.164
2.557
2.4730000000000003
2.37
2.24
2.369
2.286
2.3
2.292
2.193
2.307
2.443
2.362
2.858
2.079
2.319
2.624
2.355
2.112
2.7030000000000003
2.6180000000000003
2.2
2.383
1.842
2.209
1.993
2.303
2.519
2.117
2.8680000000000003
2.306
2.191
2.714
2.207
2.479
2.126
2.463
2.262
2.232
2.39
1.861
2.588
2.395
2.236
2.527
2.427
2.455
2.2430000000000003
2.343
2.212
2.4090000000000003
2.648
2.239
2.213
2.199
2.424
2.385
2.527
2.1590000000000003
2.316
2.393
2.4130000000000003
2.514
2.143
2.392
2.297
2.474
2.283
2.171
2.765
2.248
2.4090000000000003
2.8080000000000003
2.476
2.026
2.451
2.337
2.374
2.071
2.271
2.311
2.985
2.66
2.461
2.358
2.388
2.494
2.3
2.523
2.3480000000000003
2.439
2.42
2.4290000000000003
2.443
2.422
2.108
