2.272
2.226
2.347
2.354
2.904
2.511
2.613
1.737
2.417
2.295
2.38
2.382
2.416
2.717
2.5860000000000003
2.749
1.975
2.552
2.434
2.336
2.4090000000000003
2.313
2.434
2.5340000000000003
2.388
2.7310000000000003
2.498
2.59
2.5980000000000003
2.658
2.488
2.54
2.372
1.993
2.412
2.662
1.899
2.555
2.575
2.67
2.468
2.5810000000000004
2.4130000000000003
2.698
2.301
2.557
2.602
2.688
2.3080000000000003
2.023
2.6180000000000003
2.379
2.714
2.677
2.173
2.864
2.4530000000000003
2.283
2.224
2.5380000000000003
2.385
2.754
2.211
2.137
2.482
1.818
2.7310000000000003
2.62
2.908
2.419
2.222
2.289
2.6660000000000004
2.213
2.659
2.552
2.539
2.384
2.637
2.518
2.783
2.807
2.247
2.735
2.497
2.095
2.254
2.35
2.568
2.506
2.728
2.599
2.358
2.6830000000000003
2.428
2.555
2.589
2.681
2.398
2.324
2.588
2.559
2.285
2.351
2.6010000000000004
2.504
2.312
2.632
2.438
2.582
2.662
2.226
2.508
2.551
2.523
2.335
2.6260000000000003
2.43
2.525
2.367
2.34
2.41
2.416
2.261
2.563
2.501
2.322
2.667
2.334
2.47
2.336
2.524
2.185
2.594
2.462
2.396
2.664
2.018
2.635
2.351
2.634
2.238
2.498
2.245
2.645
2.406
2.543
2.242
2.239
2.4930000000000003
2.696
2.1
2.444
2.754
1.977
2.488
2.651
2.107
2.542
2.5580000000000003
2.545
2.514
2.446
2.833
2.673
2.62
2.021
2.526
2.149
2.4290000000000003
2.837
2.712
2.505
2.517
2.226
2.569
2.3040000000000003
2.492
2.107
2.371
2.373
2.466
2.435
2.174
2.6660000000000004
2.388
2.56
2.424
2.7110000000000003
2.63
2.34
2.126
2.516
2.198
2.669
2.645
2.67
2.533
2.336
2.394
2.635
2.528
1.967
2.685
2.484
2.509
2.659
2.616
2.627
2.343
2.418
2.733
2.439
2.295
2.306
2.6460000000000004
2.648
2.282
2.0
2.396
2.1790000000000003
2.33
2.712
2.8160000000000003
2.71
2.509
1.942
2.602
2.58
2.273
2.0980000000000003
2.714
2.595
2.655
2.6010000000000004
2.351
2.551
2.482
2.637
1.997
2.593
2.332
2.474
2.761
2.425
2.61
2.055
2.471
2.511
2.797
2.496
2.501
2.097
2.814
2.264
2.809
2.377
2.484
2.479
2.2880000000000003
2.472
2.552
2.14
2.476
2.704
2.673
2.334
2.51
2.607
2.64
2.645
2.327
2.457
2.447
2.944
2.563
2.212
2.5860000000000003
2.007
2.482
2.651
2.587
2.518
2.346
2.53
2.302
2.423
2.505
2.918
1.951
2.511
2.51
2.079
2.49
2.351
2.16
2.689
2.036
2.6180000000000003
2.653
2.888
2.591
2.322
1.935
2.714
2.533
2.637
2.435
2.441
2.389
2.529
2.5810000000000004
2.431
2.448
2.548
2.685
2.496
2.515
2.5380000000000003
2.682
2.47
2.162
2.664
2.487
2.27
2.802
2.7710000000000004
2.4090000000000003
2.036
1.99
1.742
2.385
2.319
2.624
2.516
2.528
2.527
2.632
2.487
2.628
2.56
2.614
1.989
2.702
2.562
2.521
1.983
2.928
2.513
2.23
2.196
2.291
2.676
2.347
2.504
2.5610000000000004
2.716
2.47
2.382
2.8
2.405
2.451
2.207
2.459
2.486
2.623
2.425
2.7110000000000003
2.291
2.653
2.52
2.685
2.9960000000000004
2.5780000000000003
2.5580000000000003
2.482
2.709
2.525
2.525
2.24
2.795
2.254
2.41
2.574
2.978
2.58
2.607
2.452
2.553
2.562
2.615
2.545
1.981
2.62
2.657
2.164
2.484
2.124
2.58
2.316
2.06
2.33
2.636
2.608
2.684
2.512
2.508
2.562
2.299
2.877
2.507
2.611
2.431
2.781
2.83
2.5580000000000003
2.748
2.482
2.593
2.521
2.652
2.544
2.083
2.562
2.523
2.65
2.58
2.2230000000000003
2.264
2.5660000000000003
2.599
2.068
1.944
2.275
2.592
2.407
2.654
2.507
2.654
2.5860000000000003
2.499
2.535
2.492
2.3680000000000003
2.681
2.309
2.547
2.052
2.364
2.494
2.498
2.765
2.149
2.347
2.563
2.488
2.664
2.6710000000000003
2.725
2.522
2.464
2.6010000000000004
