2.918
2.864
2.8
2.717
2.948
2.928
3.029
2.838
3.133
2.8680000000000003
2.757
2.891
2.867
2.861
3.112
2.834
2.951
2.6060000000000003
3.026
3.227
3.124
2.837
2.864
2.894
2.9330000000000003
2.614
2.577
3.02
3.305
2.997
2.8710000000000004
2.7910000000000004
2.865
2.96
2.872
2.8
2.846
2.603
2.8710000000000004
2.937
2.9130000000000003
3.053
3.138
2.935
3.275
3.067
2.904
2.801
3.0810000000000004
2.958
3.036
3.035
3.032
3.028
2.833
3.017
2.8280000000000003
3.063
3.213
2.651
2.917
2.935
2.917
2.8110000000000004
2.864
2.825
2.931
2.885
3.113
3.044
2.809
2.881
3.0810000000000004
3.3
3.067
2.9610000000000003
3.024
3.131
3.125
3.003
2.854
2.7430000000000003
3.113
2.89
2.978
2.855
2.938
2.847
3.1060000000000003
2.888
2.909
2.95
3.179
2.9730000000000003
3.052
3.089
3.11
2.842
2.948
2.824
3.221
2.955
2.852
2.932
3.017
2.662
2.984
3.057
3.0610000000000004
2.834
2.897
3.12
3.0980000000000003
3.056
2.881
2.929
3.128
2.732
3.052
3.212
3.002
2.897
3.1910000000000003
3.002
2.7
2.82
3.204
2.942
2.999
3.05
2.8710000000000004
3.137
3.277
2.8280000000000003
2.894
2.826
3.065
2.924
2.877
3.242
2.988
3.035
2.708
2.882
2.7460000000000004
2.818
2.992
3.024
3.083
3.049
2.968
2.954
3.062
2.853
3.0810000000000004
3.131
2.8080000000000003
3.324
3.07
2.9210000000000003
3.029
3.018
3.143
2.919
2.939
3.107
2.9560000000000004
3.284
3.04
2.878
2.884
2.9960000000000004
3.011
2.943
2.988
2.907
2.9330000000000003
3.0780000000000003
3.008
2.716
3.091
2.926
3.11
3.052
2.9930000000000003
2.919
2.865
3.01
2.971
3.01
3.087
3.212
3.3110000000000004
2.95
2.926
2.952
3.065
3.258
3.007
3.006
2.926
3.216
2.944
3.064
3.024
3.024
3.011
2.974
2.847
2.887
2.895
3.122
2.969
3.168
3.012
2.768
3.083
3.028
2.984
2.9
2.894
2.928
2.988
2.979
2.866
3.178
2.948
2.99
3.028
2.992
3.199
2.749
2.917
2.866
2.904
3.147
3.054
2.925
3.147
2.914
2.963
3.189
3.013
2.8510000000000004
2.89
3.15
2.978
2.7060000000000004
3.114
2.958
2.636
2.968
3.31
2.967
3.05
2.992
2.985
2.656
3.018
2.742
2.83
2.911
2.815
2.807
2.8280000000000003
2.841
2.942
2.903
3.164
2.697
2.949
2.825
2.738
2.922
2.95
3.173
3.114
2.81
2.954
3.033
3.088
3.205
2.9130000000000003
3.09
3.0810000000000004
2.869
2.772
2.977
2.766
3.006
2.901
2.727
2.875
2.967
2.927
2.758
2.924
2.9610000000000003
2.966
2.818
2.924
3.144
3.165
3.151
2.918
3.082
3.06
3.0210000000000004
2.806
2.794
2.927
3.0810000000000004
3.131
3.018
2.659
2.852
2.858
3.057
2.926
3.079
3.117
3.094
3.179
2.852
2.957
3.028
3.072
2.677
3.1060000000000003
2.875
3.1210000000000004
2.8110000000000004
2.9410000000000003
2.992
2.778
3.132
2.964
2.989
2.882
3.009
2.9530000000000003
3.108
2.878
3.062
3.196
3.103
2.847
2.852
2.895
2.929
3.085
3.043
2.77
2.897
3.0210000000000004
2.915
3.064
2.9360000000000004
2.844
2.9210000000000003
2.877
2.825
3.0660000000000003
3.17
2.8710000000000004
3.205
3.149
2.857
2.991
2.9360000000000004
2.832
3.261
2.886
2.9210000000000003
3.068
2.864
3.1210000000000004
2.8560000000000003
3.129
3.039
2.972
3.175
2.9
3.014
2.986
3.082
2.969
2.762
2.9210000000000003
2.932
2.967
2.9760000000000004
2.9960000000000004
2.952
3.034
3.3110000000000004
3.083
3.208
2.929
3.198
2.911
3.018
3.004
2.957
2.853
2.823
3.028
2.963
3.025
3.107
3.2
2.803
3.048
2.919
2.967
3.3280000000000003
3.03
3.0860000000000003
3.026
2.9330000000000003
3.292
3.199
3.225
2.681
2.872
2.8760000000000003
3.148
3.192
2.964
2.9160000000000004
3.278
2.917
2.802
3.049
3.29
3.178
2.987
3.228
2.925
2.8710000000000004
3.004
2.966
3.049
2.885
2.925
3.008
2.998
2.988
2.665
3.117
2.934
3.089
3.047
3.13
3.084
2.884
2.9130000000000003
2.899
3.212
2.873
2.998
3.234
3.136
2.82
2.862
3.085
3.15
3.097
3.084
3.033
2.951
2.748
3.02
2.9530000000000003
3.105
2.959
3.035
2.8
2.912
2.879
2.89
2.964
3.026
3.04
3.007
2.793
3.076
2.818
2.914
2.975
2.957
2.658
3.03
2.932
2.947
3.3510000000000004
2.84
3.113
3.218
3.062
3.3510000000000004
2.948
3.124
3.032
2.946
2.815
3.136
2.978
3.004
2.978
3.045
2.765
2.999
2.692
2.997
3.019
2.91
2.965
3.085
3.1010000000000004
3.033
3.199
2.65
3.07
3.073
2.797
2.932
2.924
3.01
2.728
2.655
2.873
2.837
2.9560000000000004
3.018
2.774
3.165
2.889
2.9410000000000003
3.214
2.9530000000000003
2.672
3.131
3.005
2.966
3.28
3.179
2.886
3.087
3.015
2.928
3.072
2.892
2.994
3.04
2.94
2.795
2.935
2.992
3.084
3.0780000000000003
2.9930000000000003
3.079
2.9930000000000003
2.721
3.089
2.8480000000000003
3.069
3.005
2.919
2.895
2.855
2.949
3.169
2.843
2.99
2.963
3.192
2.569
2.522
3.282
3.026
3.151
3.089
2.849
2.91
2.878
3.133
3.057
3.011
3.151
2.985
2.7310000000000003
2.7910000000000004
2.707
2.934
2.958
3.084
2.943
2.829
3.082
2.96
2.891
2.8280000000000003
2.906
3.199
2.93
2.687
2.829
2.907
2.62
2.9930000000000003
3.1460000000000004
3.002
2.909
3.136
2.946
3.117
3.089
2.714
3.089
3.087
3.114
3.195
2.997
2.926
2.819
3.209
2.819
2.8280000000000003
3.0010000000000003
2.889
3.182
2.895
3.07
2.813
2.715
3.15
3.016
3.091
3.097
3.102
3.375
3.048
2.974
3.151
2.756
2.894
2.949
3.011
2.879
3.0
3.009
3.085
2.977
2.802
2.99
3.157
2.855
3.1
2.763
3.107
2.677
2.965
3.1
3.044
2.918
3.168
3.095
3.094
2.821
3.05
2.95
3.1180000000000003
2.88
2.905
3.062
2.803
3.148
2.907
2.92
3.0460000000000003
3.018
2.7910000000000004
2.907
3.039
3.105
2.908
2.679
2.967
2.853
2.9
2.9560000000000004
2.824
2.952
2.955
2.823
2.938
3.21
3.113
2.9210000000000003
3.069
3.177
3.252
2.984
3.12
3.162
2.647
2.885
3.067
3.082
2.8960000000000004
2.903
2.893
3.01
2.864
3.133
2.9160000000000004
2.8160000000000003
3.076
3.239
2.9330000000000003
3.0780000000000003
3.06
3.162
3.088
2.994
2.76
3.353
2.813
2.893
2.72
2.999
2.86
3.091
2.843
2.86
2.8960000000000004
2.989
2.898
2.842
2.99
3.085
3.036
3.32
2.888
3.24
3.104
3.003
2.983
2.971
3.028
2.935
3.097
3.114
3.069
3.02
3.2430000000000003
2.839
3.198
2.665
2.659
3.0580000000000003
2.781
2.298
3.06
3.282
2.688
2.911
2.779
2.9960000000000004
3.082
3.002
2.709
3.033
2.958
2.9810000000000003
2.911
3.019
2.872
2.6260000000000003
3.112
2.815
2.966
3.053
3.168
2.882
2.939
2.873
2.6210000000000004
2.853
3.108
2.846
2.754
2.846
2.971
3.025
3.221
2.88
2.972
3.137
2.96
2.73
2.974
2.907
3.1
2.903
2.875
3.0810000000000004
2.942
3.2110000000000003
3.07
2.8510000000000004
3.074
3.013
2.305
3.168
2.932
2.75
2.957
2.923
3.262
2.789
2.8680000000000003
3.031
3.089
3.19
3.147
2.594
2.873
3.179
2.994
3.2230000000000003
2.943
2.986
3.012
3.053
2.955
2.738
3.137
2.894
3.178
3.2110000000000003
2.7910000000000004
2.907
2.882
3.099
2.8110000000000004
2.9930000000000003
2.8310000000000004
2.91
2.985
2.903
2.802
2.939
3.2110000000000003
2.843
3.002
3.1630000000000003
2.8960000000000004
3.013
2.465
3.109
3.062
3.064
2.95
2.9210000000000003
2.827
3.115
3.357
2.99
2.926
3.047
2.674
3.087
2.879
3.075
3.089
3.091
2.923
2.286
3.149
2.904
2.962
3.179
2.677
3.05
2.77
2.803
2.8080000000000003
2.9330000000000003
3.054
3.045
2.974
3.1860000000000004
3.125
2.945
2.939
2.858
2.804
2.9960000000000004
2.987
2.95
3.21
3.037
2.858
2.94
2.962
2.818
2.889
3.197
2.939
2.928
3.25
3.049
3.088
3.19
3.052
2.9130000000000003
2.842
3.136
3.017
2.883
2.971
2.94
2.935
2.812
3.108
2.758
2.886
3.006
2.908
3.133
3.052
3.165
2.998
3.136
2.968
3.0
2.909
3.004
3.2880000000000003
2.749
2.92
2.772
3.055
3.173
2.9810000000000003
2.985
3.1260000000000003
3.05
2.9410000000000003
3.027
2.967
3.109
2.92
2.9
3.036
2.823
3.054
3.0380000000000003
2.762
2.9810000000000003
3.193
2.927
2.93
2.987
2.8680000000000003
2.946
2.954
2.781
2.9330000000000003
2.821
3.304
2.885
3.022
3.092
3.076
3.052
2.881
2.967
2.96
2.807
2.959
2.88
2.857
2.757
2.879
2.992
2.783
3.033
3.0010000000000003
2.938
3.26
3.053
3.357
2.77
2.785
2.879
3.1860000000000004
3.067
3.073
2.846
2.954
2.818
3.0810000000000004
3.148
2.806
3.027
2.975
3.022
2.8710000000000004
2.934
3.254
2.907
3.0410000000000004
2.813
3.057
2.75
2.989
2.9130000000000003
2.893
3.073
3.179
2.718
3.056
3.059
2.9360000000000004
3.159
2.972
3.076
3.224
3.035
3.128
2.877
3.036
2.878
2.879
2.947
3.074
2.917
2.985
2.927
2.925
2.847
3.135
3.152
2.9360000000000004
3.012
2.834
2.852
3.105
3.23
3.085
3.0380000000000003
3.031
2.978
2.935
2.872
3.029
3.065
3.109
3.0860000000000003
3.181
2.968
2.832
2.854
2.995
2.733
3.022
3.165
2.813
3.006
3.164
2.965
2.812
3.002
2.951
3.181
3.208
3.127
3.088
2.67
2.991
3.0860000000000003
2.76
3.068
2.952
2.9160000000000004
2.903
2.657
2.786
3.054
3.197
3.022
2.935
2.939
2.971
3.071
2.988
3.089
3.015
2.79
2.667
3.2030000000000003
2.842
3.051
2.787
3.117
2.709
3.011
3.011
2.9560000000000004
2.99
3.023
3.114
2.7460000000000004
2.977
3.027
2.895
2.9360000000000004
2.979
2.979
3.017
2.989
2.915
3.032
2.8710000000000004
2.9560000000000004
3.147
3.1660000000000004
3.153
3.039
2.721
3.0860000000000003
2.908
3.152
3.0810000000000004
3.0780000000000003
2.929
3.117
3.214
3.169
2.902
2.798
2.838
3.218
3.208
2.9360000000000004
3.05
3.169
3.149
3.031
3.018
2.9210000000000003
2.879
3.109
2.769
2.888
2.918
2.923
2.982
3.1260000000000003
2.804
2.865
3.275
3.114
3.082
2.881
2.944
2.925
3.063
2.927
2.984
3.037
2.9610000000000003
2.9410000000000003
3.039
2.8
2.895
2.918
3.023
3.286
2.87
2.975
2.879
2.721
2.972
2.9760000000000004
3.104
3.039
3.193
2.9130000000000003
2.937
3.015
2.917
2.959
2.95
3.025
2.792
3.087
3.027
2.931
2.931
3.049
3.015
2.9930000000000003
2.758
2.943
3.04
2.97
3.07
2.85
2.982
2.823
2.854
3.05
3.0
3.334
3.363
2.906
2.888
2.842
3.013
2.909
3.12
3.048
2.922
3.0410000000000004
3.025
3.027
2.869
2.955
3.198
2.823
2.9330000000000003
2.772
2.814
3.0980000000000003
3.109
2.909
2.767
2.84
2.8360000000000003
3.345
2.934
2.865
3.068
2.6860000000000004
2.839
3.087
2.965
2.886
2.767
3.0610000000000004
2.807
2.978
3.1010000000000004
2.802
2.992
3.032
2.88
3.249
3.026
2.697
2.984
2.998
2.991
3.0460000000000003
3.272
2.834
2.644
3.0010000000000003
3.037
2.935
2.969
2.975
2.951
3.005
3.007
2.7710000000000004
3.197
3.068
2.802
2.872
3.224
3.099
2.932
3.187
2.867
2.948
2.897
3.037
2.709
2.917
3.185
3.032
3.047
3.335
3.149
3.125
2.9760000000000004
2.829
2.9560000000000004
2.997
2.879
2.963
2.982
3.0010000000000003
2.846
2.965
2.919
3.128
2.948
3.042
3.004
3.147
2.966
3.116
3.029
3.094
2.901
2.845
2.8560000000000003
2.947
3.0460000000000003
3.064
2.911
3.1460000000000004
2.863
2.922
3.045
2.739
3.2230000000000003
3.108
2.869
2.983
3.105
2.8680000000000003
3.125
2.899
2.99
2.825
2.967
2.867
3.097
3.102
3.018
3.128
3.144
3.075
2.8680000000000003
2.846
2.782
2.8760000000000003
3.054
2.867
3.085
3.167
3.008
3.134
3.029
3.036
2.89
3.0
3.051
3.052
2.353
3.18
2.917
3.002
2.841
3.153
2.924
2.9410000000000003
3.037
3.144
3.025
2.713
3.173
3.17
3.11
2.793
2.823
2.992
2.947
3.062
3.132
3.139
3.042
2.992
3.082
2.822
2.841
3.035
2.989
3.084
2.995
3.07
2.818
2.9130000000000003
2.8160000000000003
3.07
2.998
3.053
3.022
3.016
2.901
3.004
2.803
2.965
3.091
3.19
2.944
3.128
3.173
3.329
3.187
2.914
2.804
3.031
3.127
2.988
2.865
2.945
2.889
3.022
3.0780000000000003
3.155
3.053
2.927
3.064
3.23
2.7310000000000003
3.067
3.0860000000000003
2.804
3.0580000000000003
2.625
2.727
2.857
3.088
2.846
3.189
2.8960000000000004
2.825
3.022
3.2510000000000003
3.067
2.999
2.948
2.882
2.6860000000000004
3.177
2.937
2.895
2.859
2.985
3.135
3.204
2.829
2.853
3.205
3.059
3.103
2.988
2.77
3.002
2.83
3.03
2.938
3.008
2.82
3.064
2.972
3.055
3.08
3.0
3.004
3.18
3.201
2.837
3.023
2.838
2.9410000000000003
2.812
2.93
2.957
2.8110000000000004
2.891
3.1630000000000003
3.194
2.814
3.143
2.802
2.945
3.147
3.051
3.032
3.161
3.034
3.156
3.138
3.039
3.0010000000000003
2.98
2.966
3.164
2.879
3.062
2.907
2.906
3.114
2.782
3.159
2.957
2.991
2.809
2.935
2.7710000000000004
2.966
2.9530000000000003
2.838
2.893
3.0810000000000004
2.93
2.772
2.744
2.984
3.1210000000000004
2.931
2.656
2.978
3.347
2.92
2.863
2.926
3.107
2.898
2.918
2.883
3.072
2.949
3.252
2.955
2.999
2.987
2.875
2.713
2.978
2.864
2.9610000000000003
2.966
3.014
3.196
3.037
2.705
2.944
2.934
3.12
2.6860000000000004
3.082
2.9810000000000003
3.11
2.515
3.084
2.878
3.1010000000000004
2.969
2.952
2.926
2.8560000000000003
2.048
2.959
3.089
2.826
2.908
2.9360000000000004
3.028
2.997
2.786
1.826
2.79
3.048
2.94
2.934
2.949
2.991
2.903
2.979
2.7910000000000004
3.173
3.169
3.033
2.945
2.873
2.8560000000000003
3.094
3.011
3.089
2.966
3.157
2.968
3.017
3.065
3.197
2.965
2.966
2.878
3.067
2.922
3.132
3.028
2.753
2.979
2.947
2.611
2.758
2.79
3.1010000000000004
2.911
2.995
3.1710000000000003
2.97
3.033
2.7060000000000004
3.01
2.759
2.888
3.012
3.346
2.931
3.005
3.177
3.002
2.949
3.089
3.005
2.9530000000000003
3.129
3.065
3.043
2.804
2.977
3.0380000000000003
3.0780000000000003
2.866
2.894
2.977
2.865
2.89
3.2230000000000003
2.97
2.903
2.912
2.8510000000000004
3.032
3.032
3.045
2.82
3.071
2.79
3.144
2.865
2.479
2.905
3.05
3.122
2.784
3.015
2.902
2.756
3.128
2.894
3.01
3.031
3.107
3.006
3.175
2.97
3.1660000000000004
2.879
3.22
3.043
2.875
2.685
3.112
2.833
3.01
3.011
3.088
3.017
3.0980000000000003
3.07
3.325
3.055
3.002
2.989
3.009
2.9930000000000003
3.14
3.1
2.8310000000000004
2.934
3.268
2.5610000000000004
2.966
2.988
2.628
3.007
2.603
2.9930000000000003
2.872
2.914
3.003
3.115
2.852
3.0010000000000003
2.907
2.9160000000000004
2.9530000000000003
2.945
3.077
3.044
3.03
3.122
2.975
2.7230000000000003
2.827
2.799
2.846
2.843
2.786
2.862
2.952
2.9810000000000003
2.96
2.96
3.1210000000000004
3.048
2.886
2.937
3.064
2.925
3.017
3.136
3.0580000000000003
3.22
2.7230000000000003
2.987
2.99
2.858
2.942
2.9530000000000003
2.988
2.852
2.794
2.9
3.018
3.033
2.702
3.139
2.909
2.99
2.768
2.819
2.975
2.846
3.159
2.972
2.837
2.864
2.884
3.074
3.052
3.0460000000000003
3.165
2.9530000000000003
2.937
3.025
2.946
3.039
2.885
3.149
2.717
3.024
2.919
2.999
2.857
3.0410000000000004
2.994
3.216
3.0460000000000003
2.829
2.914
2.9160000000000004
2.85
3.095
2.857
2.87
2.903
3.03
3.04
2.984
3.208
2.967
3.188
2.877
2.821
3.022
3.102
3.025
3.032
3.0380000000000003
3.032
3.094
3.115
3.115
2.954
2.814
2.813
2.689
3.072
2.958
2.987
3.0580000000000003
2.911
2.94
3.031
2.208
3.18
2.903
2.986
2.988
2.9160000000000004
2.952
2.972
2.9210000000000003
2.87
3.088
2.752
3.091
2.768
2.895
