2.766
2.416
2.75
2.748
2.869
2.9330000000000003
2.839
1.38
2.591
2.547
2.795
2.335
2.549
2.557
2.773
2.48
2.549
2.562
2.633
2.471
2.33
2.416
2.651
2.449
2.702
2.693
2.722
2.667
2.605
2.737
2.464
2.757
2.418
2.457
2.53
2.718
2.634
2.799
2.651
2.72
2.56
2.632
2.498
2.795
3.035
2.698
2.702
2.872
2.823
2.604
2.652
2.707
2.697
2.797
2.52
2.656
2.669
2.495
2.624
2.769
2.56
2.94
2.709
2.478
2.506
1.833
2.794
2.632
2.8
2.57
2.464
2.6860000000000004
2.78
2.497
2.639
2.407
2.642
2.861
2.793
2.633
2.694
2.872
2.344
3.047
2.4730000000000003
2.399
2.6210000000000004
2.391
2.635
2.482
2.955
2.854
2.432
2.756
2.677
2.829
2.253
2.888
2.491
2.767
2.72
2.5810000000000004
2.68
2.366
2.677
2.729
2.672
2.844
2.551
2.748
2.863
2.847
2.599
2.553
2.699
2.4130000000000003
2.454
2.685
2.52
2.685
2.781
2.434
2.449
2.64
2.339
2.651
2.488
2.7
2.354
2.63
2.461
2.484
2.2430000000000003
2.721
2.861
2.679
2.632
2.639
2.633
2.446
2.917
2.821
2.515
2.474
2.644
2.665
2.532
2.676
2.622
2.494
2.795
2.739
2.576
2.8110000000000004
2.444
2.767
2.653
2.604
2.713
2.8110000000000004
2.766
2.7260000000000004
2.72
2.86
2.625
2.873
2.298
2.5580000000000003
2.59
2.71
2.563
2.677
2.8280000000000003
2.674
2.5780000000000003
2.5380000000000003
2.797
2.698
2.825
2.597
2.441
2.839
2.722
2.481
2.7910000000000004
2.305
2.689
2.821
2.795
2.9560000000000004
2.474
2.443
2.633
2.567
2.742
2.693
2.535
2.4930000000000003
2.342
2.38
2.655
2.68
2.399
2.789
2.61
2.585
2.684
2.541
2.595
2.484
2.763
2.7060000000000004
2.397
2.378
2.6860000000000004
2.579
2.605
2.879
2.407
2.472
2.465
2.481
2.854
2.8960000000000004
2.697
2.544
2.713
2.9210000000000003
2.609
2.631
2.5580000000000003
2.815
2.488
2.813
2.649
2.523
2.58
2.431
2.487
2.468
2.541
2.687
2.387
2.722
2.451
2.75
2.61
2.88
2.717
2.719
2.542
2.662
2.873
2.7
2.57
2.798
2.733
2.7460000000000004
2.5580000000000003
2.78
2.659
2.591
2.508
2.481
2.764
2.648
2.92
2.63
2.917
2.844
2.833
2.62
2.777
2.8110000000000004
2.989
2.189
2.55
2.769
2.546
2.709
2.975
2.846
2.488
2.61
2.426
2.819
2.551
2.622
2.892
2.589
2.491
2.665
2.297
2.709
2.6260000000000003
2.507
2.8960000000000004
2.727
2.567
2.714
2.747
2.614
2.541
2.494
2.758
2.769
2.501
2.889
2.645
2.471
2.6830000000000003
2.719
2.672
2.555
2.69
2.883
2.74
2.764
2.544
3.019
2.63
2.725
2.719
2.596
2.514
2.875
2.88
2.361
2.563
2.423
2.4730000000000003
2.7510000000000003
2.584
3.04
2.535
2.622
2.605
2.567
2.865
2.773
2.518
2.512
1.991
2.704
2.627
2.395
2.3480000000000003
2.864
2.6010000000000004
2.452
2.644
2.54
2.904
2.6210000000000004
2.417
2.665
2.784
2.705
2.694
2.739
2.257
2.62
2.5660000000000003
2.488
2.495
2.82
2.447
2.505
2.556
2.602
2.712
2.844
2.893
2.659
2.5380000000000003
2.635
2.727
2.497
2.62
2.512
2.728
2.6210000000000004
2.758
2.712
2.869
2.747
2.772
2.549
2.436
2.539
2.792
2.71
2.54
2.886
2.662
2.657
2.63
2.267
2.4730000000000003
2.577
2.377
2.336
2.44
2.78
2.699
2.689
2.591
2.923
2.709
2.889
2.514
2.563
2.494
2.693
2.853
2.69
2.74
2.7460000000000004
2.602
2.353
2.49
2.518
2.472
2.697
2.655
2.662
2.551
2.608
2.877
2.188
2.543
2.298
2.895
2.378
2.729
2.51
2.8110000000000004
2.496
2.792
2.6180000000000003
2.622
2.734
2.559
2.661
2.653
2.515
2.5980000000000003
2.947
2.958
2.51
2.696
2.462
2.402
2.665
2.607
2.502
2.737
2.642
2.987
2.559
2.742
2.817
