2.047
2.322
2.156
2.001
1.904
2.27
2.219
2.201
2.0780000000000003
2.156
1.67
2.119
2.117
2.061
2.056
2.25
2.193
1.946
2.049
2.25
1.945
2.046
1.96
2.248
2.087
1.811
2.104
2.246
2.282
2.209
2.263
2.042
2.075
2.107
2.271
2.067
2.154
1.974
2.215
2.082
2.06
2.004
2.228
1.96
2.221
1.97
2.18
2.158
2.229
2.256
2.19
2.152
2.225
2.298
2.015
1.732
2.071
2.012
2.255
2.062
1.881
2.1
2.059
2.198
2.196
2.085
1.911
1.902
2.26
2.273
2.057
2.053
2.4330000000000003
2.094
2.089
2.324
2.106
2.158
2.132
2.023
1.868
2.021
1.948
2.097
1.809
2.197
2.232
2.463
2.208
2.109
2.123
2.0540000000000003
2.05
2.089
2.202
2.142
1.882
2.079
2.234
2.081
1.908
1.922
2.086
2.158
2.205
1.693
2.395
2.167
2.2030000000000003
2.019
1.836
2.419
2.0380000000000003
2.097
1.617
2.229
2.196
2.063
2.148
2.042
2.205
2.045
2.283
1.946
1.976
2.097
2.126
2.259
2.121
2.224
1.845
1.897
2.1590000000000003
1.977
1.824
1.811
1.975
2.015
2.124
2.451
2.173
2.003
1.99
2.064
1.882
2.048
2.275
1.996
2.213
2.007
2.211
2.199
2.164
2.035
2.312
2.009
2.094
2.297
2.068
2.019
2.231
1.929
2.119
2.023
2.074
2.512
2.035
1.85
2.061
2.146
2.22
2.047
2.353
2.249
2.2880000000000003
2.2430000000000003
2.184
2.233
2.169
1.865
2.467
1.956
2.079
2.03
2.224
2.084
2.1590000000000003
2.062
2.067
2.092
1.946
2.042
2.0
1.997
2.149
2.162
1.926
2.033
2.224
2.338
2.246
2.209
2.131
1.888
2.085
2.294
2.164
2.3280000000000003
2.275
2.048
2.192
2.046
1.929
2.13
2.19
2.1
2.209
2.228
2.2030000000000003
2.276
2.154
2.024
1.964
2.185
2.084
2.171
2.278
1.892
2.204
2.176
1.965
2.104
2.028
2.178
2.15
2.186
2.236
2.279
2.261
1.823
2.24
2.204
2.105
2.207
2.056
2.351
2.274
2.061
2.1590000000000003
2.228
2.081
2.084
1.973
2.265
2.246
2.248
1.988
1.5530000000000002
2.242
1.956
1.848
2.198
2.061
2.099
2.126
2.169
2.202
2.189
2.384
1.926
2.225
1.914
1.974
2.141
1.861
2.182
2.253
1.98
2.215
2.212
2.14
2.415
1.939
2.335
1.947
2.071
1.87
1.97
2.191
2.204
2.237
2.009
2.306
2.148
2.113
2.06
2.055
2.064
1.833
2.03
2.314
1.777
2.252
1.906
2.021
2.12
2.067
2.125
1.998
1.858
2.094
2.236
2.264
2.147
2.041
1.795
2.006
2.117
2.227
2.01
2.161
2.017
2.439
2.334
2.289
2.28
2.055
1.702
2.187
1.848
1.843
2.073
2.104
2.184
1.958
2.12
2.066
2.198
1.905
1.848
2.0580000000000003
2.082
2.176
2.048
2.051
2.172
2.125
1.883
2.067
2.069
2.225
2.238
2.083
2.176
1.951
2.339
1.82
2.109
2.084
2.155
2.135
2.335
2.121
2.231
1.845
1.954
2.065
2.0
2.286
1.905
2.075
2.224
1.893
2.043
2.291
2.137
2.306
1.921
2.13
2.126
2.306
2.072
1.755
2.313
2.332
2.389
2.247
1.906
2.332
2.131
2.407
2.219
1.868
2.198
1.811
2.247
2.327
2.032
2.185
2.084
2.008
2.178
2.162
1.856
1.895
1.988
2.006
2.043
2.212
1.987
2.065
2.068
1.906
1.882
2.075
2.232
2.212
2.161
2.037
1.941
2.289
2.167
2.271
2.189
2.129
1.946
1.939
2.151
2.0540000000000003
2.071
1.901
2.093
1.85
2.158
2.099
1.692
2.242
2.206
1.909
2.143
2.239
1.986
2.272
2.226
1.989
2.232
2.3680000000000003
1.969
1.897
2.357
1.978
1.811
2.154
2.115
2.21
2.121
2.032
1.978
2.204
2.188
2.129
2.107
2.276
2.133
2.188
1.807
1.945
2.141
2.027
2.091
2.133
2.08
2.233
1.979
2.114
2.12
2.359
1.955
2.074
1.907
2.021
2.071
2.186
2.46
2.529
1.924
2.065
1.958
1.823
1.997
2.177
2.144
2.03
1.986
2.276
2.286
2.125
2.338
2.298
2.156
2.352
2.168
2.193
2.109
2.192
2.127
2.188
1.875
1.977
2.22
1.982
1.951
2.066
1.996
2.047
2.025
2.312
1.917
2.198
2.209
2.322
2.102
2.079
2.209
2.009
1.966
2.246
2.043
1.993
1.969
1.87
2.143
2.154
2.169
2.0540000000000003
2.249
2.358
2.246
2.07
2.219
2.028
2.253
1.979
2.148
2.114
2.122
1.912
2.166
2.359
2.092
2.157
2.108
2.248
2.131
2.082
2.089
2.033
2.256
2.206
2.033
2.225
2.154
2.297
2.244
2.162
2.234
2.082
2.241
2.154
2.3040000000000003
2.059
2.064
2.286
2.182
1.941
2.16
2.291
2.396
2.086
1.768
2.246
2.122
2.204
1.964
1.843
2.0340000000000003
2.17
1.999
2.152
2.101
1.91
2.2
1.867
1.577
1.846
2.122
2.16
2.229
1.953
1.846
2.129
1.884
2.005
2.225
1.689
2.232
2.174
2.242
1.846
1.912
1.91
2.07
2.325
1.98
2.227
1.943
2.2030000000000003
2.19
2.184
2.103
2.365
2.236
2.124
2.256
2.016
2.187
2.128
2.168
2.108
1.961
2.109
2.116
2.143
1.994
2.242
2.172
2.156
2.107
2.091
2.105
2.145
2.337
2.113
2.217
1.981
2.027
2.067
2.299
2.373
2.249
1.683
2.146
2.236
2.191
2.166
2.052
2.228
1.96
1.937
2.164
1.967
1.846
2.043
2.094
2.164
2.097
2.022
1.975
2.207
1.943
1.986
2.101
2.174
2.213
2.182
2.133
2.072
2.11
2.27
2.149
2.343
2.057
2.033
2.376
2.024
2.249
2.106
2.086
2.025
2.08
2.07
2.205
1.766
2.052
2.06
1.856
1.838
2.117
2.259
2.11
1.823
2.214
2.036
2.449
1.794
2.142
2.396
1.741
2.116
2.024
2.01
2.187
2.136
1.895
2.077
2.248
2.158
1.77
1.761
2.358
2.137
1.781
1.9
2.12
2.153
2.241
2.079
1.989
2.22
2.18
2.089
1.771
2.193
2.037
2.08
2.075
2.02
2.001
2.319
2.002
2.103
2.117
2.111
2.199
2.253
2.15
2.027
2.239
2.131
2.257
2.187
2.24
2.065
2.102
2.088
2.189
2.281
2.184
2.073
2.168
1.872
1.926
2.324
2.234
2.108
2.007
2.198
1.948
2.099
1.935
2.315
1.999
2.222
2.031
2.113
2.232
2.117
2.134
2.426
2.144
1.939
2.321
2.136
2.022
2.1790000000000003
2.191
1.912
2.071
2.269
1.851
1.842
2.289
2.077
2.155
1.93
2.127
2.0380000000000003
2.096
2.135
1.86
2.3280000000000003
2.133
1.952
2.332
2.325
2.184
2.26
2.209
1.938
2.033
2.38
1.984
2.036
2.212
1.879
1.845
1.995
2.095
2.238
2.149
1.947
2.313
2.094
1.869
2.028
2.207
2.004
2.211
2.003
2.1630000000000003
2.386
2.1630000000000003
2.158
1.981
2.232
2.035
2.271
2.029
2.152
2.109
2.366
1.692
2.057
1.93
2.102
2.0340000000000003
1.964
2.247
2.0
1.99
2.38
2.208
2.23
1.918
2.419
2.221
1.742
2.432
2.18
2.175
2.028
1.882
1.951
2.068
2.209
2.128
2.274
2.261
2.391
2.335
2.112
1.995
2.125
1.911
1.977
1.819
2.1790000000000003
2.101
2.23
2.131
2.249
2.156
2.229
2.168
2.248
1.948
2.0
1.681
2.172
1.953
2.149
2.149
2.105
2.138
2.327
2.358
2.068
2.046
1.917
2.149
2.055
2.3480000000000003
2.143
2.018
2.359
2.228
2.258
2.109
2.0380000000000003
2.307
2.149
2.244
1.959
2.379
2.192
2.352
2.122
2.362
2.25
2.171
1.974
2.213
2.019
2.131
2.178
2.195
2.043
2.119
1.903
2.014
2.278
2.3080000000000003
2.139
2.295
2.068
2.0
1.968
2.085
2.152
1.94
2.143
2.287
2.008
2.145
2.062
1.995
2.022
2.051
1.876
2.206
2.182
2.145
1.996
2.283
2.047
2.0
2.153
2.349
2.09
2.11
2.158
1.969
2.162
2.339
2.121
1.842
2.383
2.12
2.424
2.146
2.228
2.143
2.207
2.301
2.186
2.311
2.01
2.138
2.106
2.185
1.878
2.031
2.21
1.884
2.25
2.143
2.014
2.218
2.2430000000000003
2.258
2.185
2.3080000000000003
2.08
2.297
2.201
2.151
2.01
2.194
1.961
2.336
1.991
2.245
2.086
2.143
2.095
2.29
2.189
2.271
2.181
2.307
2.093
1.883
2.292
2.1590000000000003
1.905
2.181
1.951
2.278
2.044
2.17
2.333
2.186
1.956
2.252
1.956
2.211
2.114
2.074
2.334
2.215
1.918
2.044
2.569
2.214
2.164
2.014
1.904
2.068
2.189
2.321
1.791
2.189
2.193
2.192
2.062
2.317
2.334
2.177
2.119
2.264
1.968
2.017
2.136
2.454
2.16
2.464
2.019
2.234
1.949
2.385
2.2230000000000003
2.0380000000000003
2.114
2.363
2.251
2.185
2.127
1.959
1.963
2.1790000000000003
2.106
2.088
1.815
1.919
2.152
2.083
2.039
2.2840000000000003
2.186
1.915
2.155
1.917
2.093
2.264
2.21
1.998
2.302
1.73
2.007
2.097
1.874
2.125
2.218
2.149
1.905
2.152
2.089
2.227
2.008
1.82
2.101
2.222
2.255
2.015
2.093
2.346
2.161
2.092
2.01
1.727
2.376
2.435
2.112
2.135
2.202
2.102
2.1790000000000003
2.411
2.059
2.089
2.141
2.23
2.1830000000000003
2.04
2.0780000000000003
2.086
2.014
2.096
2.137
2.189
1.847
2.316
2.245
2.03
2.334
2.096
2.151
2.082
2.121
2.166
2.016
2.315
2.23
2.035
2.101
2.082
2.446
2.155
1.979
2.276
2.291
2.354
2.148
2.262
2.007
2.242
2.032
2.335
1.943
2.029
2.195
2.345
2.2230000000000003
2.153
2.238
2.127
2.487
2.233
1.898
2.2840000000000003
2.123
2.121
2.003
2.099
2.114
2.312
2.354
2.3040000000000003
2.04
1.739
2.108
2.026
2.168
2.057
2.095
2.17
2.154
1.981
2.142
2.356
2.11
2.3040000000000003
1.833
2.299
2.031
1.907
1.98
1.851
2.4090000000000003
2.147
2.196
2.174
2.253
2.01
2.352
2.195
2.056
1.903
2.063
2.19
2.198
2.023
1.871
2.087
1.826
2.103
2.182
2.262
2.044
2.28
1.968
2.011
2.066
2.391
2.025
2.248
2.124
2.385
2.282
2.182
2.187
2.104
1.893
2.025
2.04
1.869
1.962
1.921
2.316
2.4
2.081
2.064
2.091
1.942
2.233
2.214
2.106
2.099
2.173
2.09
1.796
1.926
1.949
2.162
2.11
2.193
1.809
2.358
2.018
1.902
2.306
1.967
2.281
2.086
2.165
2.194
2.239
2.191
2.185
2.373
2.096
1.96
2.295
2.352
2.0380000000000003
2.262
2.152
2.277
1.895
2.045
2.044
2.121
2.187
2.278
2.338
2.27
2.13
2.174
2.336
2.105
1.763
2.199
2.305
1.882
1.983
2.108
2.236
2.045
2.047
2.065
2.026
2.232
1.851
2.21
1.965
1.876
2.148
2.338
2.297
2.149
2.261
2.261
2.127
2.276
2.069
2.187
2.319
2.143
2.006
2.29
2.101
1.77
2.233
1.983
2.116
2.16
2.146
2.067
2.025
2.105
1.91
2.2
1.881
2.261
2.22
2.217
1.813
2.131
2.177
1.986
2.104
1.795
2.112
2.261
1.906
2.255
2.174
2.033
2.147
2.076
2.267
2.2230000000000003
2.131
2.225
2.231
2.342
2.209
2.154
1.956
2.074
1.833
2.019
2.264
2.208
2.09
2.07
2.141
1.713
2.206
2.192
2.127
2.181
2.238
1.843
1.916
2.102
2.443
2.21
2.048
2.112
2.057
2.129
2.01
2.053
1.904
2.085
1.868
2.242
2.174
2.053
2.107
2.061
2.129
2.171
2.324
1.941
1.979
2.242
2.207
2.075
2.08
2.173
2.1180000000000003
1.82
2.123
1.778
2.2430000000000003
1.989
2.232
2.241
1.917
2.233
2.013
2.02
2.188
2.136
2.065
2.197
2.162
2.268
2.207
2.172
2.0540000000000003
2.359
1.984
2.05
2.166
2.229
2.355
2.356
2.1180000000000003
2.247
2.124
1.834
2.235
2.345
2.18
2.341
1.93
1.979
2.0
1.979
2.0780000000000003
2.232
2.114
2.14
1.827
2.17
2.024
1.787
2.277
2.013
1.758
2.283
2.0980000000000003
2.264
2.143
2.082
2.114
2.394
2.114
2.08
2.34
2.162
2.255
2.152
1.929
1.925
2.079
2.068
2.168
2.177
1.816
2.117
2.004
2.3280000000000003
2.125
2.122
2.012
2.226
2.389
2.215
2.158
2.045
1.83
2.202
2.229
2.185
2.014
2.16
1.957
1.943
2.2430000000000003
2.24
2.151
1.849
2.123
2.309
2.202
2.043
2.134
2.458
2.177
2.265
2.198
1.906
2.15
2.237
1.927
2.419
1.932
2.109
2.38
1.811
2.056
2.072
1.885
1.905
2.105
1.906
2.091
2.233
2.069
2.086
2.383
1.999
2.095
2.045
2.164
2.264
1.955
1.5530000000000002
1.953
2.383
1.934
2.111
2.125
2.157
2.132
2.121
2.323
2.169
1.986
2.374
2.154
2.113
2.143
2.208
1.992
2.373
2.199
2.092
2.293
2.3040000000000003
2.359
2.309
1.971
2.086
2.238
2.228
2.104
2.38
2.264
2.331
1.58
2.143
2.15
2.339
1.924
2.17
1.913
2.057
2.285
2.072
1.991
1.98
1.993
2.248
2.188
1.845
2.073
1.505
1.835
2.167
2.343
1.928
2.246
2.166
2.358
1.899
2.191
1.864
2.217
1.884
2.273
1.713
1.784
2.238
2.186
2.017
2.169
2.0340000000000003
2.287
2.166
2.289
2.286
2.258
2.142
2.012
2.0780000000000003
1.931
2.204
2.244
1.862
1.899
1.876
1.9
1.977
2.014
2.16
2.321
2.077
2.084
2.177
2.278
1.997
2.095
2.226
1.914
2.083
2.355
2.0580000000000003
2.171
2.027
2.11
2.025
2.326
1.904
2.24
2.235
2.03
2.181
2.064
2.225
2.251
2.309
2.154
1.838
1.872
1.81
2.042
2.072
2.27
2.087
2.027
2.053
1.993
2.175
2.129
1.898
2.137
2.153
1.937
2.123
1.791
2.079
1.925
2.262
2.087
2.105
2.0380000000000003
2.15
2.001
1.952
2.198
1.988
2.23
2.1790000000000003
2.228
2.015
2.152
1.927
2.162
2.173
2.363
1.938
2.145
1.984
1.865
2.398
2.327
2.063
2.1180000000000003
2.094
2.201
1.979
2.097
2.255
2.234
2.291
1.92
2.177
1.956
2.239
2.084
2.023
2.229
2.152
1.704
2.238
1.705
2.027
1.92
1.68
2.16
2.226
2.126
1.909
2.085
1.95
2.331
1.914
2.156
2.244
2.214
2.317
2.219
2.044
2.27
2.117
2.123
2.251
2.178
1.863
2.268
2.162
2.016
2.197
2.062
2.085
2.076
2.055
2.15
2.168
2.076
2.056
2.11
2.029
2.221
2.301
2.316
2.008
2.036
2.351
1.997
2.121
2.142
2.066
2.081
1.988
2.041
2.0980000000000003
1.898
2.014
2.025
2.28
1.831
2.232
2.397
2.041
2.136
2.236
1.867
2.084
2.271
1.871
2.085
2.083
2.396
2.234
1.844
2.443
2.03
2.073
2.133
2.2880000000000003
2.055
2.133
2.045
2.27
2.096
2.305
2.204
1.997
2.255
2.089
2.117
2.261
1.857
2.325
2.21
2.196
2.258
2.204
2.311
2.119
2.143
1.952
2.006
1.993
1.986
2.235
1.86
1.917
2.173
2.129
2.299
1.912
2.169
2.17
1.846
1.979
2.084
1.925
2.341
2.024
1.977
2.094
1.995
1.535
2.212
2.28
2.031
2.097
2.092
2.123
2.367
2.18
2.103
2.027
2.0980000000000003
2.376
1.779
2.344
