3.018
2.443
2.847
2.492
2.658
3.055
2.729
2.595
3.01
2.841
2.636
3.013
2.835
2.563
3.042
3.207
2.863
2.627
3.1910000000000003
2.886
3.245
2.8310000000000004
2.823
3.018
2.82
2.713
3.088
3.314
2.793
3.006
3.018
3.128
2.863
3.115
2.999
3.221
2.7910000000000004
2.392
2.9130000000000003
3.097
3.227
3.284
2.8560000000000003
3.019
3.138
3.292
3.059
2.812
2.716
2.979
3.065
3.123
3.14
3.235
3.006
2.813
3.169
3.095
3.339
2.552
2.7260000000000004
3.08
2.872
2.815
3.065
3.1
3.057
2.6860000000000004
3.013
3.4530000000000003
2.668
2.8680000000000003
2.909
3.389
3.208
3.143
3.26
2.738
2.873
3.425
2.869
2.825
3.4560000000000004
2.943
2.718
3.006
2.7460000000000004
2.826
3.1010000000000004
2.929
2.882
2.597
3.393
2.6710000000000003
3.094
2.62
2.898
2.693
2.838
2.7230000000000003
2.834
2.881
2.755
3.175
2.905
2.079
3.042
2.786
2.784
3.007
2.761
3.122
3.072
3.215
2.485
2.67
2.7
2.998
3.4610000000000003
2.931
3.111
2.803
3.0610000000000004
2.75
2.724
3.319
3.564
3.068
3.3760000000000003
2.823
2.838
3.17
3.068
2.844
2.599
2.651
2.752
3.248
2.96
3.167
2.949
2.89
3.114
2.768
2.724
3.249
3.072
2.495
2.809
3.024
2.772
2.882
3.24
2.9530000000000003
3.426
2.8280000000000003
2.897
2.7960000000000003
3.0410000000000004
2.6210000000000004
3.254
3.233
3.19
2.966
2.942
3.2
2.535
3.154
2.8560000000000003
3.057
2.577
2.77
2.798
2.904
2.9330000000000003
3.079
2.874
3.0980000000000003
2.74
2.627
3.198
2.783
2.695
3.28
3.027
3.091
2.797
3.028
2.927
3.134
3.09
2.931
3.084
2.847
2.797
3.0980000000000003
2.865
3.207
2.887
3.15
2.798
3.409
2.9410000000000003
2.87
2.87
2.927
3.1010000000000004
2.804
2.832
3.107
2.964
3.091
2.893
3.2710000000000004
2.911
3.048
2.873
3.221
2.91
2.631
2.8760000000000003
2.704
3.281
2.97
3.069
3.139
2.897
2.985
2.72
2.825
2.697
2.9130000000000003
2.995
2.8160000000000003
2.938
3.02
3.11
3.269
3.077
2.9530000000000003
3.443
2.869
3.1180000000000003
2.959
2.7110000000000003
3.11
3.178
2.955
3.388
3.426
3.093
3.198
3.277
2.834
2.839
3.053
2.89
2.908
3.2880000000000003
3.222
2.882
3.071
2.7030000000000003
2.81
2.803
2.887
3.034
3.127
3.399
2.556
2.985
2.9160000000000004
2.839
3.056
3.249
3.195
2.949
2.562
2.883
3.068
3.0810000000000004
3.214
2.878
3.095
3.347
3.056
2.326
3.0210000000000004
3.155
2.762
2.982
2.922
2.574
2.841
2.97
2.849
2.71
3.09
3.111
2.878
3.034
3.044
3.225
3.154
3.093
2.911
2.692
3.169
2.809
2.79
2.797
3.13
2.861
3.132
2.64
2.965
2.959
3.141
2.815
2.678
3.022
3.004
2.8960000000000004
2.757
3.019
3.199
2.789
3.2510000000000003
2.934
2.456
2.91
2.7
2.795
2.71
3.004
3.323
3.076
3.051
3.0380000000000003
2.817
3.012
2.935
3.113
2.877
3.108
2.88
2.948
2.793
2.9330000000000003
2.5540000000000003
2.698
2.779
3.161
2.918
2.622
3.13
3.02
2.753
2.784
2.969
2.687
2.842
2.756
3.3510000000000004
2.838
2.985
2.99
2.784
2.782
2.597
2.949
3.056
2.8360000000000003
3.178
3.04
2.932
3.17
2.5780000000000003
3.196
3.156
2.948
3.069
2.971
3.129
3.093
3.104
3.045
2.71
3.215
3.105
3.102
3.083
2.602
2.922
3.595
2.911
3.129
3.068
2.952
3.0210000000000004
2.795
3.099
3.054
2.797
2.5980000000000003
2.67
2.911
3.134
2.99
3.219
3.3310000000000004
2.68
3.073
3.056
2.722
3.2
2.907
3.064
2.8760000000000003
2.821
3.5460000000000003
2.905
2.932
2.814
3.022
2.895
2.827
3.218
2.841
2.952
3.418
2.699
2.75
2.977
3.1710000000000003
3.099
3.201
3.491
3.357
2.793
3.04
2.97
3.159
3.017
2.785
2.654
2.888
2.793
2.665
2.969
2.927
2.986
3.245
2.895
3.284
3.015
2.965
3.119
3.364
3.1010000000000004
3.252
3.159
3.029
3.054
2.757
2.879
2.975
3.06
2.891
3.015
2.773
3.1860000000000004
3.017
3.151
2.932
2.649
2.793
3.145
3.018
2.9360000000000004
3.463
3.145
2.9610000000000003
2.902
3.498
3.134
3.1210000000000004
2.672
2.9530000000000003
3.111
3.09
3.037
2.935
3.076
3.1910000000000003
3.424
3.024
2.954
2.872
2.798
3.115
2.965
3.284
3.057
3.084
2.454
3.099
2.774
3.304
3.1660000000000004
2.773
2.579
2.932
2.861
2.8310000000000004
2.908
2.8
2.842
2.798
3.254
2.881
3.13
2.885
2.719
3.389
2.895
3.342
3.002
2.9
2.718
2.674
2.979
2.8480000000000003
3.107
2.83
3.044
3.014
2.924
3.135
3.45
2.912
3.115
3.12
3.123
3.315
3.2110000000000003
3.284
2.881
3.174
2.84
2.715
2.894
2.8480000000000003
2.955
2.763
2.963
2.643
3.2260000000000004
2.795
3.141
3.102
2.954
3.199
3.122
2.614
2.733
2.971
2.877
3.084
2.835
2.8710000000000004
2.967
3.107
3.264
2.595
2.7880000000000003
2.507
3.07
2.702
2.797
2.989
2.84
3.232
2.887
2.774
2.879
2.952
2.9560000000000004
3.042
2.948
2.8710000000000004
2.833
3.052
2.697
3.057
2.763
3.008
3.1180000000000003
3.148
2.989
2.942
2.669
2.755
2.5860000000000003
2.5580000000000003
2.8760000000000003
2.438
2.514
2.989
2.7260000000000004
2.324
2.944
3.068
3.036
2.86
3.255
3.315
3.24
3.13
2.548
2.935
3.088
2.531
3.014
2.7510000000000003
3.248
2.86
3.04
2.98
3.275
3.13
3.043
2.867
2.94
2.644
2.754
3.007
2.884
3.151
3.2230000000000003
3.29
3.221
2.988
2.8760000000000003
2.773
3.253
2.922
2.747
2.965
2.9160000000000004
2.83
3.779
3.03
2.724
2.869
2.762
3.089
3.044
2.716
3.139
2.946
2.8710000000000004
2.947
2.943
2.972
3.386
2.72
3.016
3.1460000000000004
3.265
2.967
3.055
3.018
3.142
2.818
2.634
3.207
2.926
3.329
2.834
3.2510000000000003
2.861
3.0610000000000004
3.109
2.716
3.236
3.383
3.022
2.942
3.055
2.999
2.862
2.574
2.489
3.212
2.778
2.732
3.305
3.269
2.653
2.603
3.326
3.141
3.031
2.9160000000000004
2.9610000000000003
2.815
2.807
2.883
3.097
2.87
3.14
2.798
3.03
3.264
2.926
2.945
3.523
2.728
2.869
3.535
2.729
3.091
3.06
3.114
2.835
2.611
2.992
3.0660000000000003
3.189
2.824
3.422
3.0780000000000003
2.844
2.669
2.779
2.75
2.596
3.048
3.035
2.799
3.034
3.073
3.022
3.0980000000000003
3.323
3.152
3.051
2.6860000000000004
3.3310000000000004
2.728
3.042
3.135
2.999
2.875
3.289
3.2430000000000003
3.305
3.133
2.988
2.91
2.655
3.217
2.775
2.205
2.858
2.971
2.643
2.99
2.432
3.193
3.0610000000000004
2.931
2.877
2.992
2.951
3.354
2.574
2.952
2.998
2.894
3.2060000000000004
3.228
3.25
2.888
3.409
3.077
3.084
3.072
2.718
2.662
3.136
2.659
2.878
2.35
2.78
2.9560000000000004
3.192
2.889
3.466
3.144
3.127
3.075
2.997
2.787
3.3080000000000003
3.008
2.866
3.0860000000000003
2.963
3.346
2.79
2.839
2.768
3.027
2.494
3.205
3.062
2.781
2.906
3.1660000000000004
2.875
2.8710000000000004
2.9560000000000004
2.983
3.337
2.948
2.438
2.899
2.741
2.923
2.833
3.084
2.968
2.802
3.029
3.036
2.8160000000000003
2.879
2.762
3.02
3.099
2.982
3.034
2.912
2.966
2.835
3.547
2.931
2.573
3.0460000000000003
3.179
3.047
2.918
3.165
3.102
3.077
3.389
3.0010000000000003
2.797
2.965
2.322
3.019
3.393
3.016
2.937
2.923
2.857
3.031
2.97
2.954
2.9810000000000003
3.201
2.994
3.4330000000000003
2.885
3.057
2.77
2.847
3.048
2.188
3.149
3.0410000000000004
3.1660000000000004
3.103
2.675
3.264
2.269
3.024
2.999
2.888
3.125
3.312
2.772
3.514
3.039
2.985
3.212
2.7430000000000003
2.962
2.994
2.886
3.2230000000000003
3.133
3.285
2.875
3.002
3.047
3.225
3.141
3.1460000000000004
2.894
2.832
3.0610000000000004
3.13
3.044
3.483
3.366
2.867
2.784
2.939
3.224
2.849
2.806
2.797
2.931
3.119
3.26
3.18
3.278
3.207
2.997
2.949
3.025
3.2460000000000004
2.795
2.974
3.097
3.082
2.909
2.878
3.192
2.748
3.059
2.898
3.213
3.008
2.8310000000000004
3.044
2.8480000000000003
2.833
2.968
3.3110000000000004
3.185
3.229
2.95
3.232
2.988
2.943
2.988
3.387
3.122
2.695
3.111
2.747
2.5580000000000003
2.643
3.109
3.065
2.978
3.369
2.97
2.6830000000000003
2.883
2.476
3.155
3.049
2.879
3.137
3.104
2.952
2.705
3.1630000000000003
2.56
3.153
3.276
2.949
2.9360000000000004
3.127
2.959
3.148
2.928
3.0580000000000003
3.197
2.894
3.006
2.661
3.161
3.097
2.963
2.799
2.9930000000000003
2.7910000000000004
3.044
2.516
3.064
2.879
3.139
3.063
3.089
2.881
2.624
2.824
2.893
2.649
3.013
2.899
3.185
2.835
3.253
2.9730000000000003
2.719
3.115
2.76
2.477
3.297
2.766
2.597
3.062
3.304
3.179
3.152
2.795
2.979
3.064
3.055
2.596
2.906
3.007
3.051
2.797
2.858
3.317
2.995
2.815
2.64
3.2110000000000003
2.835
3.69
3.391
2.888
2.875
3.21
2.901
2.873
3.014
3.0460000000000003
2.95
2.785
2.931
2.969
3.3160000000000003
2.84
3.114
3.037
2.917
2.6910000000000003
2.999
2.79
3.074
2.73
2.924
2.814
3.294
3.197
3.097
2.734
3.0660000000000003
3.35
2.945
3.17
3.094
2.653
2.978
3.076
2.955
2.724
3.552
2.907
2.786
2.98
3.104
2.617
3.1460000000000004
3.12
2.957
2.599
2.8360000000000003
3.116
2.8960000000000004
2.77
3.047
2.6710000000000003
2.862
3.5610000000000004
2.892
2.714
3.293
2.925
2.779
3.431
2.869
2.749
2.784
3.167
2.7960000000000003
2.818
2.8680000000000003
3.141
3.216
3.389
3.233
3.293
2.867
2.829
2.974
2.73
2.7230000000000003
3.027
3.128
3.0460000000000003
3.508
3.12
3.006
2.847
2.864
2.9360000000000004
3.4
2.6910000000000003
3.3960000000000004
2.875
3.063
3.054
3.181
3.003
3.0860000000000003
3.172
3.172
3.122
3.205
3.045
3.141
3.147
3.077
3.109
3.036
2.845
2.795
2.616
3.0010000000000003
3.043
3.037
3.28
2.777
3.324
2.83
2.9960000000000004
2.785
3.064
2.773
3.065
2.795
2.998
2.77
3.04
2.979
2.977
3.018
2.61
2.8160000000000003
2.78
2.9160000000000004
3.122
2.792
3.133
2.88
2.655
2.767
2.87
3.045
3.05
3.137
2.503
3.3360000000000003
3.202
3.065
2.8760000000000003
2.935
3.0380000000000003
3.1010000000000004
2.8510000000000004
3.237
3.047
2.982
2.945
3.3310000000000004
2.901
3.18
2.819
2.964
2.74
2.9730000000000003
3.054
2.951
2.932
3.25
2.833
3.139
2.9810000000000003
3.204
3.104
2.826
3.05
3.213
2.707
3.309
2.958
2.992
2.615
2.9810000000000003
2.7510000000000003
3.051
2.608
3.178
3.34
2.8160000000000003
2.809
2.881
3.115
2.881
3.037
2.826
2.852
2.642
3.178
3.096
2.604
3.014
2.814
2.935
2.948
2.602
2.567
2.814
2.825
3.169
2.718
3.079
3.0
2.6460000000000004
3.145
2.669
3.087
2.8360000000000003
2.595
3.033
3.104
3.099
3.047
3.031
2.904
2.679
3.167
2.7880000000000003
3.004
2.887
3.043
2.982
3.255
3.089
2.915
3.049
2.842
3.015
2.855
3.079
3.1
2.919
3.245
2.72
2.64
3.074
3.127
2.69
2.951
2.798
2.975
3.1010000000000004
3.188
2.9210000000000003
3.148
3.32
2.895
3.053
2.884
2.5980000000000003
3.239
3.051
2.97
3.108
3.007
3.034
2.918
2.681
3.072
3.197
2.978
2.968
2.777
3.025
3.22
2.96
2.934
2.8560000000000003
3.3510000000000004
2.886
3.1060000000000003
3.123
3.028
3.137
2.681
3.4610000000000003
2.823
3.201
3.3080000000000003
2.9360000000000004
3.302
2.893
2.781
3.1460000000000004
2.629
2.838
3.125
3.002
3.284
2.938
2.967
3.06
3.284
3.169
2.9360000000000004
2.833
2.872
2.744
2.998
3.217
3.045
2.603
2.991
2.8760000000000003
2.864
2.923
3.004
2.989
2.899
2.7710000000000004
3.124
1.791
3.256
2.879
3.215
2.855
3.073
3.0660000000000003
2.761
2.809
3.442
2.845
3.385
3.156
2.92
3.129
2.895
2.644
3.342
3.016
2.884
3.103
3.244
3.593
3.072
2.778
2.741
2.925
3.242
3.392
3.25
3.153
3.02
2.67
2.804
2.783
3.082
2.847
3.019
3.012
3.049
2.559
2.882
3.043
2.842
3.2460000000000004
2.761
3.079
3.314
3.085
3.238
2.947
3.028
2.942
2.965
3.055
2.978
3.043
2.95
2.927
2.752
2.944
3.184
3.059
2.885
2.8360000000000003
3.543
2.68
2.827
3.0
3.018
3.096
2.84
2.9330000000000003
2.784
2.94
2.556
3.293
3.04
2.673
2.67
3.08
3.097
3.019
2.988
2.9730000000000003
2.5610000000000004
2.905
3.047
2.774
2.893
2.885
3.193
3.358
2.6860000000000004
2.624
3.1710000000000003
3.267
3.068
2.968
3.105
2.582
2.738
3.135
2.977
2.872
2.926
2.928
3.127
3.209
2.904
3.04
2.998
2.874
2.9610000000000003
2.526
2.715
2.8
3.013
2.813
2.841
2.9410000000000003
2.873
2.812
3.128
3.195
2.452
2.928
3.1010000000000004
2.591
3.062
3.343
3.044
3.073
3.22
3.224
3.076
2.847
2.8710000000000004
2.94
3.0
3.2510000000000003
2.792
3.112
2.971
2.735
3.143
2.9810000000000003
3.072
2.729
2.9130000000000003
2.963
2.931
2.463
2.8760000000000003
3.112
3.06
2.822
2.843
2.544
3.017
2.492
2.877
3.168
2.674
2.908
3.152
3.357
2.766
2.571
3.165
3.49
2.667
3.035
2.887
2.661
2.9330000000000003
3.202
2.77
3.29
2.895
2.685
2.369
3.056
2.832
3.055
3.148
3.153
3.022
3.208
2.892
2.987
3.003
2.754
2.571
3.139
3.034
3.02
2.186
2.972
3.096
2.995
3.015
3.087
3.0210000000000004
2.812
2.287
2.724
2.966
2.744
2.862
2.989
3.136
2.809
2.783
1.853
2.907
3.02
2.844
2.847
3.1210000000000004
2.792
2.898
3.076
2.852
2.935
3.346
2.833
2.814
2.99
3.008
3.397
2.972
2.901
2.9530000000000003
3.037
2.777
2.968
2.8360000000000003
2.954
3.181
2.957
3.153
2.545
2.951
2.944
2.861
3.099
3.076
3.1630000000000003
2.929
2.694
2.938
2.649
3.154
2.5860000000000003
2.885
2.8710000000000004
3.154
2.68
3.076
2.615
2.829
3.064
3.406
2.963
3.2310000000000003
3.277
2.928
3.1260000000000003
2.873
3.0860000000000003
2.789
3.249
2.542
3.132
2.523
3.117
2.872
3.169
2.677
2.979
2.7
3.006
2.898
3.174
3.1210000000000004
2.826
2.625
3.002
3.037
3.151
2.9410000000000003
2.842
3.213
2.735
2.988
3.054
2.529
2.793
2.797
2.905
3.0460000000000003
3.053
3.386
2.998
2.989
2.7
3.2510000000000003
2.857
2.911
2.914
3.012
3.095
3.405
2.792
2.934
2.863
3.007
2.634
2.687
2.827
3.154
3.064
2.971
3.097
3.097
2.991
3.176
2.555
2.968
3.144
2.849
3.008
2.902
3.042
2.689
3.083
3.248
3.09
3.009
2.702
1.943
2.611
2.705
3.013
2.563
2.769
2.841
3.35
3.037
2.793
2.877
2.426
2.893
2.977
3.114
2.968
3.04
2.9130000000000003
2.669
2.9730000000000003
2.891
2.727
2.582
2.781
2.9930000000000003
2.589
3.165
2.695
2.907
2.875
2.964
3.551
2.846
3.212
2.619
2.987
2.95
3.437
3.0
3.185
2.915
3.334
2.854
3.158
2.909
3.017
2.904
3.044
2.95
2.631
2.949
2.778
2.576
2.802
2.814
2.498
2.926
3.085
2.513
2.801
3.016
2.883
3.089
3.11
2.9330000000000003
2.995
3.092
3.105
3.113
2.986
3.105
3.389
2.729
2.887
2.922
2.873
2.945
2.919
2.704
2.9210000000000003
3.13
3.266
3.036
3.249
2.958
3.03
3.022
3.148
2.759
3.047
3.057
2.792
2.894
2.713
3.0660000000000003
2.843
3.12
2.841
2.7430000000000003
3.0210000000000004
3.0580000000000003
2.802
2.838
2.694
2.914
2.8110000000000004
2.855
2.86
2.879
2.963
2.86
3.057
2.733
2.439
2.88
2.899
3.158
2.898
2.89
2.861
2.972
1.686
2.975
3.213
3.217
2.763
2.576
2.984
3.438
3.309
2.704
3.056
2.579
3.132
2.512
3.278
