2.305
2.218
2.2230000000000003
2.19
2.296
2.339
2.193
2.336
2.357
2.276
2.026
2.316
2.374
2.185
2.236
2.301
2.215
2.1
2.3080000000000003
2.319
2.376
2.189
2.237
2.405
2.321
1.872
2.239
2.371
2.414
2.306
2.225
2.119
2.351
2.396
2.3680000000000003
2.384
2.425
2.029
2.128
2.114
2.3
2.148
2.424
2.185
2.502
2.281
2.152
2.153
2.302
2.361
2.319
2.315
2.268
2.366
2.136
2.277
2.133
2.106
2.455
1.94
2.234
2.265
2.241
2.096
2.353
2.226
2.001
2.264
2.358
2.335
2.154
2.219
2.4
2.467
2.217
2.37
2.437
2.31
2.271
2.345
2.026
2.2
2.333
2.318
2.216
2.211
2.343
2.263
2.469
2.416
2.363
2.292
2.362
2.354
2.289
2.307
2.247
2.188
2.37
2.276
2.498
2.247
2.213
2.313
2.337
1.736
2.505
2.246
2.29
2.238
2.265
2.319
2.361
2.307
2.185
2.222
2.255
2.212
2.507
2.423
2.242
2.138
2.237
2.012
2.2430000000000003
2.168
2.219
2.363
2.15
2.283
2.3080000000000003
2.361
2.344
2.149
2.0580000000000003
2.067
2.239
2.185
2.146
2.518
2.245
2.316
2.148
2.05
2.009
2.26
2.312
2.422
2.265
2.346
2.471
2.08
2.268
2.076
2.251
2.17
2.221
2.509
2.296
2.123
2.292
2.184
2.302
2.141
2.349
2.457
2.172
2.357
2.198
2.185
2.226
2.37
2.465
2.451
2.136
2.371
2.207
2.378
2.273
2.14
2.444
2.302
2.335
2.341
2.323
2.293
2.277
2.501
2.344
2.184
2.25
2.423
2.387
2.312
2.218
2.215
2.229
2.336
2.282
2.423
2.26
2.428
2.157
2.3040000000000003
2.357
2.192
2.3
2.351
2.209
2.417
2.204
2.17
2.283
2.233
2.375
2.033
2.394
2.267
2.259
2.33
2.367
2.379
2.25
2.432
2.192
2.242
2.398
2.077
2.268
2.229
2.106
2.339
2.267
2.187
2.173
2.351
2.247
2.253
2.5610000000000004
1.991
2.252
2.305
2.171
2.045
2.176
2.503
2.211
2.241
2.359
2.279
2.246
2.208
2.414
2.341
2.364
2.285
2.371
2.028
2.393
2.0980000000000003
2.236
2.226
2.2880000000000003
2.27
2.176
2.23
2.41
2.239
2.405
2.083
2.211
2.0540000000000003
2.184
2.317
1.982
2.3280000000000003
2.403
2.125
2.23
2.397
2.2230000000000003
2.375
2.1790000000000003
2.447
2.436
2.263
2.094
2.141
2.18
2.209
2.318
2.083
2.226
2.3680000000000003
2.354
2.172
2.251
2.228
2.0380000000000003
2.207
2.316
2.154
2.529
2.13
2.244
2.172
2.172
2.089
2.147
2.105
2.162
2.415
2.31
2.142
2.0780000000000003
2.277
2.143
2.237
2.374
2.3
2.224
2.258
2.406
2.121
2.3280000000000003
2.498
2.103
1.965
2.5380000000000003
2.15
2.122
2.244
2.196
2.357
2.1630000000000003
2.268
2.361
2.427
2.1630000000000003
2.19
2.318
2.305
2.277
2.302
2.33
2.244
2.195
2.255
2.252
2.201
2.477
2.217
2.176
2.215
2.255
2.459
2.0380000000000003
2.342
2.184
2.392
2.2840000000000003
2.252
2.255
2.5980000000000003
2.3080000000000003
2.307
2.331
1.998
2.423
2.205
2.314
2.393
2.077
2.318
2.465
2.154
2.434
2.007
2.462
2.249
2.477
2.376
2.214
2.273
2.253
2.4530000000000003
2.174
2.057
2.352
2.312
2.3680000000000003
2.33
2.434
2.285
2.463
2.212
2.42
2.359
2.215
2.331
2.114
2.317
2.279
2.02
2.04
2.099
2.238
2.309
2.441
2.259
2.472
2.287
2.21
2.094
2.213
2.5610000000000004
2.34
2.417
2.361
2.287
2.391
2.467
2.263
2.145
2.384
2.126
2.372
2.2
2.129
2.157
2.514
2.327
1.929
2.337
2.34
2.209
2.367
2.607
2.313
2.299
2.27
2.089
2.264
2.448
2.415
2.4
2.411
2.246
1.968
2.481
2.276
2.146
2.167
2.31
2.341
2.269
2.247
2.265
2.3040000000000003
2.416
2.31
2.175
2.389
2.184
2.326
2.129
2.41
2.258
2.323
2.233
2.307
2.0980000000000003
2.274
2.191
2.2840000000000003
2.212
2.274
2.103
2.289
2.26
2.207
2.4130000000000003
2.45
2.303
2.552
2.295
2.182
2.408
1.991
2.2840000000000003
2.111
2.166
2.357
2.242
2.306
2.339
2.244
2.337
2.289
2.375
2.41
2.399
2.379
2.242
2.31
2.358
2.202
2.029
2.211
2.315
2.434
2.112
2.314
2.255
2.212
2.468
2.335
2.213
2.406
2.322
2.219
2.426
2.113
2.164
2.31
2.189
2.2880000000000003
2.199
2.334
2.02
1.989
2.235
2.215
2.331
2.461
2.124
2.383
2.281
2.171
2.32
2.461
2.067
2.192
2.37
2.301
2.469
2.296
2.1830000000000003
2.365
2.212
2.34
2.416
2.242
2.224
2.267
2.167
2.2
2.352
2.336
2.334
2.301
2.353
2.32
2.357
2.172
2.293
2.26
2.338
2.236
2.303
2.331
2.236
2.329
2.424
2.06
2.47
2.501
2.364
2.039
2.123
2.454
2.043
2.489
2.278
2.371
2.276
2.391
2.3
2.313
2.218
2.21
2.3040000000000003
2.181
1.942
2.207
2.202
2.217
2.399
2.0540000000000003
1.951
2.486
2.213
2.197
2.2840000000000003
2.11
2.336
2.245
2.255
1.951
2.25
1.964
2.239
2.458
2.244
2.106
2.282
2.316
2.107
2.325
2.13
2.38
2.489
2.286
2.3280000000000003
2.177
2.37
2.296
2.374
2.097
2.146
2.298
2.32
2.411
2.194
2.299
2.244
2.067
2.282
2.392
2.32
2.327
2.332
2.463
2.41
2.267
2.027
2.169
2.295
2.321
2.301
2.124
2.112
2.465
2.49
2.375
2.173
2.202
2.285
2.122
2.291
1.989
2.33
2.066
2.252
2.365
2.063
2.265
2.221
2.418
2.252
2.217
2.167
2.381
2.539
2.173
2.232
2.092
2.126
2.302
2.407
2.389
2.261
2.404
2.322
2.236
2.462
2.114
2.269
2.103
2.174
2.214
2.22
2.091
2.067
2.221
2.181
2.128
2.258
2.289
2.2840000000000003
2.143
2.4090000000000003
2.173
2.455
2.216
2.376
2.525
1.993
2.191
2.184
2.422
2.363
2.279
2.216
2.352
2.218
2.2840000000000003
2.26
2.061
2.269
2.407
2.116
2.206
2.336
2.439
2.254
2.234
2.141
2.44
2.3040000000000003
2.155
2.107
2.234
2.187
2.321
2.253
2.049
2.064
2.239
2.212
2.124
2.326
2.32
2.395
2.277
2.199
2.389
2.403
2.125
2.317
2.291
2.3480000000000003
2.2
2.112
2.344
2.371
2.353
2.388
2.297
2.32
2.152
2.254
2.34
2.482
1.625
2.341
2.3040000000000003
2.219
2.137
1.985
2.266
2.263
2.361
2.217
2.282
2.323
2.267
2.305
2.362
2.174
2.051
2.333
2.021
2.313
2.387
2.388
2.257
2.283
2.34
1.993
2.192
2.283
2.323
2.259
2.279
2.364
2.211
2.544
2.204
2.388
2.371
2.177
2.259
2.372
2.27
2.327
2.235
2.127
2.254
2.31
2.454
2.269
2.097
2.311
2.269
1.852
2.145
2.345
2.191
2.469
2.3040000000000003
2.482
2.105
2.079
2.08
2.454
2.467
2.456
2.283
2.213
2.365
2.338
2.246
2.387
2.387
2.103
2.441
2.095
2.0980000000000003
2.161
2.294
2.209
2.367
2.154
2.352
2.211
2.321
2.146
2.253
2.158
2.446
2.351
2.247
2.177
2.505
2.4530000000000003
2.261
2.462
2.349
2.253
2.296
2.037
2.214
2.286
2.177
2.15
2.385
2.255
2.544
2.4
2.226
2.256
2.212
2.195
2.375
2.132
2.259
2.2230000000000003
2.23
2.332
1.59
2.378
2.2880000000000003
2.222
2.381
1.983
2.442
2.09
2.165
2.0780000000000003
2.526
2.287
2.352
2.432
2.478
2.332
2.234
2.099
2.337
2.21
2.267
2.365
2.251
2.543
2.355
2.275
2.3
2.359
2.229
2.316
2.188
2.295
2.2030000000000003
2.434
2.422
2.472
2.373
2.487
2.3480000000000003
2.254
2.225
2.437
2.254
2.324
2.303
2.316
2.278
2.27
2.0980000000000003
2.312
2.321
2.292
2.405
2.462
2.32
2.412
2.224
2.207
2.355
2.092
2.217
2.445
2.171
2.2430000000000003
2.0580000000000003
2.158
2.482
2.273
2.172
2.512
2.36
2.225
2.19
2.248
2.3040000000000003
2.249
2.182
2.471
2.079
2.234
2.366
2.323
2.391
2.436
2.224
2.161
2.438
2.211
2.477
2.139
2.146
2.216
2.239
2.318
2.357
2.383
2.18
2.269
2.316
2.28
2.162
2.211
2.26
2.076
2.299
2.222
2.133
2.324
2.322
2.215
2.342
2.363
2.249
2.449
2.414
2.644
2.068
2.4130000000000003
2.358
2.27
2.274
2.29
2.241
2.133
2.162
2.303
2.358
2.121
2.296
2.377
2.334
2.055
2.312
2.306
2.15
2.291
2.171
2.386
2.199
2.2430000000000003
2.292
2.303
2.2840000000000003
2.33
2.1590000000000003
2.337
2.234
2.355
2.322
2.32
2.153
2.352
2.441
2.334
2.267
2.258
2.29
2.177
2.298
2.377
2.047
2.352
2.21
2.317
2.1830000000000003
2.537
2.327
2.281
2.276
2.6180000000000003
2.194
2.484
2.281
2.364
2.241
2.456
2.2230000000000003
2.242
2.121
2.391
2.32
2.276
2.234
2.406
2.334
2.103
2.181
2.164
2.148
2.3
2.4330000000000003
2.171
2.292
2.292
2.363
2.321
2.164
2.164
2.441
2.306
2.379
2.132
2.302
2.353
2.421
2.11
2.488
2.185
2.155
2.389
2.145
2.242
2.3680000000000003
2.188
2.2230000000000003
2.282
2.208
2.206
2.305
2.245
2.2230000000000003
2.283
2.235
2.184
2.428
2.351
2.286
2.231
2.252
2.267
2.338
2.217
2.192
2.247
2.443
2.467
2.325
2.483
2.213
2.128
2.306
2.458
2.208
2.37
2.272
2.307
2.2
2.233
2.301
2.394
2.346
2.278
2.264
1.915
2.357
2.245
2.405
2.323
2.302
2.049
2.234
2.325
2.481
2.154
2.121
2.171
2.315
2.408
2.195
2.392
2.324
2.329
2.4090000000000003
2.3680000000000003
2.267
2.196
2.242
2.334
2.25
2.14
2.32
2.378
2.358
2.303
2.244
2.3480000000000003
2.382
2.323
2.152
2.332
2.378
2.301
2.202
2.318
2.329
2.414
2.359
2.436
2.095
2.182
2.1630000000000003
2.3
2.384
2.207
2.21
2.366
2.402
2.186
2.133
2.332
2.241
2.349
2.276
2.384
2.241
2.171
2.228
2.1830000000000003
2.329
2.193
2.271
2.252
2.283
2.294
2.369
2.375
2.313
2.0980000000000003
2.317
2.4530000000000003
2.361
2.196
2.13
2.321
2.151
2.294
2.36
2.438
2.595
2.446
2.191
2.204
2.157
2.289
2.19
2.4130000000000003
2.332
2.383
2.404
2.261
2.205
2.221
2.096
2.523
2.194
2.301
2.174
2.239
2.497
2.539
2.283
2.262
2.44
2.156
2.297
2.306
2.309
2.234
1.951
2.065
2.06
2.333
2.202
2.169
2.224
2.184
2.216
2.33
2.217
2.049
2.3480000000000003
1.953
2.386
2.339
2.346
2.2
2.32
2.303
2.195
2.593
2.294
2.135
2.344
2.327
2.197
2.321
2.219
2.372
2.365
2.3040000000000003
2.216
2.184
2.221
2.252
2.244
2.425
2.147
2.189
2.449
2.101
2.273
2.216
2.36
2.131
2.301
2.504
2.331
2.307
2.378
2.4930000000000003
2.264
2.423
2.086
2.257
2.165
2.107
2.427
2.465
2.399
2.207
2.279
2.306
2.211
2.337
2.289
2.3040000000000003
2.451
2.343
2.341
2.406
2.435
2.224
2.372
1.965
2.314
2.136
2.313
2.192
2.138
2.24
2.36
2.419
1.93
2.387
2.2030000000000003
2.254
2.107
2.335
2.275
2.273
2.103
2.108
2.289
2.202
2.075
2.188
2.424
2.315
2.4
2.277
2.237
2.247
2.218
2.209
2.197
2.292
2.335
2.329
2.332
2.265
2.191
2.188
2.256
2.424
2.42
2.266
2.37
1.711
2.285
2.301
2.341
2.3
2.418
2.086
2.164
2.302
2.421
2.367
2.11
2.412
2.359
2.541
2.24
2.207
2.278
2.303
2.408
2.325
2.255
2.5580000000000003
2.372
2.355
2.278
2.228
2.501
2.156
2.212
2.238
2.246
2.225
2.311
2.297
2.376
2.103
2.357
1.984
2.341
2.332
2.3080000000000003
2.234
2.213
2.296
2.377
2.187
2.339
2.338
2.397
2.376
2.174
2.257
2.324
2.212
2.214
2.337
2.2230000000000003
2.136
2.383
2.245
2.402
2.577
2.341
2.35
2.132
2.623
2.507
2.312
2.256
2.307
2.016
2.331
1.998
2.396
2.066
2.294
2.244
2.242
2.232
2.278
2.184
2.2230000000000003
2.301
2.075
2.009
2.397
2.296
2.226
2.146
2.631
2.249
2.463
2.246
2.109
2.559
2.42
2.472
2.343
2.126
2.272
2.087
2.198
2.256
2.412
2.364
2.208
2.439
2.479
2.372
2.436
2.191
2.381
2.277
2.122
2.28
2.174
2.193
2.309
2.43
2.247
2.192
2.184
2.404
2.309
2.331
2.41
2.35
2.128
2.437
2.363
2.278
2.476
2.259
2.584
2.391
2.319
2.374
2.309
2.189
2.518
2.171
2.467
2.195
2.184
2.437
2.378
2.381
2.239
2.2840000000000003
2.181
2.343
2.206
2.35
2.251
2.14
2.167
2.316
2.222
2.296
2.202
2.3080000000000003
2.446
2.281
2.028
2.27
2.385
2.305
2.287
2.201
2.2
2.107
2.264
2.334
2.099
2.316
2.255
2.261
2.141
2.18
2.233
2.215
2.425
2.293
2.152
2.289
2.238
2.415
2.428
2.0980000000000003
2.178
2.345
2.293
2.216
2.423
2.313
2.468
1.963
2.2880000000000003
2.35
2.383
2.033
2.275
2.261
2.273
1.533
2.275
2.4
2.289
2.248
2.362
2.359
2.114
2.316
1.564
2.2030000000000003
2.454
2.492
2.343
2.342
2.375
2.329
2.138
2.258
1.986
2.472
2.221
2.322
2.248
1.904
2.333
2.373
2.168
2.291
2.324
2.29
2.303
2.2430000000000003
2.3480000000000003
2.374
2.21
2.145
2.222
2.15
2.227
2.263
2.2840000000000003
2.138
2.285
2.195
2.265
2.106
2.273
2.188
2.464
2.268
2.419
2.291
2.209
2.264
2.281
2.283
2.263
2.427
2.155
2.532
2.249
2.411
2.207
2.369
2.35
2.323
2.2
2.403
2.287
2.344
2.411
2.254
2.382
2.272
2.154
2.252
2.264
2.351
2.3480000000000003
2.264
2.4
2.293
2.168
2.226
2.432
2.45
2.139
2.244
2.286
2.131
2.169
2.259
2.298
2.274
2.35
2.222
2.262
2.246
2.257
2.262
2.045
2.276
2.329
2.301
2.27
2.665
2.212
2.3
2.171
2.38
2.259
2.172
2.046
2.389
2.174
2.154
2.374
2.097
2.353
2.353
2.277
2.421
2.356
2.271
2.355
2.294
2.379
2.305
2.296
2.197
2.476
2.346
2.111
2.29
2.2880000000000003
2.018
2.331
1.82
2.248
2.353
1.848
2.289
2.3040000000000003
2.25
2.138
2.187
2.268
2.345
2.297
2.263
2.282
2.383
2.477
2.225
2.133
2.224
2.29
2.369
2.337
2.47
2.1830000000000003
2.359
2.391
2.116
2.3480000000000003
2.24
2.322
2.299
2.25
2.506
2.199
2.277
2.29
2.235
2.3680000000000003
2.181
2.327
2.325
2.1630000000000003
2.14
2.319
2.091
2.24
2.182
2.169
2.175
2.199
2.0540000000000003
2.323
2.231
2.3080000000000003
2.129
2.3280000000000003
2.217
2.147
2.399
2.1590000000000003
2.282
2.305
2.209
2.28
2.3
2.27
2.2840000000000003
2.132
2.412
2.227
2.005
2.462
2.3040000000000003
2.359
2.153
2.456
2.151
2.228
2.212
2.444
2.264
2.51
2.361
2.157
2.1830000000000003
2.259
2.211
2.314
2.151
2.274
2.501
2.4130000000000003
2.341
2.216
2.485
2.242
2.3
2.343
2.152
2.239
2.2430000000000003
2.254
2.321
2.15
2.268
2.319
2.393
2.285
2.206
2.282
2.071
2.088
2.404
2.2
2.367
2.479
2.142
2.404
2.427
1.611
2.258
2.316
2.522
2.343
2.357
2.33
2.359
2.305
2.245
2.107
2.343
2.325
2.105
2.436
