2.423
2.215
2.556
2.28
2.56
2.823
2.517
1.587
2.802
2.47
2.516
2.181
1.426
2.742
2.736
2.619
2.524
2.195
2.595
2.528
2.6860000000000004
2.122
2.283
2.375
2.502
2.672
2.503
2.553
2.698
2.684
2.467
2.481
2.31
2.452
2.465
2.58
2.596
2.47
2.513
2.339
2.4090000000000003
2.441
2.425
2.75
3.125
2.767
2.423
2.602
2.721
2.685
2.411
2.592
2.446
2.593
2.337
2.442
2.303
2.373
2.343
2.844
2.927
2.7030000000000003
2.778
2.739
2.982
2.16
2.736
2.53
2.927
2.617
2.596
2.42
2.681
2.315
2.501
2.827
2.695
2.59
2.47
2.63
2.728
2.747
2.301
2.567
2.668
2.269
2.5980000000000003
2.391
2.509
2.557
2.821
2.605
2.391
2.47
2.605
2.63
2.267
2.463
2.484
2.825
2.637
2.572
2.535
2.512
2.667
2.593
2.5660000000000003
2.654
2.474
2.531
2.462
2.7430000000000003
2.602
2.4730000000000003
2.464
2.4730000000000003
2.636
2.574
2.533
2.512
2.883
2.459
2.381
2.509
2.664
2.624
2.39
2.507
2.403
2.504
2.3680000000000003
2.593
2.484
2.594
2.552
2.715
2.757
2.29
2.5
2.4930000000000003
2.667
2.543
2.56
2.497
2.658
2.353
2.653
2.427
2.499
2.479
2.404
2.639
2.584
2.6860000000000004
2.139
2.674
2.5540000000000003
2.505
2.576
2.47
2.681
2.61
2.56
2.591
2.5
2.632
2.394
2.662
2.541
2.527
2.518
2.614
2.542
2.645
2.782
2.6
2.571
2.577
2.612
2.5860000000000003
2.6860000000000004
2.5610000000000004
2.613
2.563
2.535
2.4730000000000003
2.312
2.65
2.53
2.62
2.509
2.522
2.336
2.1830000000000003
2.351
2.661
2.9
2.526
2.374
2.396
2.636
2.607
2.99
2.524
2.47
2.239
2.515
2.569
2.552
2.6210000000000004
2.735
2.786
2.438
2.443
2.56
2.725
2.682
2.434
2.331
2.33
2.6830000000000003
2.446
2.524
2.408
2.573
2.33
2.425
2.567
2.387
2.515
2.918
2.713
2.58
2.87
2.596
2.344
2.527
2.296
2.57
2.499
2.565
2.423
2.466
2.5660000000000003
2.289
2.679
2.455
2.511
2.479
2.704
2.557
2.96
2.518
2.6210000000000004
2.2840000000000003
2.564
2.61
2.511
2.529
2.895
2.528
2.455
2.584
2.358
2.594
2.5660000000000003
2.607
2.278
2.78
2.6710000000000003
2.71
2.556
2.927
2.766
2.824
2.6060000000000003
2.695
2.678
2.438
2.544
2.699
2.539
2.383
2.643
2.555
2.623
2.757
2.442
2.632
2.296
2.55
2.444
3.124
2.634
2.639
2.668
2.8510000000000004
2.452
2.649
2.7960000000000003
2.902
2.749
2.231
2.33
2.627
2.496
2.309
2.6010000000000004
2.458
2.292
2.507
2.71
2.604
2.75
2.472
2.693
2.404
2.572
2.426
2.489
2.521
2.798
2.573
2.419
2.398
2.504
2.757
2.292
2.477
2.384
2.52
2.455
2.553
2.861
2.425
2.486
2.634
2.312
2.664
2.489
2.71
2.47
2.057
2.696
2.609
2.511
2.198
2.75
2.432
2.394
2.625
2.301
2.317
2.73
2.352
2.557
2.461
2.513
2.502
2.553
2.465
2.464
2.314
2.471
2.469
2.689
2.415
2.444
2.151
2.637
2.553
2.579
2.5860000000000003
2.651
2.624
2.371
2.359
2.6260000000000003
2.422
2.897
2.6010000000000004
2.5980000000000003
2.484
2.762
2.669
2.523
2.543
2.502
2.423
2.648
2.6
2.449
2.613
2.411
2.39
2.629
2.466
2.4530000000000003
2.65
2.41
2.653
2.263
2.59
2.684
2.412
2.83
2.377
3.023
2.321
2.542
2.739
2.535
2.441
2.614
2.678
2.551
2.806
2.417
2.652
2.3680000000000003
2.316
2.452
2.837
2.787
2.475
2.585
2.82
2.704
2.379
2.559
2.603
2.294
2.379
2.282
2.458
2.543
2.5
2.458
2.658
2.6060000000000003
2.584
2.838
2.759
2.58
2.58
2.4090000000000003
2.514
2.8760000000000003
2.722
2.74
2.592
2.428
2.543
2.476
2.392
2.509
2.462
2.634
2.697
2.313
2.682
2.718
