2.84
3.011
2.898
2.627
3.139
2.829
2.4930000000000003
2.126
2.668
3.369
2.667
2.737
2.81
3.254
3.489
3.114
2.5660000000000003
3.083
2.9
2.252
2.379
2.679
2.511
2.638
3.242
2.983
2.842
2.772
2.712
3.16
2.664
2.74
3.1830000000000003
2.705
2.841
3.092
2.907
2.804
2.938
3.0010000000000003
2.974
2.942
2.576
2.835
3.045
3.076
2.793
3.136
3.042
3.033
2.924
2.795
2.605
3.089
2.659
3.18
2.918
2.853
2.702
2.965
2.897
3.3480000000000003
2.7
3.119
3.365
3.0780000000000003
2.931
3.093
2.794
2.739
2.696
3.143
3.107
2.641
2.659
2.94
3.04
2.619
2.7030000000000003
2.841
2.878
2.9530000000000003
2.6830000000000003
2.833
2.792
2.145
2.885
2.841
3.295
3.1
2.818
2.8560000000000003
2.4
2.954
2.539
3.1060000000000003
2.693
2.965
2.604
3.181
2.882
2.418
3.107
2.9
2.506
3.012
2.795
2.806
2.78
3.142
2.872
2.963
2.764
2.849
2.395
2.475
3.007
2.549
2.658
2.892
3.087
2.484
2.914
2.818
2.883
2.712
2.782
2.9210000000000003
3.048
2.67
2.801
2.775
2.652
2.958
2.861
2.552
2.757
2.948
2.759
2.698
3.007
3.083
3.103
2.804
2.986
2.884
3.053
2.391
2.87
3.161
3.193
2.826
2.784
2.884
2.8280000000000003
2.627
2.817
3.116
2.714
2.594
2.665
2.827
2.955
2.911
3.073
3.053
2.5380000000000003
2.445
3.036
2.71
2.549
2.819
3.016
2.905
2.6010000000000004
3.05
2.846
2.605
2.762
3.299
2.539
3.045
2.9160000000000004
2.485
2.825
2.753
2.575
2.527
2.654
2.872
2.504
2.467
3.052
3.153
2.8960000000000004
2.708
2.752
2.902
2.756
2.631
2.926
3.188
2.458
2.755
2.758
2.698
2.6630000000000003
2.998
2.667
3.051
2.895
3.143
2.489
2.963
2.748
2.516
3.005
2.6910000000000003
2.7230000000000003
2.865
2.844
2.5380000000000003
2.69
2.823
2.775
2.704
2.815
2.774
3.007
2.767
3.494
3.01
2.685
2.719
2.252
2.814
2.889
2.9960000000000004
2.643
3.009
3.0410000000000004
2.448
2.8360000000000003
3.025
3.036
2.8510000000000004
2.758
3.087
2.9530000000000003
3.03
2.943
2.888
2.698
3.035
3.2710000000000004
3.019
2.78
2.604
2.889
3.044
2.523
2.793
2.722
3.069
3.063
2.762
2.998
2.804
2.906
3.089
2.95
2.942
3.07
3.004
3.133
2.631
3.244
3.048
2.582
3.015
2.699
2.693
3.23
2.843
2.9210000000000003
2.648
2.9530000000000003
2.754
3.052
3.104
2.89
2.722
2.405
2.99
2.738
3.087
3.18
3.159
2.497
2.8510000000000004
2.8360000000000003
2.884
2.633
2.523
2.968
2.655
3.057
2.332
2.939
2.835
2.677
2.647
2.79
2.748
2.989
2.893
2.955
2.835
3.18
2.979
2.886
2.987
2.93
2.662
2.354
2.762
2.829
2.803
2.845
2.967
2.854
2.7230000000000003
2.739
3.365
2.46
2.619
2.761
2.507
3.3510000000000004
2.822
3.302
2.8
2.637
3.2
2.752
2.932
2.467
3.028
2.511
3.025
2.81
3.03
2.8310000000000004
2.9810000000000003
2.366
2.797
3.037
2.6910000000000003
2.707
2.698
2.508
2.582
2.9130000000000003
2.545
3.128
2.682
2.857
3.082
3.029
2.781
3.087
3.024
2.8480000000000003
2.9530000000000003
2.58
3.009
2.607
2.765
2.839
3.03
2.609
2.885
2.445
3.176
2.778
2.845
2.914
2.74
2.614
2.857
2.674
2.742
3.257
2.678
3.184
2.408
2.681
2.596
2.613
2.526
2.934
3.039
2.623
2.8280000000000003
2.634
2.895
2.867
3.522
2.171
3.337
3.297
2.764
2.937
3.113
2.763
3.049
2.966
2.928
2.972
2.583
2.624
2.928
3.615
2.518
2.541
2.81
3.059
3.212
2.927
2.7
2.992
2.978
2.76
2.64
2.782
2.8480000000000003
3.0660000000000003
2.58
2.396
3.097
2.997
3.181
2.924
2.735
2.866
2.855
2.846
3.109
3.483
3.015
2.776
2.6630000000000003
3.009
2.614
2.755
2.9210000000000003
2.772
2.789
3.18
2.447
3.103
2.999
