2.713
2.637
2.546
2.471
2.5540000000000003
2.892
2.653
2.672
2.335
2.8080000000000003
2.181
2.707
2.79
2.574
2.721
2.508
2.67
2.592
2.797
2.761
2.521
2.64
2.146
2.73
2.392
1.904
2.406
2.682
2.667
2.7880000000000003
2.738
2.5660000000000003
2.649
2.533
2.6830000000000003
2.557
2.574
2.0980000000000003
2.633
2.7
2.7510000000000003
2.874
2.584
2.422
2.638
2.859
2.59
2.567
2.812
2.68
2.766
2.813
2.739
2.843
2.647
2.454
2.469
2.416
2.806
2.259
2.436
2.7230000000000003
2.756
2.564
2.65
2.6910000000000003
2.396
2.5660000000000003
2.6860000000000004
2.833
2.425
2.506
2.903
2.78
2.859
2.764
2.843
2.5780000000000003
2.762
2.54
2.44
2.763
2.431
2.786
2.335
2.805
2.727
2.733
2.699
2.18
2.684
2.58
2.687
2.624
2.912
2.631
2.482
2.547
2.68
2.633
2.364
2.654
2.619
2.754
2.806
1.745
2.719
2.6710000000000003
2.718
2.7710000000000004
2.4130000000000003
2.883
2.853
2.5610000000000004
1.852
2.761
2.6630000000000003
2.525
2.839
2.431
2.694
2.5580000000000003
2.63
2.583
2.47
2.72
2.786
2.783
2.629
2.841
2.358
2.9810000000000003
2.839
2.247
2.151
2.468
2.592
2.226
2.619
2.787
2.597
2.662
2.063
2.515
2.456
2.542
2.742
2.639
2.785
2.773
2.826
2.5540000000000003
2.879
2.648
2.739
2.651
2.755
2.915
2.821
2.613
2.653
2.486
2.82
2.272
2.716
2.96
2.43
2.419
2.267
2.704
2.662
2.3280000000000003
2.935
2.763
2.486
2.701
2.537
2.827
2.803
2.416
2.935
2.624
2.143
2.4090000000000003
2.773
2.92
2.717
2.698
2.742
2.638
2.63
2.431
2.775
2.361
2.698
2.68
2.197
2.455
2.551
2.688
2.685
2.957
2.529
2.442
2.632
2.697
2.756
2.8080000000000003
2.623
2.813
2.67
2.407
2.378
2.8310000000000004
2.92
2.438
2.8680000000000003
2.651
2.773
2.829
2.715
2.667
2.251
2.714
2.588
2.8480000000000003
2.665
2.599
2.785
2.5340000000000003
2.418
2.717
2.556
2.645
2.612
2.77
2.768
2.728
2.724
2.063
2.447
2.541
2.528
2.651
2.693
2.687
2.709
2.695
2.655
2.7060000000000004
2.71
2.707
2.641
2.77
2.615
2.7710000000000004
2.499
1.648
2.77
2.665
2.264
2.611
2.772
2.619
2.584
2.809
2.87
2.722
2.607
2.513
2.303
2.353
2.2880000000000003
2.577
2.15
2.773
2.9810000000000003
2.227
2.647
2.634
2.672
2.824
2.625
2.794
2.7510000000000003
2.381
2.35
2.763
2.6210000000000004
2.729
2.904
2.781
2.613
2.632
2.632
2.52
2.755
2.465
2.375
2.457
2.616
2.52
2.8280000000000003
2.395
2.7030000000000003
2.661
2.424
2.467
2.579
2.419
2.766
2.893
2.697
2.478
2.563
1.991
2.694
2.701
2.744
2.227
2.75
2.552
2.806
2.713
2.6910000000000003
2.923
2.5340000000000003
1.992
2.661
2.603
2.32
2.611
2.629
2.541
2.253
2.898
2.864
2.716
2.524
2.247
2.698
2.739
2.673
2.844
2.307
2.705
2.655
2.367
2.806
2.56
2.651
2.7910000000000004
2.738
2.568
2.544
2.759
2.522
2.742
2.68
2.819
2.607
2.668
2.649
2.7880000000000003
2.358
2.53
2.807
2.359
2.883
2.582
2.727
2.756
2.299
2.555
2.803
2.662
2.833
2.582
2.841
2.847
2.545
2.8080000000000003
2.109
2.604
2.901
2.946
2.5540000000000003
2.4530000000000003
2.784
2.7110000000000003
2.729
2.709
2.523
2.815
2.822
2.8110000000000004
2.875
2.239
2.574
2.499
2.535
2.633
2.7430000000000003
2.408
2.396
2.41
2.539
2.414
2.737
2.772
2.741
2.526
2.51
2.295
2.428
2.8080000000000003
2.519
2.8110000000000004
2.546
2.74
3.034
2.911
2.919
2.604
2.622
2.442
2.681
2.678
2.8280000000000003
2.888
2.773
2.7230000000000003
2.191
2.8160000000000003
2.827
2.303
2.769
3.065
2.325
2.599
2.687
2.855
2.78
2.716
2.551
2.701
2.614
2.616
2.415
2.784
2.734
2.583
2.779
2.545
2.861
2.705
2.689
2.398
2.801
2.59
2.757
2.421
2.87
2.608
2.688
2.178
2.86
2.724
2.452
2.494
2.739
2.468
2.7260000000000004
2.802
2.873
2.617
2.839
2.333
2.647
2.238
2.772
2.829
2.636
2.714
2.905
2.4
2.552
2.377
2.063
2.469
2.545
2.5810000000000004
2.62
2.643
2.8080000000000003
2.945
2.589
2.756
2.999
2.585
2.854
2.733
2.832
2.766
2.818
2.583
2.728
2.26
2.301
2.647
2.665
2.535
2.891
2.283
2.687
2.624
2.684
2.077
2.655
2.985
2.6710000000000003
2.966
2.61
2.58
2.74
2.563
2.772
2.681
2.219
2.277
2.015
2.463
2.705
2.67
2.544
2.548
2.844
2.845
2.4530000000000003
2.903
2.782
2.588
2.391
2.866
2.472
2.6830000000000003
2.536
2.7310000000000003
2.89
2.546
2.644
2.761
2.557
2.71
2.661
2.7030000000000003
2.408
2.715
2.718
2.813
2.675
2.843
2.709
2.802
2.669
2.6010000000000004
2.4730000000000003
2.724
2.877
2.577
2.614
2.644
2.605
2.864
2.196
2.6060000000000003
2.799
2.786
2.414
2.338
2.8280000000000003
2.5660000000000003
2.668
2.411
2.2880000000000003
2.548
2.764
2.336
2.8160000000000003
2.747
2.6860000000000004
2.669
2.734
2.063
2.423
2.559
2.659
2.845
2.257
2.234
2.7230000000000003
2.322
2.619
2.4930000000000003
2.392
2.697
2.5340000000000003
2.354
2.234
2.608
2.046
2.639
2.887
2.642
2.264
2.41
2.652
2.873
2.737
2.115
2.6210000000000004
2.761
2.616
2.762
2.584
2.654
2.643
2.813
2.474
2.638
2.6860000000000004
2.5340000000000003
2.819
2.314
2.77
2.638
1.996
2.827
2.715
2.632
2.732
2.569
2.858
2.603
2.6660000000000004
2.424
2.443
2.738
2.661
2.792
2.4330000000000003
2.533
2.632
2.725
2.9
2.087
2.837
2.919
2.45
2.758
2.602
2.551
2.516
2.718
2.7880000000000003
2.609
2.509
2.5860000000000003
2.801
2.656
2.729
2.5660000000000003
2.761
2.5780000000000003
2.667
2.627
2.455
2.699
2.74
2.705
2.835
2.675
2.602
2.762
2.565
2.9930000000000003
2.448
2.782
2.517
2.659
2.449
2.502
2.354
2.521
2.78
2.325
2.733
2.818
2.789
2.766
2.431
2.87
2.212
2.86
2.7230000000000003
2.592
2.823
2.13
2.658
2.105
2.76
2.749
2.673
2.474
2.653
2.7510000000000003
2.737
2.478
2.31
2.867
2.934
2.475
2.417
2.407
2.883
2.649
2.689
2.72
2.814
2.7260000000000004
2.332
2.673
2.569
2.462
2.83
2.591
2.609
2.507
2.47
2.486
2.576
2.863
2.67
2.677
2.763
2.854
2.444
2.886
2.753
2.63
2.4130000000000003
2.929
2.765
2.225
2.73
2.912
2.781
2.797
2.822
2.463
2.528
2.447
2.653
2.516
2.702
2.702
2.872
2.529
2.6260000000000003
2.521
2.734
2.783
2.588
2.471
2.629
2.767
2.829
2.611
2.694
2.705
2.096
2.802
2.358
2.584
2.61
2.86
2.824
2.698
2.795
2.232
2.186
2.758
2.524
2.596
2.468
2.784
2.643
2.6210000000000004
2.759
2.79
2.893
2.694
2.535
2.76
2.88
2.695
2.644
2.67
1.968
2.761
2.827
2.609
2.583
2.821
2.414
1.99
2.6710000000000003
2.398
2.665
2.577
2.391
2.9330000000000003
2.483
2.256
2.385
2.863
2.407
2.415
2.329
2.639
2.742
2.556
2.669
2.293
2.825
2.4330000000000003
2.834
2.6910000000000003
2.6260000000000003
2.835
2.717
2.303
2.813
2.422
2.632
2.603
2.504
2.504
2.297
2.216
2.656
2.898
2.694
2.042
2.841
2.861
2.39
2.867
2.635
2.692
2.517
2.056
2.377
2.7230000000000003
2.757
2.704
2.662
2.693
2.935
2.891
2.766
2.488
2.781
2.528
2.656
2.116
2.758
2.404
2.817
2.752
2.6060000000000003
2.825
2.7230000000000003
2.76
2.801
2.251
2.574
1.983
2.535
2.627
2.725
2.814
2.6210000000000004
2.813
2.894
2.857
2.682
2.641
2.298
2.734
2.447
2.773
2.66
2.985
2.73
2.545
2.839
2.795
2.6830000000000003
2.6660000000000004
2.178
2.649
2.611
2.8080000000000003
2.797
2.78
2.9210000000000003
2.752
2.542
2.651
2.426
2.777
2.337
2.5810000000000004
2.517
2.674
2.653
2.382
2.446
2.278
2.922
2.67
2.787
2.9560000000000004
2.767
2.438
2.414
2.672
2.762
2.262
2.78
2.8310000000000004
2.353
2.738
2.542
2.81
2.6460000000000004
2.7710000000000004
2.565
2.819
2.244
2.658
2.517
2.773
2.818
2.499
2.713
2.861
2.721
2.6460000000000004
2.784
2.298
2.48
2.739
2.603
2.418
2.685
2.707
2.6860000000000004
2.446
2.642
2.503
2.622
2.8110000000000004
2.635
2.919
2.84
2.6630000000000003
2.753
2.7510000000000003
2.29
2.672
2.68
2.383
2.733
2.8510000000000004
2.37
2.6460000000000004
2.755
2.73
2.79
2.785
2.559
2.768
2.687
2.724
2.28
2.4330000000000003
2.702
2.8110000000000004
2.715
2.678
2.786
2.599
2.584
2.849
2.577
2.769
2.8110000000000004
2.842
2.854
2.298
2.629
2.787
2.35
2.664
2.254
2.818
2.553
2.667
2.742
2.667
2.707
2.86
2.4090000000000003
2.773
2.739
2.612
2.82
2.945
2.914
2.802
2.734
2.732
2.753
2.5980000000000003
2.269
2.614
2.838
2.772
2.358
2.735
2.591
2.636
2.74
2.562
2.5540000000000003
2.6260000000000003
2.53
2.6210000000000004
2.795
2.754
2.515
2.87
2.75
2.8760000000000003
2.645
2.692
2.66
2.802
2.817
2.669
2.781
2.77
2.643
2.605
2.57
2.551
2.303
2.764
2.8480000000000003
2.539
1.788
2.716
2.7710000000000004
2.6460000000000004
2.854
2.838
2.823
2.596
2.494
2.357
2.322
2.8310000000000004
2.889
2.612
2.803
2.2880000000000003
2.388
2.467
2.351
2.714
2.685
2.178
2.311
2.714
2.756
2.714
2.804
2.485
2.404
2.712
2.698
2.565
2.82
2.629
2.701
2.664
2.589
2.172
2.6710000000000003
2.8760000000000003
2.609
2.355
2.693
2.659
2.7510000000000003
2.7960000000000003
2.77
2.724
2.292
2.773
2.6060000000000003
2.387
2.49
2.656
2.54
2.5980000000000003
2.715
2.772
2.361
2.7960000000000003
2.672
2.358
2.695
2.656
2.8560000000000003
2.934
2.704
2.774
2.426
2.934
2.7310000000000003
2.664
2.573
2.695
2.895
2.587
2.65
2.885
2.739
2.787
2.955
2.749
2.715
2.684
2.635
2.741
2.536
2.849
2.716
2.735
2.609
2.479
2.741
2.761
2.744
2.8
2.302
2.701
2.86
2.279
2.236
2.519
2.8280000000000003
2.827
2.724
2.773
2.5610000000000004
2.227
2.677
2.798
2.891
2.38
2.687
2.7880000000000003
2.5810000000000004
2.725
2.6860000000000004
2.737
2.658
2.877
2.424
3.016
2.384
2.502
2.405
2.325
2.789
2.57
2.714
2.862
2.599
2.658
2.849
2.879
2.474
2.446
2.614
2.815
2.4930000000000003
2.787
2.4730000000000003
2.549
2.39
2.772
2.244
2.7
2.992
2.949
2.29
2.852
2.688
2.7880000000000003
2.693
2.89
2.841
2.761
2.897
2.7710000000000004
2.53
2.632
2.069
2.988
2.728
2.488
2.327
2.8480000000000003
2.824
2.569
2.667
2.475
2.667
2.491
2.622
2.6860000000000004
2.756
2.863
2.616
2.414
2.322
2.446
2.5
2.5660000000000003
2.545
2.539
2.335
2.824
2.657
2.279
2.644
2.335
2.784
2.68
2.417
2.6180000000000003
2.739
2.78
2.541
2.927
2.553
2.393
2.792
2.787
2.524
2.774
2.661
2.675
2.6910000000000003
2.741
2.464
2.636
2.576
2.768
2.676
2.77
2.584
2.613
2.859
2.455
2.102
2.66
2.62
2.491
2.736
2.906
2.7230000000000003
1.983
2.645
2.785
2.694
2.97
2.569
2.661
2.167
2.24
2.8480000000000003
2.86
2.678
2.655
2.744
2.825
2.267
2.782
2.709
2.655
2.812
2.7110000000000003
2.585
2.919
2.902
2.391
2.572
2.1830000000000003
2.83
2.769
2.783
2.569
2.382
2.642
2.1630000000000003
2.9130000000000003
2.148
2.815
2.575
2.702
2.67
2.778
2.709
2.319
2.698
2.049
2.6910000000000003
2.665
2.494
2.6630000000000003
2.7
2.769
2.675
2.732
2.853
2.6460000000000004
2.809
2.515
2.763
2.798
2.644
2.668
2.6210000000000004
2.624
2.342
2.602
2.707
2.506
2.25
2.75
2.8
1.127
2.814
2.685
2.632
2.597
2.849
2.562
2.372
2.74
2.866
2.901
2.373
2.879
2.696
2.437
2.541
2.414
2.729
2.693
2.709
2.647
2.628
2.741
2.764
2.292
2.6180000000000003
2.724
2.83
2.1590000000000003
2.361
2.7260000000000004
2.798
2.6
2.69
2.7260000000000004
2.679
2.206
2.719
2.122
2.839
2.537
2.525
2.6060000000000003
2.077
2.852
2.346
2.695
2.744
2.54
2.552
2.7430000000000003
2.7710000000000004
2.736
2.843
2.607
2.724
2.4730000000000003
2.457
2.574
2.68
2.797
2.759
2.7460000000000004
2.835
2.717
2.541
2.546
2.859
2.684
2.7430000000000003
2.882
2.524
2.218
2.359
2.404
2.446
2.92
2.7430000000000003
2.507
2.416
2.714
2.105
2.208
2.875
2.479
2.47
2.799
2.695
2.721
2.69
2.787
2.8080000000000003
2.792
2.638
2.5660000000000003
2.74
2.826
2.704
2.6660000000000004
2.585
2.381
2.486
2.515
2.66
2.596
2.356
2.869
2.361
2.696
2.399
2.8160000000000003
2.533
2.917
2.885
2.589
2.725
2.516
2.398
2.5540000000000003
2.702
2.793
2.251
2.472
2.148
2.567
2.707
2.866
2.6860000000000004
2.065
2.875
2.819
2.8680000000000003
2.834
2.634
3.005
2.763
2.634
2.662
2.624
2.63
2.79
2.321
2.855
2.488
2.523
2.863
2.466
2.709
2.764
2.31
2.364
2.6710000000000003
2.572
2.591
2.715
2.608
2.591
2.67
2.446
2.707
2.363
2.765
2.714
2.571
1.648
2.374
2.799
2.155
2.611
2.67
2.375
2.555
2.342
2.584
2.773
2.657
2.78
2.769
2.898
2.591
2.669
2.482
2.718
2.487
2.678
2.672
2.75
2.9160000000000004
2.83
2.384
2.699
2.749
2.779
2.292
2.912
2.779
2.835
1.888
2.635
2.602
2.8280000000000003
2.162
2.388
2.2030000000000003
2.609
2.687
2.438
2.467
2.508
2.523
2.539
2.787
2.464
2.367
1.142
2.439
2.7510000000000003
2.776
2.365
2.766
2.688
2.898
2.415
2.6180000000000003
2.45
2.9560000000000004
2.087
2.827
2.169
2.305
2.806
2.8510000000000004
2.384
2.701
2.7430000000000003
2.7310000000000003
2.7110000000000003
2.74
2.85
2.777
2.822
2.6910000000000003
2.51
2.2230000000000003
2.669
2.61
2.591
2.415
2.826
2.211
2.443
2.3080000000000003
2.643
2.7430000000000003
2.67
2.655
2.622
2.702
2.466
2.541
2.674
2.6180000000000003
2.162
2.883
2.81
2.83
2.697
2.716
2.483
2.695
2.694
2.809
2.615
2.421
2.861
2.653
2.6860000000000004
2.732
2.761
2.778
2.25
2.535
2.443
2.757
2.793
2.88
2.611
2.365
2.6830000000000003
2.631
2.721
2.508
2.256
2.847
2.689
2.146
2.732
2.009
2.4530000000000003
2.497
2.61
2.6660000000000004
2.822
2.475
2.35
2.702
2.004
2.642
2.85
2.9210000000000003
2.778
2.69
2.738
2.752
2.321
2.397
2.842
2.704
2.344
2.648
2.391
2.531
2.8510000000000004
2.676
2.43
2.674
2.718
2.87
2.326
2.445
2.763
2.741
2.807
2.486
2.854
2.654
2.782
2.6910000000000003
2.485
2.781
2.815
2.164
2.841
2.086
2.809
2.512
2.205
2.689
2.8110000000000004
2.587
2.579
2.698
2.73
2.7260000000000004
2.342
3.01
2.6630000000000003
2.667
2.658
2.901
2.465
2.551
2.5780000000000003
2.781
2.694
2.736
2.333
2.779
2.48
2.205
2.644
2.758
2.658
2.524
2.776
2.7230000000000003
2.672
2.546
2.6860000000000004
2.755
2.86
2.634
2.932
2.657
2.436
2.507
2.802
2.357
2.735
2.79
2.651
2.692
2.302
2.447
2.654
2.462
2.624
2.511
2.764
1.99
2.7880000000000003
2.748
2.6910000000000003
2.312
2.633
2.088
2.715
2.449
2.447
2.893
2.635
2.783
2.741
2.3680000000000003
2.879
2.764
2.655
1.841
2.84
2.622
2.75
2.399
2.965
2.455
3.111
2.695
2.47
2.577
2.687
2.516
2.8510000000000004
2.579
2.5380000000000003
2.644
2.682
2.68
2.625
2.854
2.515
2.573
2.21
2.775
2.754
2.162
2.679
2.299
2.155
2.867
2.83
2.818
2.5610000000000004
2.713
2.765
2.388
2.296
2.613
2.283
2.781
2.926
2.197
2.716
2.238
1.256
2.825
2.562
2.787
2.669
2.53
2.774
2.781
2.774
2.66
2.105
2.559
2.819
2.228
2.59
