3.2910000000000004
3.307
2.526
2.367
2.89
2.515
2.294
2.084
2.5580000000000003
2.314
2.6910000000000003
3.1010000000000004
2.641
3.201
2.975
2.971
2.564
2.3680000000000003
2.542
2.8160000000000003
3.11
2.694
3.462
2.863
2.994
2.504
2.631
3.1010000000000004
3.176
2.504
3.1630000000000003
2.9210000000000003
2.902
2.83
2.754
3.389
2.984
2.6710000000000003
2.689
2.573
2.77
2.327
2.774
3.034
2.5810000000000004
2.753
2.587
2.582
2.337
3.11
2.611
2.45
3.11
2.82
3.037
2.344
2.854
2.819
2.307
2.63
2.857
2.415
2.468
2.68
2.857
2.532
3.352
2.967
2.7060000000000004
2.246
2.946
2.437
2.045
3.5780000000000003
2.3040000000000003
2.6660000000000004
2.821
2.875
2.552
2.92
2.334
2.015
3.227
2.6
3.242
2.813
2.648
3.1180000000000003
2.637
3.083
2.511
2.8310000000000004
3.127
2.8
3.179
3.0010000000000003
3.103
2.8960000000000004
3.0580000000000003
2.812
3.56
2.938
2.27
3.094
2.924
2.072
2.539
2.546
3.109
2.481
2.9760000000000004
2.742
2.77
3.3510000000000004
2.094
2.35
2.772
2.688
3.202
2.672
2.516
2.83
3.301
2.602
2.693
2.52
2.632
3.196
2.6210000000000004
2.658
2.777
2.233
3.315
2.279
2.865
2.567
3.241
2.373
3.141
2.793
2.426
2.43
2.544
2.191
2.716
2.827
2.669
2.939
2.707
2.944
2.342
3.176
2.76
2.696
2.69
2.619
2.776
3.135
3.134
2.883
3.169
3.241
2.762
3.142
2.0340000000000003
2.983
2.547
2.91
2.963
2.656
2.835
2.742
2.903
2.82
2.582
2.218
2.741
3.477
2.593
3.113
2.821
2.905
3.385
3.345
2.71
2.333
3.072
3.1260000000000003
3.047
2.675
2.059
2.672
3.299
2.942
2.998
2.439
2.441
3.05
2.911
2.3480000000000003
2.514
2.98
2.895
2.564
2.841
2.798
2.6260000000000003
2.9410000000000003
2.763
2.366
2.958
2.757
2.733
2.749
2.799
2.668
2.906
3.091
2.393
2.491
2.657
2.462
3.024
2.6060000000000003
3.011
3.361
2.707
2.782
3.099
2.823
3.029
2.381
2.966
2.427
2.3
2.642
2.919
3.077
2.866
2.133
2.985
2.638
2.4090000000000003
2.845
2.518
2.5810000000000004
3.235
2.775
3.69
2.434
2.853
2.8710000000000004
2.652
2.8080000000000003
2.8960000000000004
2.977
2.742
3.19
2.827
2.842
2.698
2.8760000000000003
2.712
2.739
2.837
2.889
2.337
2.479
2.722
2.5540000000000003
3.352
2.546
3.237
3.08
2.9730000000000003
2.762
3.09
2.599
2.942
2.662
2.893
2.832
2.794
2.85
2.582
3.131
3.033
2.698
2.972
3.28
2.919
2.152
1.967
2.959
2.887
2.545
2.4130000000000003
2.55
2.9960000000000004
2.884
2.79
2.827
3.219
3.187
2.472
3.209
2.529
2.919
2.832
2.862
2.837
2.611
2.484
3.204
2.597
3.202
2.9360000000000004
2.835
2.617
2.643
2.8510000000000004
2.616
2.717
2.782
3.092
2.714
3.409
3.077
2.934
2.99
2.59
2.407
2.7460000000000004
2.523
2.912
2.689
3.044
3.124
2.972
2.8510000000000004
2.657
2.675
2.445
2.62
3.168
3.065
2.545
2.567
2.66
2.487
2.258
2.893
2.596
3.33
2.716
2.491
3.064
2.551
2.469
2.843
2.322
3.256
2.427
3.03
2.777
3.049
3.261
2.835
3.036
2.967
3.024
3.1460000000000004
2.517
2.934
2.8310000000000004
2.503
2.2840000000000003
2.705
2.5980000000000003
2.59
3.1830000000000003
3.3360000000000003
2.517
2.492
2.468
2.682
2.997
2.741
2.528
2.9610000000000003
2.954
2.772
2.588
2.481
3.107
2.605
2.893
2.497
2.548
3.158
2.9530000000000003
2.388
3.065
2.4090000000000003
3.132
3.0980000000000003
3.207
3.216
3.024
3.015
2.735
2.869
2.994
3.303
2.719
3.783
2.82
2.569
3.1210000000000004
2.747
3.047
3.012
2.794
2.355
3.489
3.047
2.837
3.031
2.9730000000000003
2.65
2.712
2.998
2.085
2.345
2.727
3.188
2.8710000000000004
3.645
3.0980000000000003
2.81
3.0
2.503
2.4290000000000003
2.257
2.53
3.167
2.053
2.594
2.624
2.799
2.199
2.925
3.017
2.945
3.093
2.815
2.946
2.763
2.668
2.9610000000000003
3.035
2.881
2.67
2.863
3.409
3.053
2.8080000000000003
3.031
2.881
3.225
2.947
3.367
3.015
2.472
2.72
3.019
2.785
3.155
2.966
2.864
2.883
2.963
2.431
2.634
2.232
2.929
3.2960000000000003
2.938
2.133
2.987
2.986
2.339
2.7880000000000003
2.5580000000000003
2.937
3.162
2.627
2.532
3.043
3.209
2.725
2.4290000000000003
3.221
2.542
3.135
2.397
2.6060000000000003
2.7710000000000004
3.192
2.464
3.387
2.299
2.635
3.207
2.428
3.09
3.027
3.645
3.0810000000000004
2.702
2.608
2.7880000000000003
3.0660000000000003
2.886
3.232
2.875
3.122
2.637
2.983
2.6260000000000003
2.574
2.5540000000000003
2.263
2.636
3.024
3.139
2.32
2.559
3.012
2.669
2.839
2.5380000000000003
2.597
3.2710000000000004
2.447
3.235
3.069
2.725
3.082
3.179
2.462
2.7230000000000003
2.955
2.757
2.44
2.722
2.481
2.659
2.685
2.69
3.007
2.722
2.681
2.835
2.655
2.8960000000000004
2.252
2.878
3.073
2.87
3.295
2.667
3.005
2.93
2.408
2.7460000000000004
2.829
3.054
2.9810000000000003
2.784
2.8680000000000003
2.447
2.87
3.293
3.0980000000000003
3.147
2.939
2.546
2.756
2.419
2.305
2.785
2.184
2.6210000000000004
3.21
2.608
2.4290000000000003
2.999
2.5780000000000003
2.512
3.36
2.675
2.371
3.321
2.656
2.769
3.077
3.25
2.512
2.271
2.599
2.679
2.96
2.823
2.8960000000000004
2.883
2.718
2.917
2.421
3.134
2.786
2.965
2.903
3.217
2.535
2.998
2.763
3.241
2.456
2.182
2.363
2.67
2.798
3.1
2.107
2.842
2.567
3.014
3.2460000000000004
2.675
2.653
2.7510000000000003
2.405
2.704
3.01
2.983
2.533
2.712
2.565
3.151
2.432
3.424
2.824
2.9330000000000003
3.02
2.611
3.047
2.4
3.305
2.625
2.865
2.527
2.275
2.522
3.314
2.6180000000000003
3.139
2.467
3.255
2.445
2.44
3.004
3.164
2.982
2.591
2.562
2.998
2.709
2.797
2.553
2.966
2.546
2.965
2.882
3.255
3.341
3.0010000000000003
2.5660000000000003
2.51
2.603
2.551
2.609
2.495
2.777
2.948
2.063
2.797
2.6
2.36
3.003
2.479
2.7910000000000004
2.753
2.659
2.46
3.391
2.735
2.757
2.901
2.9760000000000004
2.662
2.754
2.615
3.284
2.855
2.417
2.495
3.205
2.518
2.485
3.213
2.323
2.428
2.967
2.628
2.475
2.954
2.889
2.834
2.75
2.255
2.794
2.785
3.451
2.989
2.535
2.8480000000000003
2.769
3.204
2.875
2.692
2.826
3.099
2.385
2.704
2.617
3.828
3.143
3.321
2.678
3.053
3.036
2.662
2.912
2.93
2.607
2.835
3.337
2.975
3.109
2.935
3.157
2.697
2.906
2.101
2.476
3.009
2.92
2.277
2.77
3.142
3.025
2.633
2.823
2.8080000000000003
2.927
3.013
2.459
2.94
2.432
2.387
2.408
3.054
2.967
2.446
2.884
2.803
2.968
2.988
2.769
2.431
3.124
3.19
2.949
2.394
2.873
2.761
3.469
2.837
2.713
2.959
2.763
3.3
3.1460000000000004
3.173
3.35
2.419
2.575
2.367
2.877
2.291
2.99
2.506
2.915
3.36
2.2230000000000003
3.2460000000000004
2.735
2.697
3.1710000000000003
2.485
2.592
2.6
2.631
3.333
2.763
2.5540000000000003
3.444
1.727
2.316
2.73
2.6660000000000004
3.022
3.156
2.479
2.5610000000000004
3.032
2.802
2.843
2.559
2.8710000000000004
3.188
2.576
3.197
2.778
3.023
2.662
2.7
2.603
2.736
2.513
2.783
2.755
2.727
3.235
2.801
2.745
2.9410000000000003
2.954
2.072
2.6710000000000003
2.765
3.198
2.519
2.479
2.4730000000000003
2.8710000000000004
2.855
2.48
2.658
2.895
3.337
2.781
2.5980000000000003
2.423
2.959
2.46
2.748
2.914
2.821
2.599
2.659
2.424
2.65
2.713
2.564
3.483
2.269
2.475
2.697
2.988
2.352
2.652
2.701
3.071
3.002
2.954
2.66
2.7510000000000003
3.165
3.119
2.516
2.64
2.912
2.51
2.924
2.498
2.864
2.364
3.262
3.042
2.931
2.998
3.4760000000000004
3.142
2.296
2.883
2.8110000000000004
2.898
2.379
2.967
2.9960000000000004
2.9130000000000003
3.2510000000000003
3.045
2.8280000000000003
2.2880000000000003
2.865
2.947
2.8360000000000003
2.673
2.9960000000000004
2.569
2.919
3.759
2.957
3.1830000000000003
2.29
2.629
2.88
3.306
3.049
3.29
2.81
2.7910000000000004
2.4730000000000003
2.4730000000000003
2.995
2.57
2.8760000000000003
2.602
3.154
2.397
2.301
2.972
2.7510000000000003
2.545
3.055
2.46
2.785
2.485
2.772
3.189
2.7510000000000003
2.658
3.043
3.015
2.542
2.633
2.392
2.957
2.776
2.294
2.809
2.792
3.172
2.812
2.819
3.244
2.5380000000000003
3.161
2.362
2.497
2.7430000000000003
2.513
2.817
3.197
2.439
2.749
2.899
2.97
3.0210000000000004
2.54
2.57
2.6180000000000003
3.105
2.486
3.215
3.293
3.157
2.6
2.8480000000000003
2.875
2.428
2.346
2.644
2.352
2.735
2.91
3.037
2.951
2.915
2.9210000000000003
3.282
2.623
2.446
2.3280000000000003
2.994
3.129
2.482
2.486
2.8960000000000004
2.7030000000000003
2.76
3.092
3.229
2.802
2.719
2.443
2.865
2.984
2.759
2.421
3.161
2.648
2.677
2.619
2.19
2.759
3.125
2.969
2.432
2.38
2.665
2.404
2.982
3.1260000000000003
3.004
3.383
2.8
2.361
2.556
3.015
2.642
2.59
2.388
2.919
2.323
2.881
2.785
2.929
2.636
2.789
2.962
2.764
2.927
2.307
3.019
2.9
3.169
2.766
3.149
2.8310000000000004
3.167
2.839
3.424
3.004
2.522
2.6010000000000004
3.2030000000000003
3.57
3.015
2.923
2.664
3.1060000000000003
2.119
2.97
3.167
3.323
2.629
2.677
2.9530000000000003
2.717
3.042
2.404
2.239
3.056
2.636
2.5810000000000004
2.242
2.748
2.874
2.498
2.005
3.064
3.019
2.8760000000000003
2.9560000000000004
2.457
3.055
2.87
2.475
3.143
2.986
3.0980000000000003
2.762
3.0210000000000004
2.608
2.813
2.802
3.018
2.7460000000000004
3.241
2.634
3.048
2.908
3.143
2.917
2.8510000000000004
3.109
3.019
2.949
3.242
2.901
2.261
2.597
2.834
2.834
2.861
2.898
3.826
2.7060000000000004
2.911
2.609
2.3680000000000003
2.742
2.625
2.945
2.974
3.1660000000000004
2.882
3.326
2.834
2.562
2.311
2.524
2.752
2.369
2.643
2.202
2.722
2.934
3.051
2.609
2.573
3.042
2.495
3.102
3.435
3.127
2.374
3.179
3.029
2.883
2.464
2.619
2.491
2.238
2.713
2.529
2.799
2.7510000000000003
2.827
3.165
2.866
2.715
3.165
2.983
2.959
2.789
2.9160000000000004
2.824
2.699
3.204
2.625
2.887
2.838
2.744
2.693
2.398
2.847
2.825
2.613
2.7910000000000004
2.922
2.826
3.262
2.947
3.087
3.0810000000000004
2.249
3.07
2.448
2.701
2.861
2.837
2.602
3.105
3.02
2.707
2.755
2.722
2.809
2.944
2.427
2.83
2.597
2.8160000000000003
3.036
2.965
2.78
2.716
2.749
3.164
2.766
2.674
3.145
2.616
2.709
3.144
2.134
2.864
2.69
2.898
2.964
2.795
2.85
2.8160000000000003
2.563
2.423
3.322
2.799
3.119
2.908
2.379
2.765
3.242
2.625
2.425
2.394
2.858
2.382
2.525
2.45
2.929
2.984
3.0810000000000004
2.6910000000000003
2.73
3.247
2.764
2.969
2.684
2.326
2.445
2.832
3.07
2.7710000000000004
2.9760000000000004
2.61
2.9810000000000003
3.425
2.864
2.432
2.51
2.61
3.189
2.782
2.359
3.255
2.9410000000000003
2.832
3.258
3.045
2.669
2.7310000000000003
2.51
3.075
2.522
2.767
2.181
2.572
2.717
2.382
2.7880000000000003
2.251
2.85
3.229
3.212
3.036
2.857
2.8160000000000003
3.233
2.934
2.729
2.984
2.513
3.3510000000000004
2.7
2.986
2.639
2.94
2.737
2.892
2.807
2.5340000000000003
2.964
2.3280000000000003
2.575
2.724
3.28
2.713
2.599
3.136
3.21
2.476
2.685
3.158
2.9810000000000003
2.9560000000000004
2.715
2.898
2.693
2.687
2.883
2.533
2.5780000000000003
2.769
2.574
2.98
2.631
2.21
2.783
3.117
2.38
3.068
2.728
2.963
3.236
3.397
2.521
3.044
2.858
2.6910000000000003
3.279
2.7710000000000004
2.351
2.055
2.782
2.73
3.169
2.557
2.989
2.617
2.53
3.084
3.071
2.633
3.272
2.8510000000000004
3.429
2.927
2.765
2.775
2.446
2.269
3.079
2.216
3.306
3.303
2.71
3.016
2.972
2.69
2.592
2.583
3.1010000000000004
2.872
2.806
2.9560000000000004
2.644
2.911
3.427
3.435
2.5810000000000004
2.954
2.264
2.564
3.0580000000000003
3.182
3.645
3.178
2.782
3.0210000000000004
3.194
2.854
2.958
3.01
2.905
2.787
2.674
3.4930000000000003
2.542
3.131
2.5860000000000003
2.7960000000000003
3.158
2.767
3.025
3.139
3.0380000000000003
2.4930000000000003
3.367
2.992
3.23
3.3310000000000004
2.823
2.658
2.479
3.115
2.835
3.22
2.643
2.502
2.7
2.361
3.039
3.131
2.9760000000000004
2.733
2.793
2.695
2.544
3.167
2.7430000000000003
2.7110000000000003
2.431
2.925
2.834
2.927
2.932
2.738
2.478
2.892
2.386
2.6060000000000003
2.668
2.468
2.6910000000000003
2.647
2.9
3.09
3.2510000000000003
2.982
3.089
3.318
3.4210000000000003
2.971
2.864
2.847
2.669
2.975
2.508
2.799
2.6260000000000003
2.821
2.613
3.0810000000000004
3.003
2.317
3.114
2.644
2.825
3.2
2.401
3.003
2.9610000000000003
2.943
2.542
2.701
2.654
3.571
2.701
2.855
3.028
3.043
2.523
3.072
2.931
2.709
3.3360000000000003
3.007
2.814
2.653
2.702
3.285
3.329
2.158
2.8110000000000004
2.274
2.883
2.806
2.443
3.032
2.9760000000000004
3.388
2.458
2.661
2.774
2.572
2.584
3.19
3.157
2.735
2.977
2.799
2.642
2.7
2.842
2.9130000000000003
2.7710000000000004
2.955
2.937
2.55
2.475
2.864
2.991
2.5
2.29
2.546
3.104
2.466
2.84
3.324
2.749
3.212
3.053
2.947
3.011
2.08
2.225
2.894
3.047
2.95
2.338
3.008
2.662
2.971
3.208
2.754
3.134
2.384
1.7819999999999998
2.864
2.979
3.015
3.24
2.65
2.8360000000000003
2.39
2.955
2.479
3.2060000000000004
3.209
3.193
2.752
2.92
2.918
2.8280000000000003
2.784
2.643
2.923
2.907
2.864
2.719
2.357
2.768
2.632
2.918
3.142
2.619
3.301
2.945
2.931
2.51
2.72
2.673
3.224
2.53
2.832
2.882
2.438
2.47
2.656
2.784
2.449
2.5810000000000004
3.318
2.805
2.651
2.705
2.6630000000000003
3.407
2.918
2.53
2.627
3.004
2.785
2.291
2.611
3.199
2.418
2.682
2.607
2.665
2.837
2.528
3.033
2.496
2.944
2.918
3.09
2.918
2.69
2.589
3.2460000000000004
2.786
2.89
2.6630000000000003
3.12
2.7030000000000003
2.767
2.636
2.833
2.721
2.96
2.622
2.781
3.092
2.83
2.922
2.044
3.16
2.922
2.7310000000000003
3.099
3.075
3.169
2.319
2.7710000000000004
3.366
2.448
3.164
2.749
3.258
3.45
2.714
3.157
2.7880000000000003
2.5
3.5460000000000003
2.931
2.78
2.658
2.573
2.687
2.6630000000000003
2.951
2.9330000000000003
2.929
2.672
3.293
2.458
3.138
3.1010000000000004
2.737
2.7310000000000003
2.614
2.61
3.2880000000000003
2.738
2.66
2.701
2.787
3.3310000000000004
2.7460000000000004
2.7910000000000004
2.553
2.849
2.959
2.764
2.41
2.175
2.067
2.7960000000000003
2.6910000000000003
2.716
2.85
2.628
2.8710000000000004
2.568
2.693
2.892
2.421
3.114
3.284
2.843
2.381
2.924
3.159
2.761
2.8280000000000003
3.3760000000000003
2.7260000000000004
3.128
3.189
3.268
3.052
2.84
2.945
2.624
2.844
2.902
3.033
3.11
3.2030000000000003
2.318
2.928
2.72
3.02
2.66
3.138
2.632
2.738
2.386
2.793
2.093
2.612
2.724
2.872
2.724
3.01
3.295
2.285
2.418
2.79
2.428
3.274
2.99
2.583
2.955
2.6010000000000004
2.943
3.342
2.7030000000000003
2.774
2.753
2.767
2.985
2.847
2.602
2.883
3.158
3.318
2.378
2.315
2.507
2.572
3.045
3.373
3.1
2.9330000000000003
2.508
2.376
2.995
2.5660000000000003
2.187
2.531
2.504
2.948
2.958
2.755
2.656
2.398
2.806
2.511
2.582
3.085
3.01
2.708
3.111
3.244
2.744
3.0210000000000004
2.92
2.441
2.386
2.475
2.569
2.865
2.317
2.72
2.841
2.965
2.748
2.8680000000000003
2.879
2.969
3.02
2.659
2.747
2.823
2.8510000000000004
3.1830000000000003
2.915
2.503
2.673
2.449
2.861
2.89
3.04
3.361
2.371
3.033
