2.0
2.195
2.064
2.008
1.736
2.245
2.082
2.154
1.944
2.09
1.75
1.995
2.107
2.076
2.032
2.217
2.071
2.04
2.091
2.283
1.98
2.014
1.935
1.997
2.013
1.716
2.1180000000000003
2.035
2.174
2.05
2.213
2.041
1.974
1.926
2.226
2.035
2.104
1.924
2.177
2.165
2.1630000000000003
2.151
2.052
1.947
2.081
1.907
2.09
2.155
2.282
2.066
2.209
2.2430000000000003
2.135
2.333
1.93
1.926
2.066
2.003
2.254
1.871
1.96
2.1
2.041
2.252
2.067
2.142
1.895
1.931
2.224
2.155
2.0340000000000003
2.114
2.436
2.049
1.939
2.225
2.225
2.151
2.148
2.003
1.85
2.007
1.896
2.113
1.763
2.114
2.325
2.257
2.247
2.043
2.135
1.994
2.052
2.134
2.134
2.155
1.871
2.132
2.218
1.918
1.91
1.957
2.16
2.105
2.174
1.601
2.356
2.155
2.125
2.028
1.713
2.343
1.961
2.092
1.734
2.206
2.056
2.102
1.897
2.008
2.264
2.051
2.167
2.138
1.953
1.979
2.133
2.289
2.189
2.29
1.847
2.087
2.19
1.964
1.645
2.092
1.968
1.902
2.133
2.502
2.229
1.934
1.743
2.042
1.986
2.028
2.254
2.03
2.231
2.025
2.15
2.147
2.232
1.999
2.233
2.113
2.158
2.379
1.981
2.044
2.181
1.899
2.1630000000000003
1.998
2.132
2.423
2.086
1.926
2.088
2.093
2.112
1.995
2.386
2.109
2.246
2.237
2.149
2.027
1.926
1.801
2.468
2.178
2.072
2.024
2.217
2.154
2.046
2.031
2.28
2.224
1.989
2.008
1.854
2.017
2.161
2.132
2.01
1.989
2.303
2.259
2.089
2.209
1.983
2.083
2.073
2.148
2.227
2.3280000000000003
2.0980000000000003
2.148
2.144
1.977
2.013
2.297
2.18
1.837
2.2230000000000003
2.174
2.303
2.211
2.0980000000000003
1.98
1.79
2.212
2.049
2.164
2.144
1.969
2.23
2.158
1.815
2.074
1.926
1.998
2.133
2.145
2.176
2.12
2.301
1.993
2.195
2.341
2.152
2.132
1.974
2.359
2.092
1.987
2.1830000000000003
2.253
2.047
2.057
1.908
2.168
2.022
2.134
2.22
1.74
2.232
2.061
1.743
2.145
1.976
2.133
2.192
2.1790000000000003
2.161
2.161
2.286
1.91
2.119
1.878
1.85
2.032
1.946
2.149
2.197
1.7280000000000002
2.186
2.072
2.178
2.204
1.841
2.256
2.01
2.08
1.864
2.143
2.18
2.109
2.287
2.051
2.238
2.133
2.264
2.081
2.156
1.947
1.881
1.958
2.196
1.6569999999999998
2.362
2.027
2.011
2.102
2.07
2.114
2.002
1.839
2.152
2.196
2.265
2.065
1.999
1.898
1.98
2.205
2.136
2.048
2.138
2.126
2.268
2.25
2.39
2.327
1.956
1.779
2.062
1.882
1.941
2.13
2.184
2.177
2.066
2.267
1.91
2.3280000000000003
2.028
1.956
2.093
2.1
2.119
2.059
2.182
2.109
2.143
1.936
2.056
2.047
2.205
2.105
2.059
2.219
1.906
2.232
1.743
1.976
2.047
2.0780000000000003
1.907
2.045
2.124
2.213
1.847
1.834
1.992
2.026
2.317
1.837
2.051
2.085
1.79
2.212
2.234
1.86
2.33
1.881
2.04
2.166
2.207
2.125
1.867
2.267
2.237
2.3080000000000003
2.184
1.957
2.191
2.229
2.398
2.212
1.97
2.137
2.075
2.108
2.228
2.029
2.114
2.02
2.0340000000000003
2.273
2.083
1.882
1.924
1.863
2.161
2.0540000000000003
2.111
2.066
2.248
2.072
2.025
1.82
2.085
2.233
2.092
2.255
2.099
2.028
2.217
2.051
2.291
2.113
1.957
1.881
2.016
1.967
2.036
2.096
2.079
2.027
1.834
2.134
2.196
1.885
2.1630000000000003
2.21
2.018
2.044
2.188
2.004
2.275
2.1630000000000003
1.927
1.986
2.2880000000000003
2.084
1.95
2.259
2.0780000000000003
1.896
2.086
2.045
2.055
2.191
2.046
1.998
2.227
2.138
2.139
2.168
2.355
2.182
1.975
1.736
1.78
2.268
1.959
2.021
2.1630000000000003
2.134
2.158
2.051
2.158
2.258
2.189
1.956
1.998
1.97
1.968
2.14
2.147
2.293
2.489
2.033
2.205
1.83
1.993
1.941
2.026
2.123
1.996
1.969
2.21
2.235
2.155
2.309
2.334
1.902
2.204
2.144
2.199
2.109
2.281
2.036
2.164
1.865
1.979
2.1
2.024
1.785
2.172
2.135
2.239
2.047
2.187
2.062
2.314
2.209
2.167
2.19
1.882
2.15
2.018
1.863
2.255
1.925
1.878
1.879
1.756
2.177
1.951
2.252
2.003
2.198
2.266
2.28
2.1830000000000003
2.265
2.086
1.969
1.866
2.202
2.138
2.089
1.875
2.145
2.317
2.165
2.111
2.007
2.245
2.156
2.141
2.257
1.861
2.195
2.008
2.033
2.168
2.16
2.182
2.125
2.107
2.138
2.171
2.294
2.258
2.237
2.168
2.047
2.205
2.138
1.936
2.031
2.175
2.311
1.878
1.76
2.341
2.031
2.236
2.016
1.887
2.138
2.152
2.012
2.134
1.975
1.935
2.23
1.887
1.837
1.845
2.036
2.204
2.233
2.006
1.829
2.204
1.775
1.981
2.154
1.686
2.275
2.018
2.132
1.829
1.978
1.875
2.063
2.336
1.917
2.108
1.991
2.178
2.069
2.303
2.071
2.239
2.337
2.05
2.19
1.979
2.122
2.075
2.065
2.077
2.016
2.152
2.253
2.189
1.898
2.18
2.092
1.808
2.056
1.981
1.951
2.186
2.2
2.263
2.285
2.107
1.94
2.079
2.317
2.138
2.232
1.885
1.932
2.1
2.236
2.194
1.952
2.228
2.0380000000000003
1.877
2.149
1.941
1.933
2.112
1.981
2.1590000000000003
2.003
2.018
1.92
2.177
2.077
2.115
2.065
2.102
2.323
2.192
2.046
2.114
2.158
2.266
2.008
2.21
2.117
2.022
2.285
1.961
2.1590000000000003
2.1630000000000003
2.274
1.939
1.958
2.127
2.088
1.927
1.978
2.204
1.873
1.96
1.996
2.267
2.119
1.96
2.327
1.856
2.489
1.866
2.149
2.231
1.6669999999999998
2.0380000000000003
1.981
2.046
2.0780000000000003
2.0540000000000003
1.871
2.114
2.193
2.199
1.988
1.901
2.246
2.39
1.712
1.807
2.014
2.167
2.134
2.074
2.114
2.204
2.2230000000000003
2.04
1.91
2.202
1.889
2.029
2.256
2.049
1.855
2.202
1.977
2.145
2.188
1.943
2.104
2.187
2.153
2.0780000000000003
2.158
2.112
2.145
2.013
2.312
2.056
2.124
2.347
2.073
2.169
2.263
2.257
2.071
2.047
1.851
2.262
2.025
1.519
2.015
2.091
1.843
2.18
1.78
2.285
2.014
2.066
2.079
2.192
2.303
2.186
2.017
2.387
2.0780000000000003
1.847
2.254
2.033
1.961
2.064
2.213
2.102
2.077
2.235
1.942
1.743
2.122
1.989
2.122
1.843
2.033
2.07
2.185
2.04
1.929
2.186
2.019
2.0340000000000003
2.24
2.211
2.226
2.193
2.117
1.882
1.88
2.283
2.083
1.985
2.015
1.969
1.727
1.882
2.275
2.198
1.916
1.938
2.393
2.073
1.879
1.999
2.207
2.007
2.202
1.991
2.075
2.156
2.093
2.178
2.033
2.2030000000000003
1.939
2.341
2.027
2.089
2.141
2.228
1.885
2.171
1.882
2.094
2.184
2.0340000000000003
2.128
1.915
1.892
2.26
2.134
2.327
2.006
2.2430000000000003
2.124
1.713
2.199
2.255
2.202
1.965
1.821
1.885
1.901
2.2430000000000003
2.139
2.297
2.125
2.251
2.197
2.205
1.828
2.151
1.977
2.127
2.006
2.145
1.913
2.14
2.12
1.47
2.04
2.265
2.127
2.276
1.828
1.982
1.833
2.109
1.886
2.086
2.168
2.019
2.092
2.314
2.302
2.168
1.988
1.828
2.219
2.031
2.271
2.165
1.98
2.319
2.119
2.187
2.016
2.102
2.22
2.097
2.1630000000000003
2.016
2.303
2.207
2.214
2.142
2.397
2.0540000000000003
2.115
1.966
2.005
2.03
2.044
2.067
2.22
1.91
2.064
1.77
2.106
2.374
2.168
2.239
2.228
2.113
2.111
2.112
2.193
2.12
1.94
2.089
2.364
2.053
2.145
2.072
2.039
2.18
2.025
1.869
2.178
2.053
2.195
1.7919999999999998
2.332
2.108
2.07
2.022
2.347
2.08
2.028
1.958
1.948
2.141
2.228
2.132
1.923
2.359
2.187
2.099
2.145
2.218
2.103
2.212
2.214
2.035
2.269
2.003
1.943
2.019
2.172
1.85
1.817
2.207
1.972
2.316
2.079
1.737
2.249
2.115
2.154
2.28
2.189
2.152
2.32
2.15
1.894
2.004
2.144
2.096
2.423
2.005
2.297
2.241
2.032
2.241
2.197
2.264
2.229
2.258
2.212
2.045
1.733
2.172
2.2430000000000003
1.874
2.238
1.906
2.246
2.096
2.117
2.317
2.253
2.062
2.176
1.849
2.221
2.055
2.047
2.298
2.25
2.136
1.96
2.411
2.1790000000000003
2.169
2.019
1.895
2.089
2.246
2.336
1.934
2.208
2.216
2.024
2.084
1.941
2.228
2.263
1.961
2.044
2.088
2.031
1.86
2.448
1.977
2.45
2.047
2.053
1.965
2.307
2.217
2.132
2.126
2.249
2.282
2.1590000000000003
2.161
2.142
1.889
2.226
2.3040000000000003
1.965
1.842
1.926
2.0980000000000003
2.193
2.114
2.276
2.237
1.7719999999999998
2.129
2.071
2.093
2.219
2.239
2.041
2.192
1.86
2.067
2.068
1.825
2.069
2.305
2.097
1.946
2.171
2.022
2.161
2.0540000000000003
1.696
1.913
2.145
2.174
2.265
2.277
2.273
2.161
1.976
2.048
1.966
2.32
2.2840000000000003
2.115
2.001
2.273
2.237
2.212
2.309
2.1630000000000003
1.961
2.125
2.164
2.105
2.102
2.02
2.101
2.047
2.19
2.205
2.241
2.044
2.199
2.263
1.873
2.1830000000000003
1.918
2.135
2.08
2.148
1.993
2.071
2.266
2.262
1.985
2.05
2.032
2.262
2.178
2.082
2.112
2.246
2.211
2.237
2.196
2.03
2.109
2.018
2.247
1.849
2.088
2.109
2.131
2.182
1.956
2.153
2.204
2.286
2.057
1.974
2.251
2.165
2.073
1.844
2.239
2.281
2.367
2.222
2.125
2.1
1.811
2.126
2.089
2.249
1.947
2.202
2.224
1.959
1.995
1.972
2.3480000000000003
2.068
2.324
1.7080000000000002
2.231
2.056
1.714
2.2
1.912
2.276
2.037
1.906
2.069
2.152
2.071
2.312
2.255
2.021
1.77
2.02
2.06
2.215
2.0340000000000003
2.036
1.967
1.858
2.218
2.053
2.08
2.095
2.21
2.0380000000000003
2.102
2.088
2.277
1.961
2.049
2.092
2.401
2.097
2.172
2.236
2.26
1.787
1.998
2.104
1.982
1.951
2.105
2.227
2.215
2.188
2.075
1.977
1.816
2.263
2.244
2.367
2.155
2.014
1.976
1.947
1.821
1.923
2.094
2.063
2.205
1.763
2.241
2.007
1.84
2.237
1.936
2.371
1.986
2.014
2.209
2.212
2.141
2.232
2.354
1.961
2.003
2.388
2.325
2.084
2.247
2.097
2.292
1.848
2.103
2.128
2.119
2.12
2.113
2.017
2.214
2.053
2.176
2.256
2.057
1.945
2.195
2.218
1.919
2.069
1.913
2.224
2.045
2.045
2.214
2.119
2.051
2.035
2.1790000000000003
1.941
1.868
2.177
2.325
2.127
2.169
2.269
2.264
2.046
2.291
2.167
2.12
2.21
2.105
2.056
2.149
2.115
1.79
2.188
2.097
2.171
2.132
2.113
2.04
2.069
2.142
1.888
2.193
1.756
2.186
2.009
2.157
1.843
2.165
2.035
1.78
1.953
1.887
2.227
2.21
1.937
1.93
2.161
2.1630000000000003
2.194
2.036
2.105
2.294
2.1830000000000003
2.115
2.15
2.379
2.18
2.18
2.065
2.006
1.811
1.874
2.381
2.285
2.004
2.076
2.187
1.362
2.178
2.166
2.05
2.19
2.1830000000000003
1.881
1.936
2.0340000000000003
2.361
2.33
2.202
2.089
1.939
2.033
1.771
1.7380000000000002
1.903
2.207
1.933
2.165
2.292
2.042
2.1590000000000003
1.923
2.201
2.1830000000000003
2.217
2.015
2.018
2.186
2.136
1.804
2.166
2.01
2.197
1.914
2.114
1.8
2.072
1.918
2.275
2.239
2.062
2.274
2.074
2.037
2.233
2.096
2.085
2.1790000000000003
2.042
2.197
2.131
2.076
2.066
2.124
1.984
2.082
2.239
2.167
2.325
2.14
2.119
2.246
1.936
1.899
2.1830000000000003
2.231
2.11
2.322
1.788
2.137
2.026
2.081
1.983
2.305
2.0780000000000003
2.136
1.866
2.095
1.981
1.85
2.185
1.912
1.621
2.246
1.991
2.312
2.124
2.262
2.079
2.354
2.092
2.061
2.233
2.257
2.278
2.263
1.952
2.001
2.104
1.976
2.161
2.001
1.944
2.211
2.025
2.266
2.066
2.134
1.974
2.204
2.081
2.065
2.068
2.049
1.747
1.971
2.126
2.207
2.107
2.205
1.995
2.025
2.224
2.108
2.212
1.783
2.318
2.335
2.121
2.0380000000000003
2.2030000000000003
2.277
2.32
2.091
2.206
1.834
2.18
2.298
1.852
2.38
1.86
2.133
2.2880000000000003
1.912
2.076
2.092
1.991
1.888
2.26
1.931
2.116
2.129
2.013
2.045
2.253
2.092
2.287
2.029
1.925
2.367
2.007
1.74
2.045
2.401
1.789
2.108
2.043
2.164
2.105
1.975
2.205
2.075
2.291
2.316
2.11
2.103
1.995
2.1830000000000003
2.04
2.244
2.108
2.084
2.245
2.149
2.378
2.371
2.077
2.042
2.116
2.12
1.939
2.213
2.317
2.447
1.58
2.2
2.0580000000000003
2.22
1.928
2.187
1.931
1.954
1.356
1.917
1.861
2.102
2.048
2.162
2.193
1.952
1.954
1.432
1.901
2.276
2.196
2.1
2.261
2.231
2.337
1.978
2.057
1.907
2.3680000000000003
1.958
2.174
1.882
1.868
2.056
2.266
1.969
2.253
2.128
2.225
2.1590000000000003
2.233
2.364
2.213
2.214
2.053
1.977
2.003
2.146
2.214
1.774
1.978
1.944
1.815
1.854
1.883
2.17
2.261
2.127
2.044
2.124
2.141
1.908
2.075
2.005
2.056
2.046
2.374
2.101
2.248
2.082
2.172
2.155
2.261
1.996
2.257
2.275
2.013
2.186
2.052
2.297
2.24
2.221
2.093
1.867
1.818
1.986
2.016
2.087
2.233
2.13
2.006
2.218
2.026
2.384
2.02
1.838
2.109
2.129
1.832
2.007
1.805
2.066
2.101
2.22
1.909
2.145
1.969
2.174
1.988
1.785
2.17
1.849
2.076
2.146
2.068
2.16
2.151
1.852
1.922
2.194
2.343
1.716
1.971
1.932
1.781
2.246
2.181
2.093
1.924
2.056
2.292
1.982
2.087
2.166
2.187
2.379
1.894
2.12
1.764
2.337
2.107
2.104
2.263
1.982
1.649
2.313
1.774
2.067
1.843
1.7619999999999998
2.119
2.229
2.097
1.848
2.037
1.962
2.324
1.967
2.225
2.157
2.165
2.154
2.2880000000000003
2.074
2.162
1.938
1.988
2.212
2.08
1.856
2.226
2.141
1.956
2.2
2.053
1.94
1.952
2.0380000000000003
1.993
2.089
2.143
2.023
2.194
2.141
2.23
2.336
2.296
2.013
2.002
2.255
2.1
2.065
2.187
2.026
2.093
1.995
1.947
2.02
1.879
1.935
2.0780000000000003
2.205
1.917
2.147
2.349
2.021
2.001
2.238
1.7819999999999998
2.05
2.225
1.917
2.248
1.931
2.34
2.181
1.998
2.619
2.093
1.93
2.1
2.386
2.142
2.162
1.998
2.274
1.995
2.294
2.397
1.902
2.213
2.104
2.0540000000000003
2.274
2.051
2.002
2.22
2.141
2.286
2.175
2.488
2.088
2.02
1.814
1.882
2.039
1.993
2.216
1.935
1.926
2.09
2.199
2.196
2.0980000000000003
2.16
2.096
1.987
1.891
2.096
1.99
2.311
2.008
2.072
2.005
2.031
1.601
2.178
2.207
2.046
2.11
2.112
2.097
2.275
2.24
2.178
2.016
1.989
2.245
1.828
2.46
