2.148
2.228
2.221
2.24
2.485
2.438
2.267
1.896
2.344
2.339
2.388
2.386
2.196
2.508
2.374
2.361
2.2
2.527
2.242
2.207
2.341
2.051
2.272
2.175
2.437
2.324
2.31
2.207
2.263
2.4290000000000003
2.302
2.28
2.192
2.361
2.11
2.296
2.32
2.501
2.3
2.371
2.19
2.229
2.132
2.445
2.4930000000000003
2.289
2.533
2.446
2.398
2.367
2.322
2.4530000000000003
2.362
2.345
2.3280000000000003
2.441
2.282
2.278
2.504
2.362
2.457
2.423
2.474
2.337
2.484
2.101
2.4930000000000003
2.261
2.717
2.25
2.278
2.193
2.584
2.173
2.424
2.431
2.187
2.503
2.442
2.343
2.5540000000000003
2.387
2.182
2.487
2.125
2.364
2.396
2.117
2.309
2.25
2.476
2.4290000000000003
2.332
2.2880000000000003
2.389
2.283
2.022
2.457
2.262
2.51
2.4290000000000003
2.324
2.152
2.296
2.323
2.4
2.237
2.341
2.231
2.527
2.48
2.474
2.292
2.425
2.416
2.197
2.35
2.33
2.289
2.274
2.247
2.141
2.444
2.266
2.225
2.449
2.2430000000000003
2.346
2.165
2.276
2.142
2.321
2.364
2.332
2.161
2.297
2.268
2.418
2.362
2.1790000000000003
2.286
2.302
2.329
2.251
2.395
2.344
2.48
2.391
2.27
2.194
2.536
2.371
2.232
2.43
2.331
2.376
2.273
2.286
2.37
2.396
2.458
2.386
2.283
2.54
2.314
2.536
2.154
2.432
2.166
2.278
2.356
2.427
2.365
2.4330000000000003
2.477
2.423
2.272
2.261
2.61
2.2880000000000003
2.299
2.229
2.173
2.309
2.166
2.109
2.217
2.184
2.334
2.303
2.119
2.273
2.2230000000000003
2.201
2.329
2.3080000000000003
2.492
2.191
2.256
2.241
2.143
2.392
2.445
2.543
2.276
2.279
2.265
2.292
2.186
2.373
2.396
2.396
2.2430000000000003
2.274
2.194
2.181
2.2880000000000003
2.301
2.231
2.206
2.544
2.3
2.613
2.459
2.336
2.195
2.319
2.313
2.398
2.396
2.426
2.517
2.299
2.506
2.3480000000000003
2.31
2.574
2.225
2.366
2.278
2.225
2.627
2.158
2.44
2.343
2.434
2.2840000000000003
2.375
2.25
2.491
2.278
2.4130000000000003
2.272
2.4130000000000003
2.311
2.452
2.299
2.297
2.351
2.323
2.23
2.388
2.547
2.349
2.397
2.354
2.48
2.306
2.325
2.568
2.344
2.333
2.492
2.2840000000000003
2.435
2.393
2.419
2.3040000000000003
2.28
2.516
2.451
2.293
2.214
2.269
2.3680000000000003
2.24
2.414
2.461
2.641
2.04
2.216
2.552
2.149
2.32
2.361
2.2430000000000003
2.568
2.292
2.351
2.408
2.221
2.326
2.208
2.341
2.477
2.396
2.17
2.498
2.264
2.121
2.44
2.269
2.385
2.255
2.363
2.503
2.385
2.4
2.214
2.521
2.361
2.295
2.333
2.351
2.225
2.548
2.402
2.479
2.139
2.281
2.061
2.388
2.1790000000000003
2.528
2.3480000000000003
2.32
2.3280000000000003
2.331
2.481
2.43
2.228
2.239
1.935
2.56
2.265
2.131
2.468
2.4530000000000003
2.254
2.316
2.443
2.175
2.373
2.206
2.031
2.364
2.24
2.281
2.246
2.583
2.1790000000000003
2.135
2.315
2.371
2.343
2.151
2.344
2.386
2.065
2.509
2.512
2.369
2.419
2.365
2.343
2.127
2.194
2.213
2.205
2.313
2.377
2.396
2.645
2.377
2.541
2.396
2.4330000000000003
2.062
2.28
2.158
2.296
2.415
2.279
2.49
2.242
2.371
2.297
2.276
2.482
2.27
2.4090000000000003
2.623
2.3080000000000003
2.27
2.289
2.393
2.3680000000000003
2.594
2.329
2.6660000000000004
2.233
2.172
2.273
2.457
2.306
2.337
2.575
2.336
2.306
2.361
2.3
2.167
2.005
2.481
2.252
2.332
2.279
2.545
2.355
2.237
2.402
2.133
2.33
2.082
2.371
2.269
2.337
2.3
2.458
2.498
2.257
2.402
2.446
2.271
2.402
2.152
2.219
2.511
2.371
2.366
2.391
2.457
2.158
2.258
2.289
2.241
2.435
2.336
2.318
2.293
2.209
2.456
