2.64323
2.52196
2.48904
2.45843
2.53041
2.71103
2.6486
2.56723
2.55806
2.60106
2.35971
2.61954
2.60468
2.46053
2.61175
2.65665
2.60459
2.40471
2.69543
2.69902
2.61855
2.53183
2.42116
2.61956
2.55885
2.20304
2.42963
2.693
2.68147
2.68512
2.60311
2.49123
2.488
2.62738
2.6467
2.6076200000000003
2.52644
2.29668
2.58033
2.59202
2.67413
2.72421
2.5902
2.49053
2.73989
2.74613
2.54638
2.51295
2.72798
2.59615
2.63059
2.72226
2.63956
2.69981
2.47935
2.4357900000000003
2.47096
2.47254
2.78346
2.32846
2.39986
2.65603
2.56636
2.48508
2.64454
2.57761
2.42022
2.42687
2.65316
2.7077400000000003
2.36606
2.5798400000000004
2.7326
2.78269
2.7049
2.71552
2.77121
2.57477
2.64125
2.61287
2.40035
2.62111
2.587
2.64483
2.47574
2.6419
2.61868
2.61778
2.68083
2.49959
2.6267400000000003
2.50098
2.73278
2.50738
2.75306
2.59481
2.51735
2.53745
2.59212
2.48235
2.48353
2.58732
2.59099
2.67579
2.66133
2.04486
2.71322
2.59356
2.64557
2.55062
2.51023
2.73911
2.68581
2.6208
2.1771
2.62086
2.6543
2.45841
2.70175
2.61144
2.63043
2.54807
2.72321
2.48855
2.44156
2.60611
2.69802
2.62624
2.56
2.77196
2.40071
2.81621
2.69825
2.46758
2.29626
2.37636
2.5759
2.41172
2.4946
2.77783
2.6164400000000003
2.63726
2.30933
2.45349
2.40542
2.5079700000000003
2.62581
2.59247
2.64851
2.64004
2.73374
2.54681
2.73331
2.56576
2.6966
2.59
2.60199
2.75363
2.64166
2.53146
2.63672
2.51486
2.70346
2.45457
2.55261
2.81256
2.51332
2.57659
2.48648
2.61821
2.52126
2.54751
2.75489
2.69363
2.54567
2.62099
2.54103
2.6417900000000003
2.60069
2.32928
2.83031
2.60779
2.3825
2.57179
2.65154
2.65495
2.63181
2.67235
2.71315
2.62339
2.57917
2.61144
2.75601
2.48493
2.55545
2.58593
2.41458
2.51549
2.58257
2.6494
2.63531
2.83038
2.59426
2.41506
2.66108
2.60735
2.66489
2.7011700000000003
2.58871
2.68024
2.56867
2.53052
2.45552
2.7152
2.78122
2.4925200000000003
2.71367
2.63492
2.62231
2.68667
2.64178
2.5545
2.46701
2.62131
2.59968
2.7686
2.66531
2.51553
2.6345
2.5815200000000003
2.54195
2.55892
2.53819
2.57308
2.57285
2.67893
2.6867400000000004
2.66452
2.70903
2.3134
2.5255400000000003
2.67277
2.54829
2.56271
2.52098
2.73056
2.64758
2.53943
2.647
2.64656
2.59001
2.62487
2.68129
2.63239
2.63423
2.66919
2.49558
2.12947
2.66353
2.52584
2.38436
2.595
2.5440400000000003
2.5550200000000003
2.5292
2.58357
2.67047
2.59531
2.66919
2.36375
2.46736
2.42563
2.35779
2.55571
2.40493
2.72518
2.69988
2.33305
2.55385
2.59706
2.64644
2.74107
2.53266
2.7540400000000003
2.6676
2.55756
2.30186
2.55756
2.50822
2.56201
2.69141
2.56242
2.50445
2.57292
2.57838
2.42266
2.66379
2.49883
2.45154
2.49922
2.66393
2.5314
2.7944
2.45461
2.65041
2.59921
2.48827
2.49501
2.48569
2.56406
2.56684
2.74344
2.64056
2.53934
2.43419
2.29573
2.50223
2.65904
2.57933
2.4219
2.69707
2.5013
2.77549
2.59991
2.61239
2.80154
2.51581
2.36744
2.61168
2.412
2.38453
2.54363
2.55239
2.53098
2.38839
2.72827
2.75429
2.67834
2.55352
2.46367
2.69404
2.60905
2.58161
2.6971
2.51923
2.58262
2.57018
2.3937
2.60026
2.41839
2.64691
2.60791
2.56366
2.55236
2.5284
2.74431
2.54493
2.5432900000000003
2.53797
2.58411
2.52609
2.6002
2.5634
2.87232
2.40071
2.59165
2.58566
2.37147
2.64238
2.46473
2.62661
2.87803
2.38884
2.59579
2.68797
2.54132
2.75615
2.435
2.7301
2.65685
2.63167
2.7268
2.48542
2.64906
2.73493
2.78855
2.5807
2.36778
2.68012
2.63505
2.67242
2.63155
2.64485
2.67988
2.7112
2.6743
2.7692900000000003
2.52429
2.55858
2.55575
2.5008
2.61598
2.58905
2.34096
2.36076
2.47993
2.6307400000000003
2.46732
2.70273
2.64887
2.70485
2.46618
2.5064
2.4509
2.43226
2.73283
2.52775
2.69184
2.63953
2.63728
2.84946
2.7751
2.77668
2.51056
2.61875
2.3965
2.5645
2.77525
2.56995
2.66823
2.65542
2.54533
2.26971
2.74695
2.76877
2.46343
2.66299
3.04124
2.51854
2.51054
2.6684900000000003
2.61422
2.66983
2.64608
2.54847
2.57709
2.60752
2.54293
2.35885
2.73964
2.64148
2.53256
2.63531
2.55603
2.78022
2.66895
2.56639
2.51265
2.65376
2.5715
2.66955
2.63288
2.78094
2.5548900000000003
2.57626
2.46414
2.78674
2.6661
2.59341
2.53681
2.55031
2.46458
2.63309
2.62837
2.67979
2.53126
2.66014
2.47473
2.63001
2.36532
2.68281
2.73904
2.66939
2.71254
2.86102
2.46948
2.60707
2.41803
2.3134
2.51978
2.50542
2.52112
2.52917
2.58831
2.74439
2.86383
2.55735
2.67638
2.80195
2.54515
2.90623
2.65345
2.7039
2.6271
2.67694
2.49081
2.62513
2.45052
2.39759
2.54725
2.61401
2.3734
2.68602
2.3723
2.58905
2.53059
2.60348
2.398
2.68393
2.79348
2.61673
2.7960000000000003
2.47015
2.52196
2.69166
2.49366
2.72431
2.54347
2.39737
2.36801
2.18185
2.58908
2.53059
2.58172
2.67181
2.52486
2.72297
2.64195
2.51448
2.80941
2.64375
2.52481
2.51205
2.70315
2.55207
2.71855
2.66266
2.59588
2.7532
2.55468
2.58759
2.6854400000000003
2.54874
2.68575
2.51928
2.56454
2.39358
2.62678
2.62442
2.68299
2.6898
2.6465400000000003
2.67355
2.69614
2.52339
2.5659400000000003
2.55195
2.68086
2.81573
2.5377
2.56399
2.50727
2.57612
2.81085
2.30661
2.54202
2.66525
2.668
2.42109
2.35158
2.7218400000000003
2.51657
2.67235
2.48508
2.39041
2.4956
2.6374
2.55821
2.69371
2.61585
2.59856
2.57173
2.55521
2.24864
2.3948
2.48628
2.55326
2.76034
2.51912
2.35822
2.75571
2.51755
2.5296
2.54902
2.38406
2.66535
2.52772
2.47761
2.35822
2.54813
2.2156700000000003
2.59516
2.76422
2.5599
2.365
2.62953
2.56247
2.68628
2.67377
2.29809
2.62712
2.78213
2.53669
2.72043
2.53687
2.60848
2.54437
2.65563
2.47772
2.56255
2.56695
2.41339
2.64285
2.47416
2.65832
2.57684
2.2739
2.63042
2.67462
2.60209
2.66131
2.60105
2.72863
2.61077
2.56042
2.53258
2.48484
2.59846
2.68281
2.70865
2.41127
2.65272
2.61556
2.61271
2.6600900000000003
2.34285
2.71297
2.7654
2.42586
2.64826
2.50809
2.60415
2.50481
2.5502700000000003
2.71537
2.48673
2.50063
2.56831
2.75443
2.67305
2.56097
2.58538
2.64514
2.69225
2.49433
2.49804
2.4978
2.53004
2.67291
2.63813
2.6791400000000003
2.57904
2.58362
2.64665
2.51671
2.81963
2.57467
2.631
2.44016
2.57583
2.49058
2.51905
2.40584
2.41782
2.63225
2.4173
2.51555
2.68323
2.74529
2.64016
2.37375
2.7448200000000003
2.48892
2.73501
2.6198
2.55239
2.7635400000000003
2.32802
2.55473
2.4687
2.68531
2.65646
2.51091
2.48626
2.6135
2.56921
2.67341
2.49481
2.31888
2.61471
2.86135
2.4214900000000004
2.4984900000000003
2.56161
2.67269
2.64466
2.5868
2.52569
2.8077400000000003
2.59228
2.40967
2.5642
2.56391
2.54653
2.6712700000000003
2.5429
2.45228
2.44818
2.5661400000000003
2.46456
2.4261
2.66119
2.61136
2.71261
2.64213
2.71006
2.67341
2.71191
2.52474
2.61906
2.4904
2.73048
2.62676
2.46698
2.67171
2.78038
2.65749
2.81011
2.63369
2.57053
2.49663
2.36276
2.66184
2.51356
2.57292
2.52547
2.7145900000000003
2.37558
2.56107
2.38985
2.62693
2.65573
2.56699
2.4272
2.5762
2.58388
2.6823900000000003
2.48972
2.69391
2.56813
2.19354
2.69465
2.52503
2.59702
2.58851
2.7838700000000003
2.70896
2.65901
2.6985900000000003
2.32106
2.3747
2.76894
2.49169
2.54931
2.4605
2.65632
2.58286
2.66393
2.61594
2.84923
2.76131
2.5771900000000003
2.46068
2.7838
2.72135
2.6585400000000003
2.5472
2.59808
2.35136
2.5763
2.77462
2.55904
2.48707
2.66874
2.42607
2.12583
2.716
2.53615
2.5563700000000003
2.61921
2.50532
2.79149
2.53486
2.40509
2.49539
2.70064
2.5362400000000003
2.64446
2.36242
2.58372
2.73557
2.55546
2.63194
2.47932
2.68831
2.5107
2.72601
2.62406
2.55123
2.6859900000000003
2.61285
2.46343
2.78094
2.40995
2.5777
2.50388
2.52595
2.5354400000000004
2.49932
2.33538
2.70328
2.73097
2.61823
2.37052
2.78285
2.73835
2.50444
2.76221
2.63965
2.60604
2.56901
2.20768
2.4155900000000003
2.67133
2.69177
2.57875
2.61791
2.5491
2.83613
2.78177
2.66021
2.5099
2.7168400000000004
2.4738
2.63279
2.33153
2.7414
2.48811
2.66794
2.65256
2.63159
2.6882200000000003
2.66745
2.60149
2.75766
2.21215
2.63009
2.17808
2.52973
2.62193
2.74045
2.73173
2.65892
2.75558
2.88275
2.70802
2.58602
2.56896
2.37324
2.5904
2.49358
2.66261
2.63791
2.92152
2.69246
2.57051
2.67653
2.68875
2.55267
2.65932
2.49764
2.60868
2.54357
2.7405
2.73247
2.70563
2.78877
2.68203
2.54313
2.54646
2.53131
2.84497
2.47448
2.57746
2.53186
2.57992
2.5415400000000004
2.68845
2.45245
2.52347
2.78105
2.67557
2.70704
2.77304
2.75025
2.55223
2.45759
2.56182
2.68273
2.5309
2.61314
2.85246
2.42123
2.57873
2.42996
2.71905
2.6743900000000003
2.56209
2.51731
2.77212
2.4878400000000003
2.55662
2.58538
2.66942
2.72477
2.4938700000000003
2.59272
2.76709
2.57658
2.62731
2.7152
2.51665
2.5878
2.74937
2.57625
2.46711
2.61089
2.5901400000000003
2.7197400000000003
2.5226
2.56148
2.50119
2.55423
2.70743
2.59011
2.7763400000000003
2.6619
2.5498
2.60873
2.63194
2.44292
2.54618
2.59857
2.4194400000000003
2.66121
2.6952700000000003
2.40675
2.63795
2.69303
2.59375
2.70093
2.6966900000000003
2.57646
2.76025
2.63601
2.79861
2.3467
2.44431
2.69933
2.68997
2.6241
2.61943
2.64161
2.54386
2.44543
2.7627200000000003
2.65695
2.62971
2.69109
2.6707
2.65053
2.34494
2.59
2.62174
2.49876
2.648
2.29167
2.72056
2.49352
2.64023
2.66362
2.63594
2.67115
2.76619
2.37458
2.64626
2.62528
2.57236
2.71763
2.77272
2.68474
2.79012
2.6944
2.64145
2.65476
2.55057
2.34768
2.58505
2.65385
2.68085
2.27895
2.62284
2.5436400000000003
2.5864700000000003
2.56368
2.553
2.7076
2.57956
2.57141
2.6543400000000004
2.64134
2.6295
2.72535
2.77213
2.60397
2.76855
2.63767
2.55915
2.52664
2.67682
2.68331
2.61505
2.6769
2.74565
2.66
2.53948
2.50917
2.56498
2.32159
2.65439
2.69191
2.49701
2.2703
2.63135
2.7076
2.58237
2.6673400000000003
2.65204
2.73896
2.5612
2.61351
2.51347
2.40642
2.62569
2.72344
2.48968
2.65405
2.42459
2.47185
2.48056
2.41114
2.5875
2.59774
2.49764
2.46948
2.61364
2.58924
2.5987400000000003
2.69413
2.51948
2.48811
2.58561
2.66217
2.47867
2.8031200000000003
2.62353
2.64005
2.6211
2.58092
2.31945
2.70547
2.72084
2.52031
2.444
2.69525
2.70402
2.60157
2.75366
2.60282
2.61298
2.56936
2.7185200000000003
2.67219
2.51935
2.56242
2.58107
2.48374
2.56858
2.6326400000000003
2.6913400000000003
2.46164
2.71044
2.65809
2.3858900000000003
2.71763
2.57438
2.68289
2.7654400000000003
2.60938
2.6822
2.55611
2.79975
2.72318
2.5488
2.52358
2.5435
2.8228
2.75273
2.5663400000000003
2.75844
2.6770400000000003
2.68035
2.79922
2.6696
2.5849900000000003
2.58157
2.64215
2.64455
2.4898
2.67846
2.58978
2.64988
2.6343
2.42692
2.58725
2.62779
2.70034
2.72091
2.46433
2.60696
2.62759
2.46113
2.45479
2.62031
2.7162
2.71644
2.68172
2.71133
2.49467
2.4112
2.54418
2.68047
2.7246
2.48958
2.62203
2.64903
2.4325
2.59793
2.53721
2.74695
2.59656
2.73406
2.47521
2.77387
2.50957
2.45043
2.51493
2.36703
2.65081
2.53539
2.60371
2.69488
2.60593
2.58641
2.74118
2.73355
2.60155
2.45245
2.64594
2.69585
2.58488
2.64374
2.39284
2.53645
2.39487
2.64068
2.4878400000000003
2.63176
2.79052
2.85428
2.42096
2.6031
2.5640400000000003
2.67973
2.52236
2.7237400000000003
2.66893
2.70539
2.61105
2.70974
2.55304
2.57138
2.35855
2.83303
2.63394
2.479
2.41953
2.67794
2.69936
2.7469
2.58125
2.48316
2.60432
2.45759
2.67167
2.59462
2.5371200000000003
2.76586
2.46172
2.41841
2.43603
2.50433
2.44255
2.53707
2.53675
2.5413900000000003
2.47574
2.74722
2.61927
2.34098
2.63064
2.3517200000000003
2.7337700000000003
2.60012
2.45331
2.56878
2.68381
2.63187
2.5637
2.92104
2.50939
2.39779
2.71595
2.71043
2.51899
2.6244
2.61579
2.58789
2.56401
2.65127
2.49592
2.59501
2.60796
2.6821900000000003
2.5617
2.72031
2.60283
2.55972
2.78996
2.38179
2.3415
2.56182
2.61419
2.43688
2.63253
2.71421
2.665
2.56053
2.63908
2.73165
2.58589
2.79988
2.45602
2.58805
2.45989
2.3650900000000004
2.84063
2.74765
2.65501
2.65628
2.63718
2.66521
2.51866
2.66375
2.67275
2.66377
2.79096
2.62677
2.56334
2.77783
2.75076
2.45344
2.61682
2.37514
2.69672
2.61931
2.67928
2.46701
2.48763
2.5735
2.40855
2.77409
2.32623
2.76498
2.5785
2.63662
2.63552
2.66873
2.50252
2.6762
2.52152
2.26623
2.61219
2.60107
2.52927
2.57099
2.75853
2.637
2.68493
2.63686
2.6897
2.57804
2.60693
2.51093
2.6398
2.71886
2.60609
2.5822700000000003
2.62741
2.51973
2.37261
2.51585
2.67228
2.58914
2.51458
2.64767
2.70611
1.68111
2.71141
2.61211
2.59077
2.59002
2.75771
2.43503
2.3496900000000003
2.6196
2.78689
2.7126200000000003
2.3673900000000003
2.7692
2.63493
2.6193
2.4353700000000003
2.52393
2.63954
2.65265
2.72571
2.72713
2.63897
2.67613
2.66215
2.51983
2.58203
2.54114
2.71442
2.41116
2.51693
2.67463
2.72427
2.52211
2.61616
2.58587
2.63123
2.40607
2.66949
2.32163
2.67266
2.45533
2.60281
2.51365
2.398
2.71958
2.59446
2.53789
2.68749
2.67072
2.69088
2.67187
2.62154
2.65612
2.71604
2.59096
2.62768
2.52546
2.55527
2.56973
2.61634
2.65498
2.71518
2.77612
2.72881
2.67656
2.57156
2.58032
2.70722
2.67579
2.6097200000000003
2.70808
2.41023
2.58066
2.37147
2.5248
2.3987
2.84021
2.59835
2.52857
2.55548
2.64669
2.4687
2.4197
2.64964
2.40852
2.33246
2.72004
2.62398
2.65904
2.58978
2.7741
2.66242
2.78924
2.52407
2.49223
2.71193
2.81052
2.6998900000000003
2.6981
2.52268
2.40096
2.47727
2.54737
2.57859
2.5729
2.41293
2.62564
2.52754
2.73136
2.59436
2.6403
2.49678
2.81477
2.73658
2.58935
2.62566
2.47191
2.49507
2.60447
2.59787
2.6305
2.40263
2.56419
2.4870400000000004
2.60355
2.57391
2.78347
2.53797
2.3015
2.77299
2.69533
2.75094
2.78793
2.59331
2.89187
2.68111
2.57661
2.6819
2.52389
2.53718
2.73644
2.41129
2.79285
2.48379
2.48314
2.74573
2.44503
2.62704
2.57771
2.44718
2.40835
2.59377
2.4412
2.5931900000000003
2.63393
2.50442
2.52213
2.68736
2.51458
2.59773
2.32023
2.65142
2.6752700000000003
2.48656
2.12947
2.47324
2.79218
2.43378
2.4893
2.62507
2.56432
2.48952
2.44613
2.56352
2.56511
2.5765
2.76536
2.61846
2.70227
2.51321
2.55215
2.4054900000000004
2.58595
2.52794
2.5691200000000003
2.63614
2.6446
2.73455
2.775
2.37854
2.60571
2.62378
2.6856
2.3892
2.75693
2.6763
2.75687
2.09916
2.62557
2.64251
2.73075
2.42336
2.68723
2.39299
2.52672
2.66232
2.43247
2.58182
2.57514
2.52438
2.56615
2.72528
2.52545
2.38586
1.58669
2.51206
2.6991400000000003
2.89336
2.45476
2.62497
2.67431
2.74087
2.48034
2.5283
2.49752
2.87035
2.42658
2.69027
2.32916
2.31967
2.66763
2.76328
2.43834
2.61308
2.60618
2.61386
2.6662
2.63776
2.7349
2.64059
2.6839
2.54008
2.47247
2.46536
2.60353
2.5626900000000004
2.54198
2.48034
2.59912
2.42597
2.44421
2.34314
2.61515
2.63273
2.54438
2.59597
2.52288
2.5551
2.44605
2.66752
2.48367
2.49864
2.61997
2.8919200000000003
2.62549
2.79069
2.65004
2.62641
2.48356
2.64916
2.6055900000000003
2.63968
2.70414
2.54088
2.73148
2.54082
2.66232
2.65442
2.78122
2.6011
2.41209
2.54015
2.52617
2.62622
2.79255
2.7682
2.52581
2.37833
2.54361
2.51063
2.7187900000000003
2.58491
2.38986
2.65849
2.59127
2.4433
2.60966
2.23356
2.48423
2.48538
2.62783
2.54854
2.67965
2.50866
2.58115
2.62527
2.36996
2.62652
2.77444
2.67808
2.69279
2.67666
2.63376
2.70699
2.41129
2.55052
2.69377
2.62148
2.36614
2.68513
2.4161200000000003
2.49613
2.77219
2.59995
2.53428
2.64204
2.63044
2.84297
2.5194400000000003
2.4942
2.63723
2.59249
2.6670700000000003
2.52276
2.6811
2.46712
2.71707
2.59113
2.38049
2.64938
2.6576
2.16624
2.6629400000000003
2.1983900000000003
2.67557
2.41088
2.25834
2.62149
2.66489
2.53345
2.44449
2.61744
2.55393
2.64786
2.43813
2.8995
2.60753
2.67079
2.7240900000000003
2.67153
2.40982
2.54106
2.50509
2.58055
2.6208400000000003
2.57399
2.36252
2.74457
2.5878
2.3608
2.62802
2.59707
2.65066
2.52885
2.64108
2.63328
2.5831
2.53004
2.5546900000000003
2.67782
2.71157
2.58207
2.78647
2.57196
2.45972
2.45465
2.71707
2.49454
2.58903
2.57703
2.48844
2.58642
2.41144
2.41741
2.61245
2.47744
2.5543
2.4532700000000003
2.67428
2.30121
2.58921
2.73712
2.53058
2.52768
2.61108
2.44409
2.62207
2.65021
2.50266
2.7383900000000003
2.50519
2.70123
2.63113
2.45697
2.84851
2.59128
2.58833
2.32267
2.77321
2.63842
2.64163
2.44178
2.87898
2.55229
2.84536
2.68798
2.5028
2.61328
2.57071
2.47405
2.74325
2.53969
2.51411
2.62691
2.6065
2.65177
2.59248
2.85413
2.49094
2.69632
2.42563
2.5420700000000003
2.64107
2.39331
2.57993
2.41971
2.41256
2.70037
2.68092
2.7098
2.53729
2.66475
2.6896
2.2521400000000003
2.29897
2.61658
2.39685
2.71473
2.76129
2.38396
2.61124
2.50209
1.66864
2.74515
2.61092
2.77645
2.63332
2.57485
2.65738
2.67707
2.7223
2.5800400000000003
2.57317
2.46761
2.70611
2.34248
2.64582
