3.205
2.718
2.9360000000000004
2.87
2.583
2.803
3.079
2.727
2.886
3.14
2.823
2.525
2.75
2.767
2.8160000000000003
3.154
3.201
2.927
3.072
3.202
2.946
3.009
2.957
2.86
3.088
2.818
2.7510000000000003
3.194
2.824
2.854
2.922
3.241
2.907
3.188
3.049
3.123
2.748
3.083
3.16
2.987
2.966
3.389
2.669
3.0
2.9760000000000004
3.053
2.934
3.005
2.754
2.818
3.135
3.295
2.775
2.767
2.9760000000000004
2.817
3.0580000000000003
3.039
2.95
2.784
2.664
3.1210000000000004
2.75
3.131
3.26
2.806
3.127
2.524
3.055
3.072
2.972
2.833
2.951
3.228
3.133
3.487
3.3
3.366
2.8280000000000003
3.022
2.866
2.949
3.137
2.982
2.927
3.005
2.886
3.016
3.034
3.032
2.753
2.562
3.053
2.572
3.515
3.054
2.999
3.1060000000000003
3.254
2.824
3.143
3.248
2.713
3.294
2.911
2.068
3.195
2.827
2.612
2.899
2.754
3.515
3.262
3.387
2.636
2.894
2.469
2.7310000000000003
3.189
3.045
3.156
2.7430000000000003
3.4
2.801
2.563
3.0010000000000003
3.0780000000000003
2.793
3.543
3.245
2.72
3.282
2.9160000000000004
2.997
2.83
2.593
3.1660000000000004
2.719
2.872
2.927
2.763
2.805
2.929
2.963
2.8360000000000003
2.951
2.985
2.8310000000000004
3.2060000000000004
2.883
2.8110000000000004
2.8760000000000003
2.927
2.6630000000000003
3.047
2.68
2.776
2.797
2.891
2.684
3.012
3.321
3.322
3.142
2.698
2.9960000000000004
2.847
3.144
3.218
3.302
2.613
2.702
3.1910000000000003
2.963
3.119
3.036
2.971
2.824
2.7880000000000003
2.764
3.008
3.017
2.9360000000000004
3.263
3.185
3.142
2.739
2.924
2.929
3.1060000000000003
2.838
3.045
3.064
2.9610000000000003
2.641
2.715
2.985
3.22
2.9360000000000004
3.168
3.176
3.52
2.715
3.024
2.111
3.091
2.86
2.849
3.062
2.978
2.687
3.088
2.882
2.977
2.738
3.305
3.0410000000000004
3.09
2.766
3.053
2.849
2.815
3.111
2.832
3.4360000000000004
3.065
3.168
3.248
2.797
2.865
2.9730000000000003
3.027
2.742
2.83
3.115
2.96
2.874
3.164
3.515
3.122
3.46
2.516
2.842
3.3510000000000004
2.8080000000000003
3.107
3.0660000000000003
2.927
3.195
3.281
3.252
3.317
3.023
2.892
2.912
3.067
3.026
3.279
2.919
2.859
2.997
2.881
3.018
2.804
2.943
3.174
2.963
3.262
3.0860000000000003
2.818
2.864
3.029
2.818
2.972
2.99
2.964
2.869
2.806
2.966
3.357
3.09
3.159
2.423
3.0
2.806
2.965
2.712
3.055
3.075
2.713
3.042
3.088
2.795
3.0410000000000004
3.142
3.293
2.4730000000000003
3.2060000000000004
2.96
3.158
3.377
2.999
3.278
3.222
3.414
2.786
2.522
3.27
2.915
2.847
3.06
3.2710000000000004
2.847
2.944
2.781
2.658
2.87
3.077
2.823
2.755
3.2
3.0660000000000003
3.144
2.772
2.814
3.295
2.89
3.045
2.957
2.675
3.0410000000000004
2.411
2.661
2.668
3.02
2.949
3.4610000000000003
2.998
2.877
2.857
3.1630000000000003
3.0380000000000003
2.753
2.977
3.051
2.964
2.951
2.689
2.7960000000000003
2.763
2.989
2.697
2.927
3.263
3.025
3.0810000000000004
3.009
2.555
2.813
2.938
2.882
2.964
2.91
2.884
2.72
2.9410000000000003
2.778
3.088
2.745
2.639
2.9610000000000003
3.526
2.5980000000000003
2.909
2.738
2.863
2.985
2.803
3.105
3.123
2.882
2.929
3.109
3.048
3.144
3.199
2.93
2.48
2.9330000000000003
2.959
3.079
3.026
3.136
3.213
3.065
3.072
2.854
3.093
2.853
2.857
3.023
3.215
2.999
2.817
2.685
2.741
3.1660000000000004
2.805
3.0010000000000003
3.41
3.195
2.648
3.057
2.927
2.5380000000000003
3.28
2.62
3.069
2.935
3.028
3.478
2.92
3.58
2.992
2.782
2.839
2.964
3.07
2.919
3.019
3.387
2.905
2.861
3.353
3.162
3.307
2.785
3.599
2.986
2.803
3.26
2.866
3.277
2.4090000000000003
2.891
2.763
2.884
2.881
2.681
2.985
2.757
2.744
2.902
2.695
3.522
3.165
2.945
3.358
2.9730000000000003
2.792
3.345
3.15
3.261
2.829
2.845
3.274
3.2430000000000003
3.233
3.065
3.277
2.765
2.804
3.11
3.197
3.06
2.63
2.907
2.894
2.8360000000000003
2.893
3.2960000000000003
3.1460000000000004
3.148
2.98
3.088
3.107
2.884
3.013
3.122
2.9410000000000003
2.509
2.804
2.767
3.177
3.134
3.355
2.998
2.945
2.989
2.6460000000000004
3.119
2.7
2.915
2.946
3.239
2.4130000000000003
3.116
3.091
3.282
2.938
2.742
2.809
3.335
2.595
3.03
2.932
2.959
3.023
3.059
3.044
3.019
3.162
3.11
2.943
2.9760000000000004
2.778
2.931
2.798
3.072
2.938
2.408
3.244
2.605
2.6660000000000004
3.155
2.684
3.017
3.04
3.108
3.472
3.084
2.98
3.003
3.2
3.297
3.124
2.967
2.757
2.902
2.872
2.954
2.899
2.803
2.774
2.766
2.8360000000000003
2.821
2.989
2.7060000000000004
2.965
3.028
2.929
2.911
2.8960000000000004
2.924
2.995
3.215
2.748
3.1860000000000004
2.801
2.927
3.111
3.03
3.302
2.587
3.067
2.444
2.776
2.9210000000000003
2.892
3.095
2.71
3.014
3.084
2.937
2.864
2.877
2.854
3.05
3.15
3.082
2.9210000000000003
3.094
2.713
2.978
2.988
3.17
3.248
2.888
3.129
3.02
2.6630000000000003
2.877
2.65
3.2
3.2
2.714
2.7430000000000003
3.129
2.823
2.745
3.1180000000000003
2.895
3.108
2.61
2.895
3.221
2.894
3.09
2.704
2.997
3.157
2.775
3.155
2.943
2.801
2.954
2.678
3.005
2.881
3.065
2.672
2.942
2.5860000000000003
2.978
2.729
3.03
2.9930000000000003
3.037
2.82
3.3160000000000003
3.037
2.922
2.934
2.696
3.334
3.097
2.754
3.122
2.908
2.777
3.442
2.93
2.807
3.0380000000000003
2.845
2.628
2.9330000000000003
2.528
2.55
3.23
3.369
2.793
2.845
3.185
2.841
2.274
2.98
3.198
2.999
2.977
3.156
3.115
3.2060000000000004
2.557
2.725
3.1660000000000004
2.954
3.005
3.142
3.294
3.055
2.971
2.925
2.935
3.139
3.279
2.901
3.003
3.0410000000000004
2.768
3.217
2.823
2.689
3.088
2.7960000000000003
2.912
3.402
3.0460000000000003
2.9210000000000003
2.776
3.047
3.111
2.89
2.773
2.8080000000000003
2.858
3.071
2.841
3.236
3.142
2.954
2.998
3.214
3.135
2.8160000000000003
2.982
3.289
2.613
2.863
3.432
3.091
2.782
2.587
3.31
2.999
2.794
2.899
3.325
3.027
3.027
3.132
2.987
2.987
3.093
2.5380000000000003
2.813
2.737
3.164
3.022
2.795
2.659
3.1180000000000003
2.908
2.7030000000000003
2.9930000000000003
3.0660000000000003
3.3510000000000004
2.738
3.016
2.44
2.882
3.083
2.8560000000000003
2.821
3.075
2.877
3.2260000000000004
3.03
3.165
2.7510000000000003
2.975
2.91
2.944
2.764
2.98
3.275
2.6830000000000003
2.974
2.822
2.987
3.1660000000000004
2.784
2.887
2.878
2.77
3.079
2.592
3.1860000000000004
3.139
2.615
2.803
3.455
2.926
2.915
3.169
3.2460000000000004
3.221
3.006
2.476
2.7430000000000003
3.18
2.784
3.333
2.62
2.9
2.793
3.216
2.954
3.3160000000000003
3.1180000000000003
3.185
3.022
2.9360000000000004
3.256
3.099
2.772
2.932
2.923
2.881
3.31
2.755
2.949
3.09
2.938
2.655
3.27
2.884
2.903
3.169
3.085
2.9730000000000003
3.062
3.2880000000000003
3.119
3.29
3.137
1.912
2.6260000000000003
2.803
3.082
3.0380000000000003
3.136
2.951
2.998
3.045
3.036
3.344
2.774
2.986
3.031
3.307
3.235
3.204
2.873
2.779
2.813
2.841
3.1060000000000003
2.644
3.018
2.9810000000000003
3.047
2.942
3.235
3.227
2.807
3.154
2.901
3.013
3.168
2.249
2.8360000000000003
3.0610000000000004
2.926
3.138
2.72
2.958
2.719
2.8960000000000004
2.901
2.765
2.951
2.86
3.241
2.841
3.012
3.084
2.9410000000000003
2.815
3.162
3.0410000000000004
3.142
3.023
3.173
2.451
3.219
2.347
2.968
2.884
2.944
3.073
3.2060000000000004
2.903
3.551
3.117
2.869
3.272
2.9
3.196
2.9810000000000003
2.769
2.91
3.2710000000000004
3.2110000000000003
2.964
2.919
3.425
3.064
2.9330000000000003
3.1060000000000003
2.873
2.684
3.204
3.2030000000000003
3.133
3.262
2.76
2.864
2.727
3.065
3.273
2.965
3.055
3.188
2.681
3.052
3.196
2.984
2.952
3.181
2.923
2.885
2.593
3.024
2.991
2.8360000000000003
2.955
2.8480000000000003
3.123
3.047
3.111
2.557
2.951
3.012
3.287
3.07
2.884
2.826
3.034
2.99
2.883
3.02
3.208
3.346
2.8310000000000004
3.174
2.883
2.77
3.097
3.184
2.572
3.0410000000000004
3.3510000000000004
2.843
2.858
2.721
3.025
3.037
3.373
3.325
2.949
2.702
2.69
2.902
3.278
3.059
2.8280000000000003
2.838
2.827
3.056
2.585
3.056
2.849
3.015
2.895
3.11
2.972
2.902
3.347
3.198
2.9210000000000003
3.181
3.091
3.016
2.877
2.767
3.1060000000000003
3.375
3.152
2.783
2.814
3.062
3.153
2.697
2.975
2.888
2.9810000000000003
2.8360000000000003
2.9810000000000003
3.076
2.466
2.999
2.739
3.103
2.949
2.847
3.047
2.776
3.144
3.269
2.615
2.893
3.12
2.928
2.866
2.744
2.764
2.979
3.139
3.084
3.23
3.197
2.774
3.11
2.835
2.747
2.769
3.075
3.072
2.794
2.885
2.797
2.94
2.891
2.7710000000000004
2.906
2.925
3.914
3.654
2.9130000000000003
3.069
3.018
2.758
2.894
3.128
2.892
3.029
2.803
2.878
2.988
3.144
3.22
3.142
3.0660000000000003
3.06
2.759
3.214
2.898
2.857
2.934
2.583
2.7960000000000003
3.133
3.044
3.024
3.06
3.135
3.093
3.1260000000000003
2.944
3.254
2.648
3.139
3.135
2.849
2.882
3.273
3.141
3.329
3.343
2.937
2.6460000000000004
3.1060000000000003
2.968
2.883
3.011
2.843
3.2310000000000003
3.034
3.084
3.069
2.6910000000000003
2.576
3.261
3.221
2.881
3.202
3.292
3.157
3.289
2.805
3.024
2.88
2.834
3.115
3.008
3.2060000000000004
3.03
2.998
3.407
3.178
3.38
3.156
3.008
3.168
2.685
3.029
2.833
3.35
3.209
3.031
3.298
2.925
2.89
2.768
2.971
3.005
3.0
3.111
2.94
3.129
3.055
3.011
3.459
2.8360000000000003
3.1260000000000003
3.165
2.839
3.113
3.05
3.333
3.144
2.834
3.1180000000000003
2.9
3.036
2.613
2.834
3.102
2.797
2.834
3.4560000000000004
2.757
3.48
2.567
2.894
2.872
2.948
2.778
2.926
2.877
2.776
2.824
3.259
2.605
2.969
3.052
2.995
3.194
2.756
2.594
2.898
2.564
3.15
2.939
2.607
3.02
2.886
2.964
3.247
3.048
2.701
3.2460000000000004
3.193
3.045
2.832
2.774
3.029
2.9760000000000004
2.874
3.165
3.027
3.278
3.07
3.089
3.157
2.984
3.137
2.7710000000000004
2.982
3.254
2.536
2.922
2.7910000000000004
3.344
2.99
2.951
3.0610000000000004
3.569
2.991
2.843
2.792
3.072
2.835
2.685
2.806
3.015
2.915
3.357
2.883
3.1180000000000003
2.887
3.511
3.115
2.843
2.656
3.215
3.219
3.05
2.912
2.927
2.802
2.469
3.15
3.178
2.9530000000000003
3.116
3.194
2.779
2.955
3.127
2.679
2.978
3.059
3.127
2.927
3.0610000000000004
2.943
2.826
3.108
2.766
2.965
3.129
2.539
2.963
3.13
2.88
2.9160000000000004
2.887
2.908
3.174
2.907
2.875
2.712
3.085
3.257
2.954
3.13
3.133
2.989
2.985
3.117
3.0410000000000004
3.005
3.0380000000000003
3.069
2.914
3.056
2.785
2.862
3.1910000000000003
2.84
2.39
3.312
2.8760000000000003
2.862
3.214
3.164
2.9960000000000004
2.984
2.529
2.884
2.7430000000000003
3.016
3.138
3.1710000000000003
2.694
2.982
3.079
2.958
3.129
3.515
2.525
2.825
3.174
3.0410000000000004
2.869
2.682
2.779
3.161
2.96
3.345
3.149
3.285
2.672
2.978
3.299
3.057
2.87
2.857
3.256
2.932
3.084
3.287
2.77
3.1060000000000003
3.076
2.79
2.767
2.822
3.013
3.201
3.016
3.027
2.901
2.712
2.97
3.2310000000000003
2.997
2.628
2.862
3.172
2.694
2.949
2.863
2.775
2.776
3.5580000000000003
3.013
2.985
3.004
3.09
2.736
3.174
2.753
2.611
1.726
3.4410000000000003
3.08
3.463
3.012
2.929
2.957
2.932
3.032
3.189
3.036
2.8360000000000003
3.293
3.057
3.365
3.155
2.707
3.117
2.9
2.978
3.023
3.109
3.164
3.033
3.47
2.7710000000000004
2.801
3.165
3.096
3.009
2.864
3.1210000000000004
2.819
2.989
2.596
3.159
2.883
2.6710000000000003
3.01
2.975
2.528
2.843
3.028
3.023
3.255
3.071
3.268
3.209
3.01
2.983
3.205
2.672
3.272
2.6210000000000004
3.451
2.846
2.809
2.902
2.724
2.823
2.912
3.036
3.3310000000000004
3.205
3.051
3.2880000000000003
2.86
2.938
3.122
3.1
3.195
3.137
2.922
3.088
2.79
2.903
3.743
2.838
3.302
3.029
3.079
3.236
2.908
2.6010000000000004
2.64
2.55
3.278
2.825
3.2
3.043
2.729
3.019
3.323
2.841
2.608
3.072
3.21
2.949
3.196
2.965
2.89
3.044
3.05
3.1660000000000004
3.182
2.917
3.03
2.999
2.8710000000000004
3.202
3.167
3.087
3.172
2.912
2.9960000000000004
2.755
3.1010000000000004
3.174
2.939
2.727
2.8160000000000003
2.866
3.11
3.043
3.089
2.327
3.381
2.713
2.7060000000000004
3.06
3.218
3.08
2.949
3.19
3.084
3.01
2.857
2.669
2.81
2.819
3.467
3.142
3.281
2.764
2.773
3.05
2.759
2.853
3.073
2.736
2.9560000000000004
2.79
2.786
3.06
3.228
2.9760000000000004
3.099
2.959
2.93
3.253
3.228
3.0780000000000003
3.115
2.656
3.279
3.0610000000000004
3.161
3.045
2.652
3.207
3.156
2.656
2.802
2.979
2.814
2.724
3.37
2.92
3.258
2.676
2.9960000000000004
2.495
2.53
3.5860000000000003
2.853
3.097
3.3360000000000003
3.201
3.095
2.89
2.984
2.904
2.519
2.53
3.08
2.85
2.826
2.188
2.931
2.855
3.167
3.195
3.035
2.859
2.715
2.874
2.52
2.964
2.6630000000000003
2.678
3.3360000000000003
3.329
3.005
2.653
2.052
3.295
3.195
3.445
3.006
2.73
2.991
2.672
3.284
2.689
3.182
3.2260000000000004
3.053
3.033
2.82
2.825
3.104
2.9760000000000004
2.651
3.245
2.901
2.889
3.128
3.02
2.759
2.918
3.3680000000000003
2.93
2.804
2.79
3.347
2.89
3.176
3.284
2.859
2.772
2.698
3.018
2.625
2.949
2.829
2.645
3.049
2.514
2.688
3.079
2.6630000000000003
2.765
2.926
3.014
3.117
2.942
3.367
2.909
2.8960000000000004
2.964
3.019
2.899
3.123
3.008
3.468
2.718
2.932
2.515
3.228
2.585
3.039
2.95
2.758
2.854
3.012
3.094
2.805
2.643
2.983
3.044
2.8310000000000004
2.874
3.134
3.053
2.9560000000000004
3.0380000000000003
3.168
2.747
2.53
2.8480000000000003
2.963
3.019
2.845
3.241
2.812
2.952
3.264
3.0010000000000003
3.294
3.144
2.822
2.783
3.094
3.221
3.142
2.826
2.998
3.099
2.7880000000000003
2.833
2.935
3.142
3.143
3.29
2.8710000000000004
3.15
3.019
2.972
3.124
2.93
3.074
3.156
3.285
2.765
2.632
2.5780000000000003
2.76
3.284
3.122
3.2110000000000003
2.983
2.355
2.694
2.754
3.129
3.055
2.979
2.991
3.193
3.127
2.954
2.969
2.825
2.708
3.225
3.775
3.503
2.955
3.194
2.53
2.729
2.874
2.928
2.555
2.847
2.5610000000000004
3.16
2.869
3.0410000000000004
2.63
2.9210000000000003
2.752
2.927
2.753
3.103
2.82
3.218
2.937
3.167
2.86
3.077
3.027
3.216
3.161
2.687
2.892
2.922
2.95
3.0010000000000003
2.5810000000000004
2.642
3.14
3.181
2.919
2.884
2.657
2.498
2.8110000000000004
3.111
2.7060000000000004
2.911
3.103
3.207
2.684
2.986
2.952
2.9210000000000003
3.006
2.94
2.99
2.9
3.039
3.295
2.81
3.287
2.689
2.89
2.434
3.194
3.004
2.765
2.582
3.81
2.73
3.506
3.173
3.0610000000000004
3.195
2.962
2.585
3.22
2.9610000000000003
2.567
2.7310000000000003
2.7510000000000003
3.108
3.177
3.111
3.015
3.162
3.065
3.197
2.704
3.135
2.9960000000000004
2.725
3.045
3.097
2.7510000000000003
3.205
2.685
2.6830000000000003
3.278
2.524
2.427
2.778
3.011
3.417
3.039
2.908
2.934
3.036
1.78
3.157
3.02
3.122
2.935
2.489
3.07
3.117
3.0610000000000004
2.9530000000000003
3.102
2.59
2.809
2.5540000000000003
2.879
