2.421
2.424
2.59
2.469
2.63
2.616
2.535
1.686
2.533
2.444
2.631
2.425
2.336
2.8110000000000004
2.71
2.752
2.479
2.563
2.5
2.49
2.443
2.213
2.54
2.484
2.571
2.544
2.468
2.499
2.53
2.617
2.467
2.571
2.353
2.465
2.391
2.7260000000000004
2.379
2.729
2.677
2.729
2.495
2.522
2.443
2.725
2.999
2.6630000000000003
2.728
2.673
2.404
2.379
2.526
2.716
2.548
2.647
2.48
2.73
2.492
2.392
2.611
2.609
2.654
2.674
2.416
2.365
2.619
2.2230000000000003
2.61
2.547
2.797
2.504
2.301
2.404
2.615
2.407
2.718
2.5
2.63
2.634
2.669
2.685
2.696
2.602
2.397
2.825
2.536
2.397
2.443
2.4
2.5780000000000003
2.542
2.599
2.7710000000000004
2.494
2.675
2.517
2.699
2.344
2.67
2.382
2.696
2.72
2.659
2.643
2.353
2.583
2.617
2.408
2.612
2.445
2.798
2.631
2.668
2.5810000000000004
2.564
2.641
2.365
2.5610000000000004
2.604
2.488
2.289
2.536
2.419
2.5610000000000004
2.397
2.519
2.732
2.521
2.642
2.394
2.563
2.466
2.622
2.6010000000000004
2.715
2.589
2.503
2.625
2.393
2.596
2.456
2.574
2.536
2.552
2.456
2.659
2.3040000000000003
2.571
2.46
2.555
2.455
2.591
2.478
2.444
2.648
2.376
2.528
2.645
2.43
2.616
2.632
2.568
2.556
2.46
2.742
2.49
2.712
2.189
2.616
2.502
2.485
2.647
2.6860000000000004
2.613
2.688
2.555
2.515
2.555
2.592
2.712
2.559
2.457
2.574
2.52
2.432
2.584
2.406
2.545
2.525
2.652
2.797
2.442
2.24
2.498
2.471
2.665
2.527
2.657
2.42
2.396
2.408
2.588
2.611
2.549
2.624
2.407
2.612
2.57
2.495
2.61
2.388
2.651
2.653
2.393
2.208
2.4930000000000003
2.503
2.5660000000000003
2.3280000000000003
2.461
2.555
2.638
2.437
2.766
2.745
2.6630000000000003
2.458
2.417
2.514
2.506
2.525
2.5580000000000003
2.631
2.543
2.679
2.443
2.417
2.532
2.123
2.562
2.412
2.599
2.603
2.389
2.614
2.506
2.5980000000000003
2.466
2.687
2.564
2.643
2.384
2.714
2.668
2.595
2.347
2.759
2.583
2.496
2.5980000000000003
2.662
2.445
2.677
2.573
2.481
2.66
2.423
2.668
2.589
2.479
2.639
2.681
2.539
2.699
2.55
2.966
2.694
2.495
2.5860000000000003
2.329
2.468
2.747
2.658
2.531
2.617
2.498
2.552
2.571
2.596
2.857
2.313
2.479
2.55
2.447
2.661
2.523
2.416
2.59
2.517
2.431
2.685
2.732
2.497
2.4730000000000003
2.37
2.579
2.58
2.47
2.693
2.468
2.4090000000000003
2.504
2.49
2.497
2.544
2.627
2.604
2.564
2.701
2.468
2.805
2.5780000000000003
2.563
2.506
2.469
2.345
2.8310000000000004
2.651
2.4930000000000003
2.63
2.359
2.375
2.445
2.419
2.99
2.527
2.694
2.568
2.508
2.676
2.777
2.709
2.567
2.153
2.785
2.52
2.316
2.322
2.735
2.497
2.331
2.539
2.421
2.681
2.272
2.384
2.5780000000000003
2.579
2.535
2.54
2.692
2.232
2.344
2.4090000000000003
2.588
2.461
2.635
2.463
2.498
2.216
2.551
2.591
2.637
2.784
2.516
2.652
2.351
2.5660000000000003
2.546
2.504
2.62
2.752
2.443
2.611
2.638
2.752
2.654
2.67
2.508
2.36
2.459
2.634
2.544
2.5610000000000004
2.642
2.559
2.553
2.651
2.383
2.5540000000000003
2.405
2.441
2.397
2.406
2.505
2.505
2.511
2.445
2.716
2.29
2.687
2.611
2.491
2.439
2.613
2.522
2.506
2.702
2.594
2.402
2.524
2.596
2.44
2.685
2.681
2.576
2.519
2.4530000000000003
2.553
2.622
2.378
2.5610000000000004
2.37
2.624
2.3080000000000003
2.56
2.695
2.603
2.498
2.844
2.6010000000000004
2.617
2.7310000000000003
2.53
2.395
2.543
2.244
2.421
2.806
2.73
2.542
2.623
2.659
2.302
2.488
2.44
2.506
2.495
2.593
2.806
2.419
2.405
2.599
