2.803
2.767
2.874
2.572
2.978
2.853
2.729
1.961
2.764
2.875
2.647
2.477
2.786
3.0010000000000003
2.9760000000000004
2.977
2.844
2.562
2.786
2.494
2.917
2.434
2.6910000000000003
2.689
2.93
2.952
2.729
2.917
2.855
2.978
2.678
2.7110000000000003
2.715
2.5
2.7460000000000004
3.063
2.667
2.8360000000000003
2.773
2.8
2.869
2.864
2.593
2.879
3.117
2.869
2.852
2.863
2.924
3.002
2.819
3.047
2.814
2.968
2.357
2.9560000000000004
2.8960000000000004
2.925
2.822
2.882
2.857
3.011
3.036
2.6
3.112
2.64
2.943
2.749
3.253
2.697
2.402
2.637
2.975
2.849
2.895
2.642
2.884
2.793
2.863
2.854
3.024
2.93
2.648
3.065
2.766
2.716
2.673
2.679
2.841
2.866
2.965
3.092
2.7310000000000003
2.918
2.689
2.928
2.4930000000000003
2.659
2.681
3.057
2.795
2.855
3.008
2.651
2.753
2.797
2.982
2.915
2.633
2.748
2.7260000000000004
2.9730000000000003
3.03
2.712
2.638
2.687
2.813
2.795
2.425
2.954
3.006
2.649
2.608
2.783
2.72
2.835
2.756
2.826
2.775
2.878
2.757
2.752
2.721
2.9330000000000003
2.8
2.6460000000000004
2.966
2.551
2.741
2.878
2.963
2.8110000000000004
2.8480000000000003
2.854
2.862
2.649
3.02
2.517
2.802
2.717
2.867
2.917
2.57
2.95
2.362
2.806
2.863
2.699
2.87
2.692
2.914
2.874
2.906
3.113
2.892
3.068
2.5860000000000003
2.999
2.8960000000000004
2.72
2.799
2.929
2.758
2.87
2.8710000000000004
2.764
2.927
2.733
2.725
2.774
2.6260000000000003
2.969
2.689
2.7230000000000003
2.948
2.647
2.775
2.685
2.844
2.92
2.6910000000000003
2.556
2.748
2.979
2.817
2.882
2.992
2.861
2.385
2.658
2.94
2.85
2.9210000000000003
2.826
2.667
2.803
2.907
2.914
2.87
2.724
2.959
2.99
2.766
2.907
2.79
2.689
2.897
2.787
2.712
2.629
2.83
2.719
2.96
3.02
2.835
2.622
2.695
2.769
2.849
2.741
2.821
3.015
2.929
3.073
2.644
2.969
2.8360000000000003
2.694
2.889
2.744
2.807
2.535
2.7460000000000004
2.942
2.744
2.884
2.57
2.862
2.864
3.0380000000000003
2.802
3.125
2.782
3.022
2.675
3.067
2.827
2.77
2.76
2.865
2.667
2.934
2.672
2.825
2.925
2.71
3.002
2.7310000000000003
2.93
2.902
3.009
2.817
3.0860000000000003
3.16
3.107
2.838
2.714
2.8680000000000003
2.389
2.832
3.045
2.727
2.832
3.02
2.589
2.8310000000000004
2.7310000000000003
2.745
2.979
2.783
2.847
2.789
2.882
2.9410000000000003
2.8110000000000004
2.801
3.173
2.937
2.687
3.039
3.276
2.8360000000000003
2.58
2.579
2.829
2.8710000000000004
2.829
2.977
2.775
2.755
2.83
2.935
2.832
2.658
2.982
2.881
2.829
2.924
2.908
2.8710000000000004
2.827
2.722
2.864
2.524
2.491
3.153
3.008
2.758
2.849
2.63
2.539
2.749
2.875
3.228
2.542
2.573
2.75
2.69
2.964
2.874
2.882
2.809
2.5610000000000004
2.87
2.805
2.95
2.32
3.26
2.727
2.756
2.75
2.656
2.938
2.7460000000000004
2.637
2.832
2.8360000000000003
2.827
2.803
2.958
2.485
2.747
2.392
2.698
2.742
2.892
2.425
2.7230000000000003
2.518
3.013
2.812
2.879
2.962
2.9560000000000004
2.84
2.495
2.9130000000000003
2.846
2.789
2.986
2.7960000000000003
2.673
2.9560000000000004
2.949
3.141
2.861
2.8110000000000004
2.708
2.74
2.714
2.8960000000000004
2.754
2.925
2.982
3.027
2.7
2.738
2.883
2.841
2.494
2.59
2.6210000000000004
2.9130000000000003
2.783
2.914
2.849
2.744
3.355
2.306
2.912
2.839
2.854
2.7230000000000003
2.9560000000000004
2.807
2.753
3.067
2.778
2.919
2.673
2.6830000000000003
2.829
2.989
2.8760000000000003
2.725
2.87
2.908
2.7710000000000004
3.099
2.71
2.8080000000000003
2.785
2.631
2.438
2.872
2.907
2.829
2.71
3.0210000000000004
2.8560000000000003
2.786
2.99
2.81
2.555
2.899
2.628
2.676
2.94
3.043
2.93
2.847
2.901
2.507
2.622
2.799
2.724
2.744
2.902
3.136
2.573
2.878
2.78
