2.755
2.642
2.623
2.651
2.797
2.888
2.794
2.525
3.055
2.551
2.742
2.481
2.741
2.725
2.402
2.826
2.689
2.6460000000000004
3.015
2.602
2.957
2.664
2.525
2.8360000000000003
2.479
2.384
2.66
3.054
2.905
2.793
2.906
3.127
2.6630000000000003
2.785
2.524
2.6710000000000003
2.674
2.491
2.678
2.6630000000000003
2.704
2.781
2.7110000000000003
2.7310000000000003
2.527
3.4160000000000004
2.872
2.628
2.795
2.674
2.962
3.185
2.354
2.986
2.503
2.651
2.862
2.707
2.502
2.417
3.136
2.858
2.375
2.787
2.866
2.552
3.019
2.756
2.9730000000000003
2.363
2.267
2.6260000000000003
2.481
3.195
2.625
2.785
3.085
2.716
2.387
2.5660000000000003
2.519
2.507
3.207
2.792
2.426
2.68
2.675
2.874
2.898
2.668
2.592
2.7710000000000004
2.908
2.5660000000000003
2.739
2.38
2.728
2.901
2.643
2.675
3.0660000000000003
2.859
2.656
2.583
2.674
2.014
2.844
2.53
2.568
2.681
2.51
2.8510000000000004
2.474
2.84
2.084
2.513
2.615
2.474
3.0
2.605
2.477
2.508
3.227
2.465
2.698
2.696
2.374
2.742
2.807
2.776
2.4130000000000003
2.854
2.708
2.748
2.214
2.489
2.762
2.781
2.69
2.9330000000000003
2.819
2.5860000000000003
3.036
2.314
2.708
2.649
2.76
2.373
2.613
2.631
2.61
2.525
2.688
2.754
2.8360000000000003
2.382
2.649
2.268
3.0010000000000003
2.89
2.497
2.853
2.789
3.089
2.7060000000000004
2.878
2.656
2.549
2.341
2.693
2.65
2.6060000000000003
2.319
2.678
2.412
2.937
2.635
2.8510000000000004
2.676
2.17
2.729
2.5860000000000003
2.551
3.009
2.879
2.795
2.516
2.457
2.762
2.672
3.025
2.605
2.7260000000000004
2.8280000000000003
2.8
2.769
2.528
3.289
2.708
2.654
2.531
3.405
2.6060000000000003
2.497
2.379
2.623
2.733
2.65
2.672
2.375
2.379
2.463
2.863
2.612
2.31
3.084
2.573
2.727
2.602
2.474
2.5780000000000003
2.502
3.054
2.722
2.551
2.504
2.761
2.792
2.77
2.636
3.277
2.593
2.969
2.615
2.584
2.5610000000000004
2.631
2.785
2.708
2.583
3.157
2.261
2.7430000000000003
2.752
2.46
2.714
2.727
2.897
3.4
2.6860000000000004
2.732
3.122
3.239
2.846
2.679
2.501
2.881
2.914
2.728
2.849
2.619
2.491
3.258
2.635
2.592
2.932
2.452
2.795
2.466
2.631
2.857
2.825
2.622
3.082
2.7960000000000003
3.025
2.7510000000000003
2.8160000000000003
2.399
2.386
2.401
2.739
2.371
2.672
2.909
2.6660000000000004
2.815
2.783
2.673
2.514
2.504
2.475
2.5
2.585
2.559
2.667
2.543
3.176
2.79
3.139
2.652
2.777
2.729
2.982
2.732
3.128
2.762
2.744
2.516
2.45
2.8080000000000003
2.944
2.767
2.937
2.456
2.153
2.424
2.814
2.784
2.714
2.654
2.99
2.887
2.714
2.539
2.762
2.526
3.342
3.198
2.6710000000000003
2.5610000000000004
2.312
2.62
2.463
2.497
3.054
2.9160000000000004
2.844
3.0
2.562
2.883
2.853
2.716
2.676
2.985
2.323
2.668
2.456
2.705
2.874
2.7880000000000003
2.658
2.79
2.544
2.56
2.696
2.636
2.839
2.57
2.513
2.658
2.512
2.499
2.843
2.4130000000000003
2.613
3.422
3.032
2.774
2.661
2.627
2.86
2.673
2.826
2.589
2.754
2.861
2.3680000000000003
2.813
2.583
2.735
2.908
2.69
2.7
2.717
3.008
2.59
2.568
2.572
2.649
2.528
2.414
2.532
2.969
2.827
3.153
2.7030000000000003
2.7960000000000003
2.6710000000000003
2.805
2.7260000000000004
2.777
2.81
2.519
2.455
2.573
3.033
2.44
2.882
2.799
2.714
2.536
2.641
2.712
2.459
3.112
2.431
2.718
2.659
2.6010000000000004
3.0010000000000003
2.252
2.878
2.773
2.924
2.505
2.546
2.72
2.57
2.333
3.077
2.45
2.457
2.843
2.84
2.763
3.102
3.232
2.879
2.472
2.695
2.75
2.8160000000000003
2.531
2.4
2.502
2.696
2.617
2.701
2.487
2.7910000000000004
2.696
2.556
3.057
3.172
2.607
2.89
3.147
2.684
3.029
2.907
2.719
2.593
2.454
2.518
2.974
2.887
2.445
2.939
3.025
2.6460000000000004
2.438
2.631
3.083
2.5610000000000004
2.526
2.372
2.72
2.5860000000000003
3.023
2.624
3.075
2.701
2.661
2.545
2.971
2.94
3.003
2.583
2.8160000000000003
2.891
2.604
2.704
2.783
2.826
3.16
2.419
2.6
2.907
2.798
2.797
2.656
2.768
2.482
3.093
2.283
2.441
2.3080000000000003
2.853
2.516
2.614
2.411
2.463
2.373
2.673
2.498
3.096
2.925
2.882
2.517
2.48
2.885
2.667
2.839
3.115
2.969
2.968
2.627
2.376
2.084
2.6210000000000004
2.864
2.807
2.533
2.917
2.803
2.59
2.712
2.93
3.127
2.702
2.613
2.312
2.423
3.0610000000000004
2.835
2.89
2.862
2.5660000000000003
2.878
2.695
2.43
2.485
2.528
2.478
2.834
2.389
3.014
2.761
2.97
2.8680000000000003
2.71
2.8510000000000004
2.643
2.544
2.521
2.444
2.617
2.798
2.283
2.839
2.669
2.6660000000000004
2.93
2.361
2.316
2.6180000000000003
2.634
2.405
2.5860000000000003
2.463
2.736
3.292
2.627
2.563
2.741
2.817
2.971
2.817
2.375
2.498
2.728
2.698
3.076
2.9730000000000003
2.695
2.59
2.622
2.7880000000000003
2.592
2.494
2.456
2.669
2.5580000000000003
2.647
2.6010000000000004
2.131
2.415
2.592
2.655
2.169
2.471
3.0860000000000003
2.827
2.858
2.378
2.857
2.661
2.866
2.634
2.679
2.859
3.0410000000000004
2.949
2.582
3.031
2.451
2.7060000000000004
2.49
2.88
2.63
2.649
2.805
3.25
2.925
2.623
2.559
2.696
2.747
3.11
2.833
2.734
2.829
2.778
2.399
2.8310000000000004
2.701
2.5980000000000003
2.695
2.745
2.769
3.4
2.573
2.539
2.862
2.7310000000000003
2.938
2.763
2.563
2.8760000000000003
2.48
2.774
2.406
2.72
2.874
2.698
3.084
2.727
3.302
2.642
2.823
2.657
2.705
2.764
2.404
2.489
2.839
2.427
2.521
2.96
2.832
2.929
2.927
2.68
2.724
2.919
2.6910000000000003
2.902
2.489
2.591
2.295
2.967
2.306
2.283
2.866
2.456
2.696
2.445
2.56
3.131
2.351
2.823
2.863
2.741
2.551
2.645
2.847
2.855
2.722
2.696
2.619
2.695
2.854
2.635
2.795
2.494
2.733
2.573
2.349
2.277
2.818
2.654
2.425
2.767
2.5660000000000003
2.516
2.657
2.539
2.72
2.714
2.582
3.1060000000000003
2.585
2.846
2.659
2.5340000000000003
2.974
2.497
2.884
2.4930000000000003
2.299
2.789
2.443
2.533
2.823
2.897
3.262
2.8510000000000004
2.456
2.595
2.715
2.675
2.7260000000000004
2.664
2.596
2.64
2.709
2.947
2.825
2.424
2.799
2.707
2.615
2.315
2.036
2.783
2.625
2.588
2.587
3.156
2.707
2.894
2.504
2.5980000000000003
2.617
2.572
2.9360000000000004
2.125
2.763
2.5340000000000003
2.935
2.531
2.97
2.74
2.81
2.9330000000000003
2.659
2.461
2.676
2.702
2.442
2.674
2.049
2.677
2.465
3.047
2.807
2.337
2.938
2.872
2.577
2.551
2.587
2.693
2.656
2.934
2.782
2.744
2.535
2.739
2.8280000000000003
2.63
2.777
2.713
2.55
2.369
2.895
2.815
2.387
2.619
2.783
2.817
2.519
2.774
2.594
2.8960000000000004
2.363
2.583
2.763
2.778
2.659
2.705
2.603
2.668
2.8080000000000003
2.294
2.768
2.582
2.511
2.599
2.853
2.763
2.853
2.735
2.656
2.714
2.834
2.842
2.495
2.302
2.795
2.951
3.1460000000000004
2.556
2.774
2.627
2.879
2.777
2.781
2.365
2.858
2.57
2.82
2.929
2.659
2.603
2.908
2.63
2.617
2.623
2.813
2.486
2.688
2.6210000000000004
2.641
2.632
3.253
2.404
2.555
2.498
2.035
2.6010000000000004
2.817
2.594
2.815
2.702
2.95
2.1180000000000003
2.549
2.714
2.513
2.766
2.789
2.521
2.689
2.759
2.684
2.733
2.24
2.483
2.812
2.715
2.603
2.748
2.7230000000000003
2.748
2.378
2.707
2.463
2.8760000000000003
3.225
2.684
2.259
2.813
2.63
2.749
2.7260000000000004
2.674
2.384
2.505
2.944
2.548
2.6180000000000003
2.8510000000000004
2.748
2.6
2.854
2.991
2.57
3.028
2.652
2.54
2.648
2.807
3.1
2.951
2.906
2.767
2.679
2.809
2.824
3.196
2.55
2.739
2.603
2.915
2.527
2.753
2.725
2.745
2.464
2.775
2.527
2.688
2.827
2.898
2.886
2.509
2.404
2.748
3.09
2.72
2.444
2.664
2.579
2.624
2.471
2.647
2.672
2.7880000000000003
2.68
2.591
2.584
2.69
2.401
3.116
2.72
2.883
3.11
2.608
2.7
2.737
2.645
2.432
2.644
2.741
2.78
2.527
2.713
2.724
2.676
2.722
3.009
3.111
2.748
2.712
2.205
2.83
2.545
3.194
2.577
2.942
2.439
2.81
2.402
2.345
2.685
2.552
2.655
2.775
2.842
2.501
2.547
2.654
2.53
2.8510000000000004
2.531
2.364
2.402
2.842
2.3280000000000003
2.372
2.814
2.83
2.955
2.565
2.546
2.461
2.6830000000000003
2.894
2.942
3.429
2.634
3.019
2.637
2.733
2.459
2.375
2.282
2.732
2.6710000000000003
2.624
2.261
2.657
2.469
2.08
2.7060000000000004
2.631
3.159
2.9730000000000003
2.62
2.625
2.803
2.834
2.588
2.84
2.692
2.881
2.653
2.497
2.779
2.609
2.853
2.52
2.904
2.695
2.587
2.714
2.911
2.824
2.289
2.513
2.776
2.7960000000000003
2.91
2.9760000000000004
2.366
3.011
2.772
2.829
2.73
2.899
2.5860000000000003
2.55
2.809
2.547
2.3
3.43
2.829
3.002
3.182
2.795
2.647
3.225
2.804
2.613
2.302
2.806
2.638
3.176
2.404
2.8710000000000004
2.301
2.805
3.233
2.395
2.5810000000000004
2.7460000000000004
2.694
2.846
2.59
2.438
2.518
2.68
3.102
2.64
2.3280000000000003
2.619
2.681
2.809
2.852
2.741
3.097
2.874
2.51
2.748
2.5540000000000003
2.522
2.645
2.652
2.767
2.749
2.673
2.864
2.225
2.485
2.486
2.739
2.5860000000000003
2.776
3.023
2.874
2.702
2.382
3.043
2.427
2.894
2.9760000000000004
2.881
2.523
2.99
2.834
2.511
2.72
2.631
2.485
3.084
2.57
2.879
2.712
2.576
2.8280000000000003
2.909
2.594
2.717
2.487
2.6710000000000003
2.65
2.928
2.665
2.636
2.496
2.844
2.969
2.759
2.643
2.635
2.633
2.151
2.779
2.899
2.331
2.861
2.324
2.613
2.49
2.974
2.407
3.162
3.031
2.7
2.992
2.471
2.841
2.947
2.5660000000000003
2.897
2.552
2.659
2.6910000000000003
2.759
2.815
2.5780000000000003
2.739
2.995
2.885
2.98
2.57
2.478
2.548
3.051
2.843
2.575
2.789
2.685
2.5380000000000003
2.464
3.012
3.125
2.8710000000000004
2.69
2.942
2.754
2.681
2.446
2.786
2.588
2.64
2.702
2.722
2.84
2.767
2.54
2.872
2.57
2.739
2.79
2.889
2.87
2.825
2.559
2.627
2.555
2.476
2.753
2.827
2.498
2.807
2.455
2.509
2.479
2.7060000000000004
2.496
2.577
2.401
2.838
2.426
2.762
2.374
2.38
2.841
2.631
2.999
2.482
2.258
2.728
2.969
2.7310000000000003
2.356
3.0210000000000004
2.507
2.659
2.837
2.52
2.533
2.5340000000000003
2.86
2.6260000000000003
2.989
3.195
2.466
2.761
2.747
2.719
2.505
2.628
2.756
2.512
2.792
2.793
2.502
2.625
2.8080000000000003
2.69
2.886
2.548
2.6660000000000004
2.61
3.1260000000000003
2.919
2.632
2.604
2.655
2.7030000000000003
2.644
2.724
2.632
2.798
2.636
2.805
2.88
2.87
3.073
2.357
2.7110000000000003
2.66
2.893
2.772
2.908
2.748
2.631
2.695
2.6910000000000003
2.972
2.957
2.584
2.659
2.742
2.8280000000000003
2.757
2.692
2.825
2.145
2.8760000000000003
2.989
2.5610000000000004
3.173
2.8
2.877
2.748
2.535
2.5540000000000003
2.866
2.559
2.898
2.763
2.5980000000000003
2.859
2.678
2.696
2.402
2.588
2.766
2.675
2.946
2.87
2.809
2.754
3.125
2.619
2.636
2.81
2.545
3.102
2.756
2.687
2.738
1.872
2.61
2.924
2.91
2.488
2.864
2.6910000000000003
2.6660000000000004
3.0860000000000003
2.7710000000000004
2.776
2.845
2.709
2.983
2.766
3.139
3.067
2.664
2.734
2.438
2.5810000000000004
2.786
3.024
2.729
2.879
2.437
2.641
2.872
2.855
2.697
2.5380000000000003
2.926
2.662
2.858
2.891
2.58
2.75
2.645
2.62
2.806
2.219
2.461
2.688
2.925
2.877
2.815
2.779
2.9760000000000004
3.045
2.928
2.681
2.654
2.901
2.443
2.522
2.724
2.536
2.891
2.594
2.531
2.9330000000000003
3.023
3.029
2.729
2.714
2.9360000000000004
2.648
2.854
2.8480000000000003
2.609
2.655
2.521
2.516
3.032
2.63
2.627
2.809
2.7060000000000004
2.569
2.529
2.988
2.696
2.408
2.278
2.475
2.398
2.476
2.543
2.377
2.844
2.699
2.84
2.849
2.688
2.548
2.653
2.9160000000000004
2.483
2.695
2.599
2.724
2.541
2.766
2.552
2.518
2.806
3.259
2.881
3.027
2.849
2.599
2.633
2.67
2.585
2.442
2.353
2.323
3.012
2.5540000000000003
2.54
2.9
2.349
2.614
2.678
2.958
2.541
2.697
2.728
2.574
2.432
2.803
2.83
2.697
2.599
2.792
2.7310000000000003
2.7310000000000003
2.488
2.853
2.762
2.77
3.029
2.694
2.744
2.697
2.541
2.56
2.863
2.658
3.06
2.443
2.715
1.994
2.681
3.063
2.777
2.892
2.737
2.765
2.806
2.559
2.717
2.724
2.687
2.914
2.332
2.982
2.5860000000000003
2.467
2.648
2.584
2.843
2.608
2.715
2.458
2.478
2.949
2.761
3.088
2.394
2.411
2.483
2.727
3.0580000000000003
2.543
2.692
3.029
2.489
3.02
2.4330000000000003
2.6460000000000004
2.611
2.364
2.718
2.854
2.576
3.184
2.236
2.506
2.557
2.634
2.6710000000000003
2.522
2.364
2.728
1.996
2.613
2.797
2.231
2.757
2.758
2.6860000000000004
3.1180000000000003
2.61
1.7990000000000002
2.93
2.854
2.482
2.341
2.577
2.595
2.971
2.817
2.897
2.681
2.9130000000000003
2.488
2.71
2.974
2.846
2.784
2.512
2.793
2.532
2.894
2.737
2.673
2.459
2.7880000000000003
2.6260000000000003
3.055
2.826
2.5380000000000003
2.56
2.412
2.485
2.5980000000000003
2.817
2.795
2.62
2.287
3.105
2.295
2.695
2.6260000000000003
2.733
3.1060000000000003
2.837
2.7110000000000003
2.569
2.814
2.56
2.455
2.987
2.8560000000000003
2.437
2.764
2.556
2.767
2.679
3.024
2.458
2.64
1.861
2.773
2.382
2.6260000000000003
2.438
2.863
2.604
2.923
2.548
3.011
2.676
2.753
2.807
2.738
2.676
2.904
2.814
2.783
2.65
2.2430000000000003
2.922
2.664
2.835
2.963
2.814
2.556
2.833
2.8510000000000004
2.764
2.546
3.2260000000000004
2.5610000000000004
2.963
2.275
2.722
2.958
2.519
2.712
2.733
2.527
2.951
3.029
2.624
2.496
2.607
2.559
2.468
2.7310000000000003
2.8160000000000003
2.77
2.839
2.89
2.754
3.037
2.779
2.68
2.678
2.709
2.592
2.852
2.629
2.665
2.468
2.441
3.129
2.68
2.611
2.403
2.51
2.524
2.576
2.768
2.345
2.499
2.483
2.632
2.736
2.494
2.692
2.588
2.756
2.66
2.137
2.636
2.789
2.854
2.217
2.612
2.801
2.833
2.709
2.73
3.071
2.616
2.573
2.444
2.342
2.6660000000000004
2.398
2.549
2.596
3.034
2.3680000000000003
2.51
2.59
3.366
2.517
2.6630000000000003
2.588
3.056
2.3040000000000003
2.874
2.747
2.772
2.656
2.83
2.613
2.48
2.669
2.479
2.28
2.503
2.946
2.326
2.509
2.926
2.824
2.762
2.637
2.316
2.898
2.8310000000000004
2.383
2.6710000000000003
2.627
2.877
2.46
2.732
2.678
2.813
2.5580000000000003
2.528
2.787
2.861
2.7430000000000003
2.541
2.514
2.833
2.884
2.5580000000000003
2.758
2.886
2.71
2.649
2.776
2.903
2.444
2.674
2.737
2.403
2.653
2.673
2.777
2.6710000000000003
2.742
2.643
2.719
2.456
2.748
2.696
2.591
2.78
2.318
2.754
2.705
2.787
2.6260000000000003
2.525
2.492
2.776
2.34
2.195
2.458
2.799
2.573
2.827
2.8480000000000003
2.713
2.701
1.903
2.905
2.83
2.742
2.767
2.772
2.593
2.827
2.8680000000000003
2.63
2.767
2.7060000000000004
2.634
2.524
2.664
