1.6740000000000002
1.774
2.031
1.723
2.392
2.123
1.908
1.379
1.81
2.015
2.322
2.035
1.925
2.157
2.211
2.19
1.719
2.09
1.946
1.78
1.803
1.626
1.7619999999999998
2.0
1.992
2.155
2.096
2.124
1.983
2.216
2.0580000000000003
1.985
1.911
1.7380000000000002
1.913
2.047
2.089
2.011
2.127
2.063
1.857
1.977
1.859
2.1630000000000003
2.196
1.838
2.225
2.17
1.793
1.869
2.18
2.146
1.887
1.907
1.679
2.27
1.987
1.853
2.087
2.077
2.146
2.1830000000000003
1.819
1.823
2.068
1.491
2.071
2.064
2.14
2.161
1.76
1.873
2.224
1.731
2.1630000000000003
1.827
2.184
1.93
2.221
2.188
2.224
2.035
1.818
1.932
1.877
1.612
1.878
1.883
1.761
1.966
2.3040000000000003
2.201
1.769
2.003
2.0980000000000003
1.843
1.7990000000000002
1.986
1.988
1.825
2.122
2.089
1.759
1.96
2.138
2.066
1.99
2.006
1.932
2.25
2.337
2.07
2.157
1.96
2.07
1.991
2.1630000000000003
2.244
1.883
1.707
1.893
1.974
1.943
1.841
1.946
1.965
2.092
2.2
1.793
1.968
1.939
2.055
1.887
1.774
1.971
1.84
1.97
1.7380000000000002
2.115
2.01
1.872
1.729
2.122
1.879
1.945
1.84
1.839
1.892
1.859
1.984
2.029
1.767
1.996
2.257
1.6369999999999998
1.898
1.874
1.503
2.035
2.084
1.827
2.2030000000000003
1.6980000000000002
2.107
2.017
2.063
1.796
1.806
1.833
1.7619999999999998
1.989
2.239
2.133
1.996
2.404
1.895
1.78
2.037
1.705
1.775
1.6840000000000002
1.938
2.022
1.509
1.981
1.888
1.7380000000000002
2.049
2.112
2.129
1.938
1.689
1.692
1.62
2.126
2.1590000000000003
1.969
1.92
1.715
1.822
2.028
2.189
1.824
2.316
2.025
2.126
2.031
1.971
1.811
1.8
2.086
2.205
1.785
1.8
1.952
1.946
1.985
1.895
1.822
1.818
1.756
1.981
2.025
2.12
2.295
1.993
1.694
1.962
2.047
1.949
1.867
2.0980000000000003
2.018
2.184
2.07
2.036
2.186
1.753
2.077
1.846
1.959
2.076
1.873
2.119
1.874
2.046
1.876
2.085
2.125
2.1630000000000003
2.114
1.85
1.813
2.129
1.89
1.941
2.185
2.18
2.193
1.954
2.024
2.2
1.789
1.977
1.931
2.007
1.914
2.075
2.047
2.1630000000000003
2.169
1.913
2.221
1.866
2.026
1.635
2.027
2.051
1.6909999999999998
1.903
2.224
2.143
2.083
1.849
1.91
2.03
1.745
1.822
2.27
1.592
1.946
2.103
2.107
2.191
1.743
1.676
1.993
1.612
2.079
2.169
1.787
2.074
1.962
1.599
2.201
2.132
1.867
1.961
1.781
1.828
1.978
2.021
2.0580000000000003
1.921
2.085
2.081
2.228
2.228
1.805
2.186
2.169
1.93
2.16
1.768
1.952
2.206
2.015
1.876
1.668
1.615
1.4169999999999998
1.883
1.969
2.009
1.72
1.873
2.085
1.79
1.788
1.951
1.852
2.248
1.5730000000000002
2.206
1.867
2.001
1.616
2.241
1.87
1.816
1.917
1.895
2.215
1.759
1.858
2.09
1.932
2.024
1.661
2.343
1.699
1.884
1.735
1.92
2.002
2.017
1.825
2.086
1.839
2.085
1.98
2.209
1.95
2.11
1.944
1.854
1.958
2.03
2.0580000000000003
1.931
2.11
1.878
1.969
2.212
2.235
2.022
2.137
1.947
2.065
1.913
2.015
2.013
1.78
1.813
2.013
1.6030000000000002
2.076
1.715
1.93
1.854
1.769
1.724
1.676
1.887
2.02
1.926
2.172
2.279
1.839
2.085
1.763
1.982
1.942
2.116
2.031
2.035
2.171
1.97
1.939
1.997
2.023
1.829
1.634
2.05
2.123
2.02
2.103
1.839
1.85
1.714
2.11
1.518
1.663
1.653
2.019
1.951
2.141
1.722
2.122
2.137
2.122
2.3480000000000003
2.115
2.083
2.0340000000000003
1.857
1.751
1.834
2.111
1.976
1.977
1.85
1.778
1.76
1.987
2.057
2.091
1.739
2.1
1.908
2.127
2.149
