2.4
2.395
2.242
2.299
2.392
2.641
2.9930000000000003
2.229
2.5540000000000003
2.625
2.61
2.397
2.681
2.333
2.467
3.0460000000000003
2.448
2.786
2.491
2.7
2.911
2.568
2.754
2.655
2.877
2.149
2.339
2.786
2.533
2.443
2.526
2.597
2.515
2.81
2.446
2.795
2.228
2.319
2.733
2.537
2.616
2.638
2.434
2.527
2.634
2.8560000000000003
2.395
2.414
2.552
2.474
2.8110000000000004
2.838
2.26
1.721
2.6010000000000004
2.245
2.472
2.713
2.678
2.427
2.227
2.482
2.426
2.642
2.866
2.556
2.4130000000000003
2.129
3.093
2.548
2.301
2.245
2.342
3.141
2.482
2.612
2.418
2.432
2.435
2.541
2.574
2.451
2.807
2.596
2.422
2.564
2.451
2.343
2.8310000000000004
2.862
2.306
2.208
2.774
2.6710000000000003
2.61
2.4530000000000003
2.536
2.424
2.591
2.377
2.8680000000000003
2.988
2.373
2.673
2.504
2.171
2.643
2.312
2.505
2.651
2.622
2.857
2.827
2.812
2.231
2.719
2.442
2.449
2.57
2.633
2.482
2.039
3.242
2.148
2.307
2.747
2.643
2.54
2.27
2.729
2.232
2.584
2.717
2.298
2.351
2.336
2.735
2.331
2.31
2.437
2.343
2.562
2.338
2.71
2.287
2.423
2.369
2.2030000000000003
2.6010000000000004
2.42
2.53
2.679
2.505
2.884
2.4930000000000003
2.196
2.334
2.4330000000000003
2.611
2.407
2.594
2.524
2.483
2.69
2.441
2.907
2.332
2.509
2.474
2.46
2.329
2.276
2.446
2.835
2.3680000000000003
2.593
2.436
2.504
2.372
2.732
2.714
2.483
2.363
2.712
2.596
2.555
2.456
2.767
2.7030000000000003
2.476
2.23
2.633
2.668
2.592
2.526
2.437
2.525
2.559
2.553
2.252
2.6060000000000003
2.939
2.63
2.239
1.6780000000000002
2.5340000000000003
2.71
2.437
2.467
2.295
2.573
2.556
2.492
2.422
2.5540000000000003
2.168
2.391
2.405
2.5860000000000003
2.4930000000000003
2.523
2.518
2.7430000000000003
2.425
2.359
2.6830000000000003
2.827
2.677
2.745
2.4
2.693
2.2880000000000003
2.55
2.549
2.477
2.736
2.43
2.708
2.742
2.605
2.49
2.251
2.6860000000000004
2.901
2.299
2.555
2.51
2.661
2.693
2.508
2.407
2.616
2.6180000000000003
2.441
2.404
2.395
2.463
2.395
2.508
2.774
2.699
2.279
2.255
2.427
2.387
2.389
2.597
2.461
2.396
2.312
2.492
2.797
2.632
2.8160000000000003
2.813
2.658
2.605
2.224
2.244
2.635
2.636
2.5540000000000003
2.188
2.64
2.607
2.678
2.611
2.8710000000000004
2.261
2.213
2.355
2.748
2.44
2.507
2.531
2.501
2.322
2.4330000000000003
2.707
2.395
2.6180000000000003
2.7
2.633
2.882
2.615
2.859
2.356
2.908
2.6860000000000004
2.387
2.514
2.947
2.496
2.984
2.245
2.623
2.393
2.545
2.6630000000000003
2.359
2.714
2.455
2.484
2.325
2.494
2.648
2.584
2.854
2.689
2.396
2.515
2.155
2.349
2.323
2.532
2.53
2.7910000000000004
2.56
2.54
2.677
2.802
2.45
2.496
2.454
2.861
2.423
2.408
2.483
2.376
2.382
2.428
1.908
2.722
2.761
2.5780000000000003
2.532
2.571
2.484
2.449
2.511
2.341
2.149
2.484
2.8160000000000003
2.232
2.674
2.512
2.927
2.494
2.385
2.748
2.821
2.276
2.4930000000000003
2.547
2.384
2.619
2.511
2.632
2.603
2.516
2.7310000000000003
2.645
2.475
2.624
2.708
2.4930000000000003
2.327
2.419
2.474
2.509
2.418
2.5610000000000004
2.958
2.675
2.559
2.861
2.486
2.465
2.809
2.702
2.5780000000000003
2.395
2.264
2.246
2.579
2.545
2.33
2.636
2.302
2.585
2.73
2.565
2.874
2.373
3.0860000000000003
2.427
2.795
2.682
2.504
2.9210000000000003
2.54
2.929
2.562
2.582
2.252
2.603
2.7310000000000003
2.376
2.297
2.642
2.116
2.5340000000000003
2.698
2.917
2.518
2.521
3.4330000000000003
2.893
2.456
2.636
2.443
2.494
2.301
2.4930000000000003
2.363
2.564
2.448
2.282
2.3040000000000003
2.297
2.428
1.5730000000000002
2.7310000000000003
2.654
2.69
2.676
2.698
2.565
2.52
2.487
2.699
2.485
2.64
2.329
2.532
2.693
2.661
2.498
2.741
2.382
2.277
2.541
2.611
2.451
2.319
2.236
2.656
2.54
2.6630000000000003
2.431
2.778
2.6460000000000004
2.571
2.269
3.042
2.611
2.363
2.605
2.47
2.54
2.444
2.522
3.012
2.7430000000000003
2.889
2.675
2.305
2.56
2.49
3.283
2.476
2.51
2.547
2.693
2.145
2.302
2.656
2.507
2.5540000000000003
2.56
2.451
2.638
2.087
2.5810000000000004
2.495
2.7430000000000003
2.295
2.5340000000000003
2.442
2.6010000000000004
2.58
2.488
2.911
2.8680000000000003
2.371
2.522
2.5540000000000003
2.625
2.181
2.247
2.6010000000000004
2.369
2.254
2.954
2.468
2.357
2.571
2.662
2.827
2.402
2.64
2.329
2.676
2.935
2.635
3.094
2.524
2.394
2.605
2.452
2.547
2.323
2.625
2.484
2.499
2.274
1.569
2.478
2.553
2.651
2.617
2.762
2.384
2.503
2.721
2.533
2.729
2.897
2.134
2.605
2.339
2.634
2.575
2.012
2.43
2.541
2.505
2.673
2.702
2.675
2.467
3.0010000000000003
2.654
2.363
2.525
2.75
2.767
2.4930000000000003
1.761
2.333
2.648
2.5980000000000003
2.339
2.773
2.309
2.301
1.742
2.737
2.82
2.5660000000000003
2.57
2.67
2.604
2.579
2.454
2.325
2.6010000000000004
2.82
2.584
2.1590000000000003
2.529
1.485
2.84
2.486
2.902
2.727
2.891
2.593
2.447
2.472
2.594
2.867
2.755
2.456
2.502
2.466
2.692
2.361
2.96
2.437
2.135
2.911
2.535
2.478
2.264
2.214
2.542
2.652
2.7060000000000004
2.582
2.544
2.676
2.8
2.378
2.4930000000000003
2.522
2.414
2.293
2.499
2.187
2.7030000000000003
2.521
2.526
2.434
2.403
2.481
2.914
2.327
1.5
2.443
2.387
2.447
2.463
2.729
2.758
2.486
2.536
3.239
2.765
2.667
2.944
2.804
2.5340000000000003
2.121
2.365
2.87
2.628
2.488
2.752
2.44
2.517
2.682
2.385
2.887
2.593
2.702
2.668
2.412
2.387
2.201
2.716
2.437
2.093
2.6860000000000004
2.613
2.548
2.784
2.417
2.653
2.103
2.747
2.386
2.544
2.374
2.516
2.596
2.41
2.638
2.604
2.496
2.543
2.6180000000000003
2.829
2.605
2.286
2.66
3.359
2.406
2.2430000000000003
2.931
2.295
2.41
2.421
2.582
2.4090000000000003
2.572
2.291
2.635
2.516
2.392
2.992
2.423
2.719
2.542
2.439
2.3680000000000003
2.585
2.652
2.371
2.3040000000000003
2.522
2.232
2.661
2.323
2.904
3.153
2.872
2.174
2.477
2.005
2.346
2.369
2.518
2.452
2.435
2.301
2.639
2.594
2.5340000000000003
2.643
2.346
2.392
2.417
2.36
2.417
2.818
2.44
2.437
2.77
2.499
2.636
2.591
2.318
2.487
2.437
2.779
2.161
2.2030000000000003
1.4380000000000002
2.218
1.619
3.177
2.523
2.903
2.17
2.6860000000000004
2.502
2.647
2.336
2.438
2.9160000000000004
2.319
2.343
2.191
2.562
2.537
2.637
2.448
2.832
2.77
2.38
2.757
2.584
2.66
3.133
2.559
2.785
2.477
2.81
2.6830000000000003
2.38
2.498
2.303
2.092
2.2430000000000003
2.882
2.76
2.066
2.71
2.495
2.529
2.531
2.957
2.478
2.632
2.335
2.145
2.337
2.402
2.6630000000000003
2.619
2.761
2.644
2.72
2.335
2.721
2.599
2.574
2.627
2.319
2.518
2.559
2.647
2.455
2.287
2.559
2.337
2.55
2.257
2.99
2.466
3.092
2.914
2.724
2.4930000000000003
2.843
2.6010000000000004
2.576
2.319
2.518
2.687
2.591
2.627
2.582
2.464
2.515
2.4330000000000003
2.547
3.0460000000000003
2.829
2.513
2.5860000000000003
2.331
2.542
2.458
3.02
2.611
2.685
2.446
2.4130000000000003
2.907
2.523
2.422
2.594
2.245
2.569
1.94
2.619
2.404
2.494
2.395
2.857
2.467
2.881
2.301
2.218
2.519
2.674
2.496
2.822
2.335
2.485
3.116
2.418
2.737
2.593
2.714
2.325
2.408
2.727
2.204
2.41
2.524
2.535
2.73
2.573
2.415
2.403
2.435
2.81
2.82
2.653
2.625
2.281
2.312
2.48
2.643
2.954
2.822
2.575
2.502
2.387
2.537
2.994
2.672
2.9
2.773
2.507
2.465
2.628
2.539
2.107
2.5780000000000003
2.624
2.541
2.633
2.412
2.89
2.344
2.693
2.568
2.539
2.526
3.125
2.594
2.4930000000000003
2.471
2.342
2.444
2.88
2.608
2.624
2.5660000000000003
2.438
2.54
2.615
2.503
2.355
2.57
2.486
2.322
2.43
2.394
2.418
2.805
2.55
2.522
3.048
2.343
2.551
2.451
2.34
2.513
2.589
2.834
2.854
2.2880000000000003
2.638
2.725
2.145
2.546
2.674
2.94
2.667
2.709
2.318
2.699
2.819
2.64
2.463
2.496
2.48
2.446
2.255
2.442
2.551
2.336
2.516
2.634
2.7910000000000004
2.309
2.475
2.403
2.793
2.826
2.594
2.942
2.494
2.441
2.246
2.421
2.78
2.699
2.977
2.095
2.443
2.229
2.535
2.644
2.897
3.002
2.596
2.7710000000000004
2.5
2.5660000000000003
2.298
2.401
2.294
2.705
2.466
2.496
2.444
2.588
2.587
2.195
2.716
2.399
2.232
3.179
2.886
2.495
2.459
2.351
2.358
2.649
2.785
2.593
2.614
2.39
2.4
2.904
2.775
2.509
2.628
2.8760000000000003
2.454
2.485
2.446
2.595
2.293
2.394
2.718
2.5860000000000003
2.719
3.024
2.525
2.406
2.783
2.784
2.657
2.5780000000000003
2.415
1.551
2.414
2.825
2.233
3.241
2.858
2.737
2.94
2.605
2.227
2.727
2.7910000000000004
2.502
2.491
2.466
2.806
2.653
2.611
2.717
2.396
2.389
3.0610000000000004
2.695
2.301
2.754
2.615
2.756
2.622
2.822
2.59
2.609
2.517
2.677
2.775
2.563
2.492
2.674
2.91
2.704
2.7460000000000004
2.685
2.657
2.565
2.262
2.458
2.585
2.642
2.866
2.7460000000000004
2.736
2.548
2.405
2.492
2.474
2.684
2.457
2.5380000000000003
2.528
2.555
2.491
2.392
2.517
1.362
2.524
2.833
2.66
2.487
2.76
2.6260000000000003
2.369
2.401
2.636
2.211
2.719
2.724
2.334
2.638
2.608
2.97
2.8
2.396
2.462
2.434
2.602
2.6180000000000003
2.722
2.5860000000000003
2.371
2.389
2.6660000000000004
2.502
2.718
2.474
2.641
2.497
2.421
2.7460000000000004
2.536
2.819
2.69
2.335
2.362
2.295
2.44
2.565
2.86
2.767
2.464
1.401
2.8110000000000004
2.674
2.563
2.45
2.352
2.252
2.4730000000000003
2.592
2.518
2.672
2.802
2.544
2.865
2.5860000000000003
2.597
2.954
2.861
2.521
2.675
2.793
2.042
2.813
2.645
2.752
2.693
2.665
2.7510000000000003
2.932
2.504
2.676
2.568
2.748
2.577
2.545
2.529
2.289
2.641
3.1180000000000003
2.661
2.6180000000000003
2.545
2.909
2.385
2.496
2.7510000000000003
2.46
2.442
2.685
2.632
2.664
2.505
2.253
3.12
2.617
2.376
2.563
2.59
2.445
2.465
2.68
2.351
2.371
2.1830000000000003
2.5340000000000003
2.422
2.754
2.303
2.245
2.857
2.633
2.697
2.587
2.1790000000000003
2.273
2.7260000000000004
1.3330000000000002
2.798
2.969
2.543
2.5540000000000003
2.637
2.105
2.714
2.319
2.729
2.694
2.5780000000000003
2.855
2.547
2.813
2.57
3.071
2.658
2.2840000000000003
2.634
2.386
2.505
2.289
2.372
2.397
2.482
2.24
2.623
2.301
2.727
2.8110000000000004
2.476
2.539
2.442
2.643
2.431
2.468
2.713
2.557
3.338
2.688
2.522
2.559
2.375
2.505
3.135
2.321
2.589
2.572
2.178
2.5660000000000003
2.6910000000000003
2.5380000000000003
2.68
2.605
2.777
3.0010000000000003
2.594
2.124
2.37
2.332
2.902
2.488
2.389
2.753
2.278
2.777
2.614
2.388
2.861
2.398
2.445
2.833
2.445
2.299
2.775
2.424
2.608
2.67
2.386
2.503
2.681
2.553
2.474
2.232
2.365
2.635
2.432
2.593
2.821
1.336
2.653
2.672
2.414
2.889
2.572
2.785
2.378
2.422
2.495
1.797
2.76
2.862
2.777
2.451
2.5860000000000003
2.563
2.741
2.361
2.591
1.941
2.635
2.488
2.862
2.638
2.434
2.389
2.46
2.399
2.34
2.579
2.839
2.748
2.426
2.75
2.468
2.43
2.509
2.506
2.5860000000000003
2.508
2.898
2.604
2.612
2.361
2.459
2.697
2.267
2.391
2.5580000000000003
2.467
2.389
2.494
2.295
2.894
2.387
2.497
2.704
2.488
2.588
2.529
2.459
2.647
2.242
3.073
2.572
2.381
2.575
2.242
2.405
2.728
2.757
3.278
2.7230000000000003
2.625
2.787
2.539
2.66
2.336
2.675
2.339
2.455
2.317
2.927
2.471
2.44
2.869
2.425
2.607
2.895
2.97
2.604
2.338
2.531
2.264
2.295
2.301
2.351
2.375
2.469
2.742
2.53
2.783
2.615
2.551
2.753
3.542
2.359
2.546
2.512
2.006
2.403
2.742
2.635
2.444
2.602
2.765
2.82
2.818
2.387
2.549
2.533
2.696
2.317
2.21
2.446
2.597
2.482
2.511
2.41
2.426
2.437
2.529
2.584
2.849
2.424
2.541
2.678
2.647
2.93
2.552
2.719
2.544
3.03
2.754
2.579
2.517
2.423
2.5
2.541
2.617
2.657
2.77
2.8310000000000004
2.793
2.6630000000000003
2.325
2.584
2.881
2.685
2.295
1.991
1.981
2.397
2.637
2.358
2.798
2.416
2.7510000000000003
2.69
2.509
2.661
2.012
2.528
2.395
2.675
2.7060000000000004
2.59
2.434
2.611
2.5580000000000003
2.434
2.5810000000000004
2.49
2.261
2.451
2.44
2.418
2.997
2.487
2.484
2.222
1.321
3.08
2.161
2.7960000000000003
2.623
2.367
2.741
2.54
2.495
2.522
2.4530000000000003
2.302
3.057
2.472
2.477
2.16
2.4330000000000003
2.642
2.77
2.569
2.5780000000000003
2.713
2.425
2.421
2.352
2.41
2.3480000000000003
2.472
2.443
2.7460000000000004
2.919
2.638
1.894
2.987
2.699
3.237
2.854
2.5540000000000003
2.53
2.471
2.648
2.713
2.673
2.765
2.604
2.401
2.582
2.396
1.871
2.518
2.485
2.512
2.372
2.521
2.435
2.574
2.364
1.4240000000000002
2.8760000000000003
2.187
2.379
2.577
2.378
2.542
2.498
2.648
2.205
3.09
2.268
2.904
2.4330000000000003
2.518
2.354
2.299
2.6910000000000003
1.331
2.4290000000000003
2.303
2.3280000000000003
1.57
2.739
2.673
2.685
2.477
2.617
2.501
2.942
2.41
2.83
2.339
2.516
2.521
3.022
2.349
2.381
2.454
2.865
2.477
2.408
2.424
2.689
2.38
2.6010000000000004
2.297
2.456
2.512
2.45
2.428
2.583
2.6860000000000004
2.29
2.707
2.536
2.5660000000000003
2.7910000000000004
2.654
2.469
2.572
2.522
2.122
2.363
2.615
2.777
2.925
2.853
2.573
2.716
2.898
2.572
2.384
2.2430000000000003
3.052
2.657
2.588
2.639
2.616
2.435
2.838
2.652
2.523
2.457
2.539
2.61
2.568
2.637
2.65
2.649
2.67
2.6210000000000004
2.338
2.607
2.46
2.386
2.221
2.54
2.8960000000000004
2.091
2.52
2.286
2.445
2.629
2.514
2.446
2.513
2.549
2.546
2.698
2.502
2.52
2.769
2.373
2.643
2.475
2.8110000000000004
2.403
2.809
2.643
2.5
2.259
2.775
2.685
2.459
2.616
2.622
2.196
2.503
2.624
2.503
2.887
2.394
2.702
2.512
2.239
2.4290000000000003
2.496
2.71
3.074
2.177
2.713
2.547
2.587
2.475
2.758
2.482
2.78
2.39
2.8080000000000003
2.407
2.333
2.395
2.353
2.214
2.583
2.795
2.576
2.286
2.94
2.463
2.3680000000000003
2.447
2.279
2.231
2.794
2.476
2.7880000000000003
2.472
2.785
2.599
2.5
2.793
2.599
2.344
2.847
2.629
2.891
2.129
2.535
2.532
2.3040000000000003
2.509
3.196
2.291
2.477
2.428
2.7260000000000004
2.875
1.864
2.369
2.612
2.551
2.449
2.251
2.507
2.781
2.52
2.594
2.872
2.648
2.392
2.809
2.769
2.456
2.783
2.296
2.8080000000000003
2.502
2.741
2.919
2.006
2.324
2.765
2.381
2.273
2.504
2.456
2.669
2.616
2.754
2.6460000000000004
2.838
1.565
2.749
2.696
2.734
2.881
2.643
2.557
2.423
2.562
2.697
2.623
2.737
2.522
2.2880000000000003
2.536
