2.234
2.025
2.106
2.137
2.076
2.367
2.11
2.247
2.001
2.207
1.876
2.349
2.258
2.115
2.176
2.21
2.062
1.912
2.312
2.389
2.108
2.166
1.884
2.165
2.048
1.836
2.06
2.128
2.261
2.297
2.261
2.099
2.039
2.087
2.148
2.005
2.156
1.827
2.145
2.166
2.32
2.26
2.319
1.754
2.286
2.234
2.072
2.18
2.315
2.114
2.142
2.155
2.229
2.301
2.18
1.863
1.988
1.804
2.289
1.881
1.902
2.249
2.238
2.1590000000000003
2.24
2.147
1.767
1.989
2.144
2.231
1.908
2.305
2.306
2.133
2.2430000000000003
2.32
2.345
2.086
2.225
2.146
1.886
2.204
2.018
2.219
1.944
2.263
2.239
2.178
2.306
1.788
2.274
2.033
2.309
2.004
2.321
2.127
1.807
2.028
2.182
1.937
1.749
2.115
2.367
2.3040000000000003
2.23
1.769
2.263
2.06
2.3280000000000003
2.134
2.081
2.362
2.333
2.092
1.584
2.221
2.214
2.112
2.257
2.162
2.1590000000000003
2.12
2.13
2.102
2.027
2.079
2.166
2.302
2.154
2.282
1.802
2.28
2.365
2.135
1.656
1.983
2.059
1.933
2.035
2.267
2.218
2.196
1.828
2.085
2.059
2.252
2.232
2.298
2.221
2.244
2.377
2.156
2.309
2.027
2.196
2.124
2.285
2.452
2.24
2.081
2.297
1.927
2.258
1.917
2.119
2.332
1.987
2.18
1.88
2.173
2.17
2.094
2.406
2.353
2.139
2.285
2.149
2.2430000000000003
2.22
1.988
2.378
2.235
1.848
1.852
2.236
2.21
2.195
2.107
2.202
2.295
1.933
2.162
2.33
2.056
2.272
2.157
1.912
1.985
2.122
2.247
2.276
2.275
2.134
1.749
2.2430000000000003
2.262
2.2880000000000003
2.354
2.182
2.327
2.242
2.015
1.804
2.218
2.329
2.062
2.488
2.298
2.103
2.282
2.338
2.205
1.991
2.229
2.254
2.299
2.336
2.051
2.092
2.202
1.898
2.2430000000000003
2.143
2.189
2.153
2.393
2.209
2.258
2.2030000000000003
1.666
1.969
2.369
2.173
2.1
2.144
2.421
2.178
2.138
2.148
2.294
2.147
2.121
2.32
2.3040000000000003
2.192
2.4
1.905
1.5419999999999998
2.242
2.046
1.869
2.311
2.017
2.298
2.143
2.306
2.347
2.279
2.262
2.126
1.946
1.791
1.837
2.121
1.9
2.266
2.281
1.932
2.088
2.1790000000000003
1.927
2.112
2.164
2.32
2.109
1.993
1.936
1.989
2.068
2.169
2.265
2.104
2.009
2.242
2.117
2.075
2.315
2.033
1.791
2.134
2.351
1.978
2.333
1.741
2.124
2.189
2.023
2.073
2.07
2.093
2.143
2.281
2.24
1.848
2.079
1.735
2.12
2.196
2.066
1.796
2.176
2.063
2.26
2.225
2.161
2.604
2.079
1.732
2.285
1.947
1.755
2.16
2.11
2.036
1.734
2.32
2.262
2.258
2.093
1.947
2.187
2.193
2.136
2.324
1.883
1.981
2.133
1.885
2.302
1.987
2.283
2.149
2.108
2.135
2.002
2.383
1.866
2.0540000000000003
2.1590000000000003
2.358
2.102
2.155
2.271
2.385
1.802
2.086
2.127
1.763
2.186
2.082
2.32
2.421
2.0540000000000003
2.1590000000000003
2.286
2.285
2.351
2.07
2.194
2.302
2.185
2.228
1.809
2.261
2.279
2.444
2.156
1.829
2.13
2.36
2.207
2.2230000000000003
2.146
2.251
2.247
2.245
2.411
1.922
2.107
1.864
1.875
2.146
2.195
1.813
1.912
2.174
1.976
1.899
2.352
2.236
2.269
1.997
1.89
1.846
2.201
2.3080000000000003
2.111
2.257
2.119
2.252
2.481
2.404
2.432
2.151
2.265
1.864
2.153
2.216
1.98
2.25
2.0380000000000003
2.151
1.932
2.417
2.3280000000000003
1.798
2.257
2.584
1.965
2.075
2.264
2.158
2.157
2.229
2.088
2.193
2.226
2.215
1.883
2.2840000000000003
2.324
1.998
2.29
2.064
2.436
2.384
2.235
1.917
2.24
2.166
2.193
2.166
2.356
2.168
2.041
1.865
2.359
2.186
1.935
1.878
2.019
1.873
2.193
2.239
2.084
2.141
2.297
1.851
2.2840000000000003
1.822
2.351
2.356
2.193
2.315
2.383
1.857
2.167
2.05
1.666
1.9
2.08
2.2
2.225
2.27
2.354
2.338
2.117
2.181
2.467
2.033
2.436
2.343
2.406
2.103
2.225
2.067
2.305
2.027
1.783
2.153
2.271
1.937
2.293
2.0340000000000003
2.147
2.232
2.111
1.974
2.294
2.424
2.224
2.466
2.2
1.975
2.321
1.898
2.364
2.062
1.794
1.924
1.81
2.219
2.155
2.122
2.079
2.114
2.37
2.235
2.0980000000000003
2.211
2.23
2.105
2.089
2.437
2.083
1.885
2.229
2.121
2.337
2.17
2.171
2.234
2.192
2.298
2.132
2.096
2.096
2.337
2.2430000000000003
2.389
2.215
2.214
2.192
2.367
2.173
2.149
2.211
2.254
2.265
2.217
2.146
2.109
2.101
2.272
1.881
2.29
2.312
2.218
1.857
1.88
2.221
2.064
2.04
1.834
1.906
1.929
2.128
1.94
2.26
2.146
2.1
2.191
2.236
1.756
1.844
2.0
2.111
2.31
2.02
1.937
2.258
2.087
2.0
2.106
1.95
2.325
2.271
1.976
1.937
2.197
1.87
2.092
2.344
2.113
1.92
2.109
2.0340000000000003
2.323
2.324
1.661
2.214
2.297
2.02
2.226
2.07
2.19
2.072
2.202
2.102
2.148
2.2
2.031
2.131
2.074
2.191
2.245
1.676
2.305
1.996
2.186
2.157
2.131
2.082
2.154
2.182
1.966
1.854
2.257
2.074
2.333
1.869
2.076
2.162
2.228
2.244
1.844
2.372
2.396
2.073
2.42
2.111
2.263
2.108
2.162
2.144
1.849
2.022
1.98
2.121
2.401
2.216
2.16
2.35
2.175
2.116
2.271
2.012
2.267
2.216
2.283
2.292
2.172
2.171
2.219
2.205
2.403
2.101
2.174
1.977
2.135
2.107
2.128
2.093
2.0580000000000003
2.155
1.965
2.075
2.361
2.261
2.313
1.906
2.225
1.7080000000000002
2.311
2.261
2.144
2.289
1.66
2.205
1.97
2.424
2.31
2.235
1.905
2.27
2.224
2.248
1.941
1.885
2.367
2.329
1.907
1.971
2.109
2.171
2.182
2.126
2.084
2.384
2.253
1.882
2.12
2.135
1.881
2.227
2.172
2.016
1.958
1.924
2.331
2.047
2.345
2.103
2.305
2.256
2.253
1.965
2.205
2.072
2.139
2.011
2.268
2.2
1.964
2.221
2.299
2.333
2.366
2.283
1.879
2.02
1.825
2.27
2.171
2.186
2.041
2.19
1.915
2.239
1.925
2.142
2.053
2.269
1.972
2.155
2.171
2.263
2.04
2.2840000000000003
2.251
1.817
2.36
1.973
2.172
2.072
2.325
2.336
2.219
2.283
1.939
1.904
2.233
2.198
2.157
2.097
2.227
2.051
2.057
2.314
2.479
2.362
2.136
1.891
2.442
2.3680000000000003
2.249
2.237
2.218
1.703
2.093
2.4530000000000003
2.196
2.024
2.366
1.868
1.859
2.107
2.046
2.121
2.101
1.911
2.3040000000000003
2.07
1.815
1.943
2.228
2.056
2.389
1.902
2.195
2.289
2.115
2.235
1.864
2.3680000000000003
2.278
2.398
2.186
2.121
2.275
2.197
1.798
2.4
1.917
2.097
2.059
1.867
1.937
1.815
1.937
2.233
2.359
2.217
1.87
2.108
2.225
2.154
2.303
2.263
2.187
1.978
1.953
1.884
2.215
2.303
2.1790000000000003
2.177
2.142
2.469
2.394
2.3
2.087
2.16
2.101
2.244
1.791
2.166
1.854
2.2030000000000003
2.2840000000000003
2.1790000000000003
2.321
2.191
2.212
2.247
1.839
1.93
2.017
2.172
2.224
2.364
2.3080000000000003
2.221
2.292
2.375
2.305
2.187
2.076
1.965
2.269
1.962
2.256
2.244
2.498
2.097
2.153
2.363
2.269
2.029
2.145
1.959
2.146
2.014
2.334
2.28
2.264
2.326
2.363
2.067
2.171
1.964
2.3080000000000003
2.213
2.138
2.209
2.254
2.158
2.64
1.854
2.037
2.399
2.185
2.309
2.412
2.132
2.04
1.72
2.131
2.226
2.028
2.279
2.461
2.05
2.16
1.968
2.185
2.05
2.165
2.012
2.21
1.781
2.137
2.032
2.181
2.121
2.214
2.119
2.354
2.242
2.205
2.227
1.931
1.999
2.255
2.075
2.03
2.283
2.196
2.3080000000000003
2.162
2.12
2.173
2.214
2.239
2.079
2.46
2.346
2.045
2.215
2.196
1.791
2.354
2.226
1.878
2.182
2.27
1.996
2.208
2.212
2.263
2.197
2.393
2.05
2.291
2.201
2.383
1.937
1.869
2.1590000000000003
2.309
2.157
2.16
2.208
2.222
2.003
2.322
2.1590000000000003
2.252
2.341
2.181
2.189
2.063
2.105
2.317
2.088
2.205
1.624
2.279
2.11
2.231
2.259
2.162
2.052
2.362
1.773
2.248
2.194
2.0780000000000003
2.224
2.33
2.224
2.2030000000000003
2.272
2.299
2.225
2.397
1.886
2.267
2.225
2.22
1.885
2.289
1.988
2.259
2.161
1.969
2.036
2.192
2.13
2.21
2.225
2.264
2.018
2.251
2.077
2.325
2.199
2.129
2.123
2.184
2.251
2.205
2.103
2.236
2.191
2.174
2.043
1.993
1.96
2.31
2.18
2.093
1.526
2.156
2.3680000000000003
2.189
2.326
2.213
2.344
2.065
1.951
1.81
1.99
2.19
2.222
2.137
2.374
1.811
1.976
2.132
1.855
2.249
2.323
1.959
1.843
2.148
2.031
2.087
2.24
1.893
1.854
2.114
2.209
2.0780000000000003
2.55
2.192
2.19
2.222
2.181
1.759
2.307
2.387
2.007
1.961
2.272
2.044
2.367
2.469
2.077
2.189
1.894
2.286
2.235
1.965
2.133
2.109
2.094
2.2030000000000003
2.301
2.259
1.744
2.285
2.272
2.035
2.266
2.226
2.268
2.352
2.176
2.303
2.035
2.38
2.324
2.148
2.107
2.182
2.367
2.217
2.156
2.306
2.067
2.25
2.326
2.168
2.227
2.156
2.092
2.282
2.044
2.202
2.234
2.309
2.1630000000000003
1.969
2.154
2.315
2.119
2.271
1.912
2.0340000000000003
2.279
1.729
1.857
2.077
2.42
2.282
2.176
2.344
2.138
1.84
2.201
2.261
2.43
2.084
2.313
2.258
2.046
2.255
2.06
2.294
2.15
2.359
2.051
2.329
2.2030000000000003
2.028
2.2230000000000003
1.883
2.21
2.123
2.178
2.23
2.191
2.193
2.324
2.275
1.978
1.854
2.077
2.289
2.109
2.138
1.993
2.105
2.027
2.331
1.781
2.088
2.393
2.379
1.949
2.281
2.141
2.321
2.022
2.235
2.335
2.356
2.216
2.3480000000000003
2.1180000000000003
2.094
1.774
2.336
2.261
2.031
1.917
2.445
2.231
2.271
2.166
2.068
2.242
2.131
1.969
2.168
2.091
2.247
2.01
1.941
1.819
1.92
2.079
2.093
2.018
2.201
1.944
2.422
2.251
1.791
2.05
1.842
2.344
2.283
2.23
2.131
2.135
2.25
2.106
2.653
2.0
2.048
2.292
2.239
2.209
2.266
2.294
2.208
1.922
2.085
1.855
2.155
2.227
2.364
2.064
2.286
2.126
2.117
2.353
2.211
1.812
2.084
2.254
2.082
2.198
2.431
2.265
2.263
1.968
2.218
2.315
2.42
1.984
2.195
1.832
1.851
2.562
2.259
2.209
2.211
2.31
2.303
1.916
2.2840000000000003
2.3080000000000003
2.221
2.382
2.248
2.152
2.447
2.292
1.986
2.252
1.6369999999999998
2.254
2.1790000000000003
2.231
2.064
2.044
2.198
1.784
2.359
1.882
2.225
2.006
2.346
1.965
2.36
2.2230000000000003
2.213
2.186
1.734
2.141
2.143
1.761
2.268
2.383
2.247
2.354
2.164
2.361
2.214
2.157
2.0980000000000003
2.261
2.169
2.2
2.273
2.1180000000000003
1.962
1.771
2.019
2.224
2.204
1.826
2.365
2.231
1.16
2.18
2.283
2.1
2.2230000000000003
2.393
1.7009999999999998
1.843
2.177
2.389
2.199
1.828
2.42
2.282
2.048
2.1590000000000003
2.013
2.229
2.238
2.2230000000000003
2.4930000000000003
2.023
2.195
2.292
1.887
2.27
2.238
2.236
1.768
1.885
2.293
2.217
2.164
2.347
2.324
2.336
1.863
2.216
1.769
2.259
1.889
2.237
2.239
1.974
2.1590000000000003
2.033
2.094
2.211
2.122
2.119
2.168
2.092
2.188
2.225
2.072
2.194
2.11
2.142
2.192
2.363
2.283
2.321
2.289
2.3
2.227
1.899
2.209
2.431
2.215
2.234
2.3280000000000003
2.062
2.006
1.763
2.068
1.973
2.294
2.334
2.133
1.933
1.94
1.97
1.779
2.227
1.957
1.868
2.386
2.167
2.312
2.094
2.289
2.125
2.419
2.153
1.986
2.355
2.484
2.259
2.402
2.033
1.942
2.048
2.148
2.198
2.031
1.812
2.048
2.013
2.32
2.025
2.298
1.832
2.424
2.299
2.224
2.248
2.015
1.951
2.125
2.221
2.274
1.872
2.162
1.87
1.911
2.312
2.167
2.196
1.902
2.303
2.3280000000000003
2.24
2.351
2.1
2.5860000000000003
2.282
2.231
2.364
2.241
2.1
2.141
1.857
2.392
2.134
2.129
2.445
1.99
1.995
2.217
2.062
1.822
2.231
1.969
2.188
2.115
2.0380000000000003
2.08
2.236
1.886
2.272
1.81
2.123
2.43
2.018
1.5419999999999998
1.806
2.377
1.673
2.193
2.026
1.897
2.211
1.996
2.28
1.991
2.144
2.285
2.26
2.253
2.134
2.101
2.012
2.245
2.138
2.229
2.254
2.154
2.3480000000000003
2.234
1.859
2.178
2.174
2.303
2.081
2.315
2.24
2.283
1.5659999999999998
2.076
2.214
2.241
1.813
2.569
1.686
2.166
2.326
1.901
1.906
2.269
2.106
2.2430000000000003
2.318
1.846
2.071
1.13
2.015
2.233
2.238
2.03
2.208
2.26
2.385
1.868
2.018
1.711
2.458
1.733
2.319
1.716
1.896
2.2230000000000003
2.303
1.863
2.281
2.266
2.158
2.166
2.122
2.29
2.17
2.37
2.089
1.957
2.0380000000000003
2.281
2.259
2.119
1.868
2.138
2.029
1.99
1.911
2.252
2.226
2.101
2.2
1.936
2.266
2.0380000000000003
2.315
2.107
2.099
2.074
2.351
2.195
2.383
2.276
2.229
1.897
2.276
2.072
2.316
2.37
2.129
2.299
2.1630000000000003
2.162
2.234
2.446
1.985
1.66
2.057
2.094
2.152
2.442
2.388
2.1630000000000003
1.968
2.164
2.001
2.397
2.092
1.872
2.276
2.194
1.758
2.176
1.736
2.122
1.812
2.145
2.182
2.245
1.976
2.544
2.2030000000000003
1.857
2.305
2.3280000000000003
2.371
2.33
2.22
2.19
2.194
1.857
1.959
2.041
2.252
2.0580000000000003
2.195
1.986
1.867
2.391
2.174
1.993
2.053
2.205
2.404
2.079
1.859
2.138
2.259
2.065
2.154
2.324
2.095
2.275
2.111
2.068
2.262
2.255
1.817
2.276
1.971
2.174
2.07
1.633
2.3280000000000003
2.127
2.191
1.951
2.211
2.168
2.246
1.876
2.48
2.247
2.253
2.227
2.229
2.071
2.091
2.178
1.957
2.253
2.102
2.021
2.402
1.999
1.69
2.219
2.208
2.076
2.039
2.147
2.343
2.151
2.139
1.98
2.339
2.321
2.11
2.442
2.195
1.904
1.972
2.178
1.978
2.235
2.299
2.079
2.224
1.819
1.812
2.235
1.966
2.147
2.063
2.29
1.954
2.327
2.249
2.151
2.244
2.205
1.923
1.961
2.4930000000000003
1.914
2.306
2.111
2.378
2.212
1.979
2.41
2.38
2.136
1.619
2.355
2.379
2.358
2.01
2.446
1.926
2.45
2.317
1.89
2.056
2.309
2.115
2.327
2.018
2.174
1.975
1.969
2.282
2.068
2.403
2.06
2.172
1.956
1.968
2.193
1.842
2.197
1.7519999999999998
1.857
2.364
2.323
2.176
2.166
2.255
2.377
1.845
1.921
2.202
1.82
2.29
2.362
1.725
2.286
1.811
1.209
2.265
2.151
2.302
2.087
2.092
2.256
2.222
2.338
2.222
2.327
2.192
2.329
1.868
2.377
