2.714
2.627
2.576
2.443
2.5540000000000003
2.744
2.63
2.613
2.655
2.689
2.436
2.62
2.717
2.391
2.536
2.637
2.624
2.393
2.653
2.685
2.549
2.599
2.337
2.6060000000000003
2.5540000000000003
2.215
2.408
2.688
2.741
2.685
2.53
2.462
2.469
2.776
2.735
2.4090000000000003
2.587
2.172
2.496
2.593
2.707
2.636
2.634
2.469
2.781
2.8160000000000003
2.511
2.377
2.766
2.638
2.643
2.794
2.693
2.7710000000000004
2.492
2.492
2.491
2.512
2.798
2.198
2.444
2.596
2.605
2.47
2.6860000000000004
2.609
2.418
2.499
2.611
2.719
2.324
2.509
2.738
2.951
2.656
2.688
2.829
2.675
2.65
2.637
2.477
2.622
2.403
2.7
2.403
2.5980000000000003
2.715
2.546
2.649
2.577
2.7060000000000004
2.405
2.79
2.5380000000000003
2.81
2.637
2.436
2.649
2.628
2.4930000000000003
2.616
2.472
2.639
2.765
2.673
1.923
2.667
2.623
2.665
2.551
2.707
2.693
2.7
2.623
2.085
2.637
2.679
2.481
2.759
2.684
2.5860000000000003
2.521
2.577
2.445
2.495
2.61
2.585
2.6180000000000003
2.523
2.803
2.398
2.745
2.801
2.46
2.145
2.219
2.5780000000000003
2.378
2.553
2.843
2.644
2.647
2.201
2.388
2.379
2.585
2.682
2.67
2.636
2.656
2.7510000000000003
2.5
2.69
2.553
2.757
2.708
2.667
2.7910000000000004
2.694
2.47
2.665
2.4130000000000003
2.704
2.2880000000000003
2.594
2.89
2.589
2.638
2.499
2.619
2.504
2.563
2.714
2.724
2.499
2.637
2.582
2.696
2.611
2.256
2.7960000000000003
2.545
2.369
2.5860000000000003
2.603
2.59
2.653
2.73
2.749
2.484
2.645
2.684
2.801
2.4730000000000003
2.642
2.539
2.623
2.555
2.625
2.615
2.502
2.74
2.5540000000000003
2.381
2.71
2.623
2.6210000000000004
2.734
2.582
2.717
2.6180000000000003
2.6060000000000003
2.481
2.7060000000000004
2.782
2.483
2.762
2.6
2.59
2.693
2.692
2.527
2.474
2.708
2.562
2.674
2.704
2.512
2.573
2.4730000000000003
2.714
2.659
2.5540000000000003
2.55
2.4730000000000003
2.716
2.675
2.583
2.757
2.244
2.289
2.72
2.6
2.53
2.533
2.662
2.699
2.521
2.584
2.587
2.608
2.572
2.736
2.5610000000000004
2.779
2.659
2.513
2.15
2.672
2.48
2.478
2.624
2.582
2.54
2.57
2.569
2.667
2.6210000000000004
2.719
2.428
2.5
2.386
2.376
2.583
2.302
2.672
2.844
2.425
2.514
2.557
2.616
2.745
2.613
2.776
2.765
2.476
2.27
2.476
2.459
2.609
2.7
2.579
2.463
2.569
2.503
2.479
2.668
2.451
2.696
2.47
2.696
2.571
2.8160000000000003
2.49
2.658
2.5610000000000004
2.478
2.615
2.523
2.559
2.573
2.704
2.645
2.43
2.397
2.246
2.48
2.649
2.748
2.528
2.572
2.306
2.779
2.54
2.673
2.818
2.53
2.386
2.5340000000000003
2.469
2.3
2.651
2.491
2.526
2.371
2.736
2.705
2.724
2.6060000000000003
2.481
2.701
2.641
2.589
2.701
2.543
2.607
2.597
2.403
2.624
2.43
2.595
2.624
2.481
2.543
2.636
2.688
2.565
2.565
2.57
2.505
2.521
2.648
2.519
2.8960000000000004
2.398
2.677
2.609
2.296
2.603
2.503
2.605
3.055
2.466
2.585
2.695
2.518
2.773
2.487
2.734
2.678
2.634
2.761
2.732
2.701
2.627
2.81
2.5860000000000003
2.396
2.625
2.543
2.6010000000000004
2.589
2.632
2.714
2.695
2.7060000000000004
2.8110000000000004
2.564
2.604
2.779
2.52
2.633
2.6180000000000003
2.226
2.46
2.5610000000000004
2.577
2.459
2.649
2.7230000000000003
2.763
2.47
2.648
2.565
2.436
2.907
2.64
2.636
2.65
2.6830000000000003
2.775
2.847
2.8110000000000004
2.445
2.5780000000000003
2.4530000000000003
2.44
2.869
2.557
2.63
2.8360000000000003
2.52
2.169
2.815
2.699
2.293
2.777
2.9610000000000003
2.664
2.475
2.724
2.567
2.757
2.708
2.644
2.661
2.648
2.526
2.393
2.84
2.704
2.5660000000000003
2.729
2.536
2.875
2.6910000000000003
2.649
2.458
2.741
2.5810000000000004
2.7110000000000003
2.596
2.7430000000000003
2.5780000000000003
2.653
2.468
2.758
2.697
2.721
2.525
2.605
2.443
2.648
2.5860000000000003
2.672
2.5340000000000003
2.592
2.572
2.631
2.412
2.6210000000000004
2.676
2.665
2.6180000000000003
2.847
2.405
2.619
2.343
2.244
2.591
2.551
2.403
2.518
2.563
2.795
2.82
2.587
2.675
2.773
2.631
2.9130000000000003
2.656
2.6910000000000003
2.569
2.7230000000000003
2.497
2.645
2.502
2.209
2.539
2.651
2.238
2.622
2.307
2.585
2.482
2.681
2.3480000000000003
2.749
2.815
2.604
2.767
2.462
2.478
2.694
2.44
2.713
2.481
2.335
2.295
2.073
2.45
2.472
2.588
2.7710000000000004
2.513
2.697
2.585
2.385
2.864
2.552
2.541
2.677
2.634
2.588
2.765
2.759
2.649
2.78
2.552
2.634
2.793
2.496
2.607
2.567
2.569
2.353
2.5810000000000004
2.605
2.6860000000000004
2.722
2.575
2.688
2.612
2.521
2.642
2.622
2.698
2.839
2.545
2.55
2.49
2.628
2.878
2.399
2.423
2.722
2.633
2.394
2.484
2.7310000000000003
2.597
2.667
2.62
2.468
2.499
2.494
2.665
2.5
2.633
2.5610000000000004
2.5780000000000003
2.509
2.214
2.341
2.524
2.513
2.702
2.426
2.421
2.699
2.665
2.574
2.652
2.564
2.657
2.497
2.423
2.421
2.512
2.281
2.596
2.793
2.693
2.389
2.709
2.527
2.74
2.6910000000000003
2.385
2.544
2.864
2.649
2.757
2.511
2.592
2.544
2.684
2.4290000000000003
2.658
2.6260000000000003
2.388
2.667
2.622
2.66
2.52
2.099
2.714
2.643
2.696
2.704
2.693
2.7060000000000004
2.783
2.6180000000000003
2.5610000000000004
2.654
2.6
2.654
2.774
2.482
2.673
2.682
2.694
2.676
2.44
2.8080000000000003
2.759
2.456
2.72
2.604
2.597
2.593
2.55
2.842
2.529
2.5340000000000003
2.688
2.753
2.708
2.679
2.634
2.657
2.738
2.389
2.474
2.514
2.463
2.669
2.752
2.591
2.593
2.665
2.567
2.487
2.88
2.472
2.527
2.542
2.579
2.5980000000000003
2.485
2.543
2.444
2.651
2.378
2.628
2.629
2.702
2.557
2.29
2.8080000000000003
2.559
2.702
2.57
2.593
2.667
2.376
2.477
2.515
2.675
2.629
2.455
2.4330000000000003
2.624
2.5580000000000003
2.738
2.423
2.439
2.5980000000000003
2.932
2.386
2.382
2.553
2.745
2.589
2.64
2.57
2.838
2.549
2.419
2.514
2.6660000000000004
2.515
2.71
2.491
2.491
2.421
2.649
2.326
2.488
2.677
2.669
2.738
2.673
2.716
2.805
2.697
2.536
2.728
2.616
2.812
2.573
2.385
2.67
2.8080000000000003
2.588
2.966
2.59
2.6210000000000004
2.346
2.235
2.589
2.519
2.587
2.547
2.651
2.446
2.524
2.332
2.651
2.7110000000000003
2.599
2.365
2.531
2.567
2.649
2.53
2.656
2.454
2.26
2.62
2.352
2.588
2.539
2.722
2.681
2.7060000000000004
2.715
2.344
2.596
2.74
2.448
2.555
2.441
2.656
2.5810000000000004
2.83
2.6060000000000003
2.78
2.753
2.5380000000000003
2.5660000000000003
2.761
2.814
2.667
2.548
2.504
2.576
2.5380000000000003
2.758
2.668
2.56
2.693
2.254
2.112
2.687
2.553
2.526
2.714
2.555
2.777
2.584
2.438
2.432
2.781
2.69
2.803
2.546
2.5810000000000004
2.662
2.5660000000000003
2.649
2.4290000000000003
2.6830000000000003
2.487
2.678
2.525
2.555
2.66
2.6910000000000003
2.293
2.875
2.303
2.629
2.523
2.562
2.573
2.44
2.281
2.588
2.78
2.629
2.341
2.818
2.766
2.593
2.764
2.6910000000000003
2.638
2.447
2.008
2.423
2.653
2.685
2.56
2.594
2.5380000000000003
2.883
2.908
2.5610000000000004
2.484
2.7230000000000003
2.519
2.707
2.323
2.625
2.643
2.744
2.631
2.681
2.779
2.5980000000000003
2.531
2.7910000000000004
2.105
2.714
2.4130000000000003
2.54
2.5660000000000003
2.8680000000000003
2.794
2.695
2.6630000000000003
2.785
2.631
2.495
2.7710000000000004
2.4130000000000003
2.556
2.547
2.724
2.658
2.94
2.635
2.577
2.659
2.667
2.494
2.694
2.5
2.623
2.572
2.594
2.69
2.7880000000000003
2.738
2.787
2.553
2.63
2.451
2.804
2.5860000000000003
2.688
2.567
2.541
2.447
2.667
2.427
2.487
2.827
2.647
2.733
2.866
2.74
2.447
2.5380000000000003
2.617
2.641
2.468
2.636
2.8760000000000003
2.519
2.597
2.414
2.749
2.658
2.552
2.486
2.914
2.548
2.613
2.629
2.652
2.656
2.414
2.557
2.792
2.56
2.615
2.758
2.567
2.587
2.708
2.562
2.44
2.681
2.506
2.7460000000000004
2.525
2.403
2.482
2.504
2.752
2.65
2.7310000000000003
2.672
2.603
2.482
2.616
2.471
2.604
2.53
2.543
2.605
2.708
2.391
2.635
2.717
2.572
2.67
2.713
2.632
2.802
2.613
2.965
2.376
2.511
2.75
2.745
2.725
2.5580000000000003
2.605
2.496
2.452
2.725
2.644
2.616
2.649
2.655
2.739
2.434
2.66
2.616
2.486
2.629
2.261
2.747
2.491
2.648
2.736
2.661
2.583
2.742
2.325
2.645
2.654
2.676
2.692
2.765
2.595
2.804
2.741
2.673
2.673
2.5860000000000003
2.398
2.552
2.635
2.68
2.271
2.597
2.574
2.471
2.585
2.507
2.846
2.542
2.444
2.628
2.633
2.5860000000000003
2.769
2.758
2.61
2.757
2.7460000000000004
2.605
2.452
2.629
2.616
2.6060000000000003
2.7110000000000003
2.722
2.692
2.488
2.582
2.66
2.144
2.5810000000000004
2.662
2.4090000000000003
2.332
2.61
2.713
2.556
2.636
2.709
2.778
2.584
2.611
2.661
2.4130000000000003
2.733
2.757
2.486
2.6630000000000003
2.365
2.488
2.478
2.515
2.5660000000000003
2.555
2.5
2.483
2.648
2.682
2.53
2.6910000000000003
2.57
2.643
2.591
2.662
2.423
2.665
2.5810000000000004
2.613
2.6830000000000003
2.549
2.244
2.758
2.681
2.628
2.403
2.7430000000000003
2.85
2.714
2.752
2.749
2.6910000000000003
2.649
2.749
2.481
2.633
2.5580000000000003
2.587
2.431
2.478
2.657
2.77
2.53
2.719
2.6180000000000003
2.331
2.719
2.5660000000000003
2.634
2.752
2.708
2.679
2.527
2.739
2.667
2.518
2.422
2.637
2.82
2.835
2.593
2.8160000000000003
2.643
2.708
2.778
2.65
2.542
2.5810000000000004
2.692
2.667
2.437
2.765
2.595
2.689
2.537
2.479
2.563
2.599
2.768
2.7030000000000003
2.604
2.525
2.701
2.449
2.441
2.559
2.7060000000000004
2.787
2.66
2.716
2.57
2.224
2.454
2.736
2.795
2.512
2.517
2.638
2.373
2.697
2.494
2.803
2.5610000000000004
2.799
2.525
2.75
2.434
2.462
2.5580000000000003
2.315
2.659
2.528
2.552
2.623
2.596
2.607
2.745
2.737
2.613
2.427
2.714
2.721
2.756
2.674
2.466
2.557
2.485
2.654
2.548
2.5580000000000003
2.6860000000000004
2.983
2.517
2.5780000000000003
2.608
2.655
2.524
2.679
2.685
2.712
2.69
2.769
2.418
2.569
2.36
2.676
2.613
2.595
2.249
2.653
2.782
2.877
2.56
2.6060000000000003
2.589
2.508
2.717
2.633
2.432
2.738
2.313
2.422
2.3480000000000003
2.647
2.354
2.544
2.528
2.64
2.403
2.698
2.627
2.17
2.629
2.332
2.773
2.582
2.408
2.5860000000000003
2.56
2.707
2.378
2.951
2.474
2.378
2.684
2.7430000000000003
2.596
2.667
2.708
2.609
2.572
2.679
2.523
2.681
2.597
2.593
2.591
2.687
2.608
2.633
2.719
2.4090000000000003
2.407
2.5340000000000003
2.661
2.477
2.593
2.705
2.611
2.657
2.665
2.745
2.48
2.889
2.467
2.69
2.444
2.4130000000000003
2.738
2.767
2.665
2.58
2.6630000000000003
2.65
2.631
2.631
2.665
2.625
2.786
2.708
2.567
2.793
2.8310000000000004
2.599
2.539
2.254
2.7
2.583
2.707
2.518
2.438
2.535
2.56
2.773
2.379
2.867
2.425
2.605
2.5860000000000003
2.665
2.588
2.987
2.544
2.299
2.565
2.569
2.458
2.613
2.846
2.498
2.737
2.62
2.692
2.582
2.627
2.48
2.669
2.728
2.555
2.594
2.6260000000000003
2.6180000000000003
2.486
2.602
2.6260000000000003
2.567
2.782
2.56
2.721
1.878
2.675
2.599
2.596
2.541
2.835
2.448
2.273
2.515
2.758
2.7710000000000004
2.158
2.729
2.7430000000000003
2.741
2.503
2.5
2.7260000000000004
2.654
2.8
2.837
2.5380000000000003
2.7430000000000003
2.582
2.755
2.547
2.556
2.736
2.514
2.612
2.629
2.758
2.57
2.624
2.638
2.602
2.535
2.768
2.408
2.673
2.542
2.588
2.515
2.3480000000000003
2.6630000000000003
2.596
2.49
2.72
2.741
2.644
2.622
2.65
2.579
2.834
2.441
2.603
2.576
2.5980000000000003
2.602
2.674
2.643
2.694
2.818
2.736
2.661
2.826
2.529
2.8760000000000003
2.7260000000000004
2.541
2.736
2.386
2.64
2.296
2.594
2.3480000000000003
2.804
2.725
2.647
2.734
2.7430000000000003
2.515
2.465
2.611
2.4290000000000003
2.376
2.744
2.593
2.6460000000000004
2.603
2.854
2.724
2.798
2.51
2.482
2.694
2.72
2.737
2.721
2.49
2.502
2.459
2.56
2.576
2.596
2.398
2.617
2.7310000000000003
2.768
2.627
2.622
2.579
2.917
2.768
2.547
2.619
2.487
2.697
2.637
2.679
2.591
2.533
2.612
2.512
2.747
2.584
2.822
2.519
2.402
2.669
2.66
2.712
2.854
2.596
2.893
2.749
2.721
2.772
2.5540000000000003
2.609
2.809
2.364
2.753
2.467
2.546
2.819
2.439
2.807
2.522
2.471
2.49
2.68
2.43
2.604
2.609
2.567
2.485
2.613
2.422
2.559
2.369
2.615
2.762
2.573
2.15
2.479
2.752
2.514
2.443
2.629
2.465
2.501
2.397
2.486
2.574
2.527
2.681
2.6060000000000003
2.66
2.652
2.518
2.418
2.674
2.47
2.486
2.569
2.5780000000000003
2.6460000000000004
2.722
2.336
2.603
2.673
2.699
2.238
2.733
2.615
2.752
2.257
2.6710000000000003
2.608
2.685
2.2880000000000003
2.678
2.565
2.51
2.752
2.495
2.7710000000000004
2.584
2.43
2.476
2.716
2.602
2.369
1.592
2.631
2.75
2.946
2.49
2.537
2.652
2.722
2.499
2.552
2.604
2.833
2.518
2.669
2.454
2.259
2.752
2.548
2.417
2.679
2.588
2.67
2.705
2.75
2.786
2.6460000000000004
2.616
2.428
2.48
2.605
2.599
2.599
2.727
2.499
2.684
2.44
2.559
2.277
2.707
2.592
2.536
2.716
2.675
2.588
2.474
2.745
2.447
2.523
2.624
2.9
2.573
2.7230000000000003
2.559
2.641
2.424
2.636
2.658
2.593
2.786
2.532
2.725
2.527
2.678
2.729
2.78
2.667
2.468
2.769
2.65
2.619
2.879
2.8
2.651
2.495
2.521
2.5660000000000003
2.633
2.727
2.485
2.695
2.687
2.494
2.576
2.26
2.451
2.555
2.774
2.56
2.675
2.392
2.615
2.7
2.378
2.585
2.762
2.6210000000000004
2.669
2.75
2.761
2.8
2.364
2.651
2.672
2.611
2.317
2.682
2.444
2.53
2.779
2.541
2.514
2.678
2.649
2.698
2.568
2.4730000000000003
2.728
2.431
2.677
2.469
2.6910000000000003
2.4730000000000003
2.756
2.607
2.358
2.607
2.6710000000000003
2.151
2.757
2.152
2.662
2.497
2.335
2.6210000000000004
2.574
2.464
2.367
2.6010000000000004
2.628
2.672
2.258
2.807
2.546
2.697
2.761
2.6630000000000003
2.369
2.495
2.481
2.647
2.555
2.528
2.349
2.744
2.587
2.377
2.688
2.629
2.6210000000000004
2.585
2.85
2.616
2.587
2.54
2.369
2.625
2.755
2.549
2.707
2.571
2.63
2.4090000000000003
2.764
2.605
2.575
2.555
2.548
2.476
2.438
2.399
2.676
2.43
2.6210000000000004
2.424
2.63
2.44
2.5380000000000003
2.727
2.574
2.494
2.682
2.6460000000000004
2.733
2.667
2.412
2.769
2.371
2.741
2.526
2.48
2.784
2.5860000000000003
2.641
2.431
2.804
2.596
2.677
2.46
2.775
2.524
2.827
2.713
2.455
2.5810000000000004
2.528
2.545
2.774
2.607
2.585
2.632
2.6180000000000003
2.533
2.681
2.881
2.481
2.87
2.611
2.546
2.51
2.495
2.622
2.401
2.366
2.834
2.7260000000000004
2.637
2.5860000000000003
2.65
2.761
2.266
2.363
2.64
2.366
2.653
2.766
2.46
2.656
2.557
1.735
2.793
2.647
2.672
2.594
2.6
2.734
2.5380000000000003
2.652
2.66
2.576
2.441
2.735
2.281
2.5660000000000003
