3.428
2.705
3.451
2.9160000000000004
2.907
3.323
2.6060000000000003
2.193
2.72
2.96
3.217
2.734
2.849
3.124
3.019
2.94
3.169
3.242
3.022
3.085
2.842
2.4730000000000003
3.054
3.057
2.852
2.991
3.076
2.9610000000000003
3.379
3.4
2.985
3.07
2.92
2.8310000000000004
2.946
2.919
2.952
2.5540000000000003
2.971
2.8760000000000003
2.8160000000000003
2.807
2.69
3.298
2.948
2.882
3.16
3.268
3.097
3.07
3.17
2.846
2.979
3.209
2.955
3.402
3.1010000000000004
3.1910000000000003
2.834
3.2880000000000003
3.341
3.192
2.775
3.139
3.1
2.873
2.802
3.0010000000000003
3.239
2.717
2.854
3.299
3.0780000000000003
2.9160000000000004
3.112
2.769
3.099
3.075
3.074
3.1660000000000004
3.044
3.0410000000000004
2.604
3.138
2.837
3.144
2.943
2.648
3.0
3.009
3.196
3.639
2.806
2.946
2.955
3.031
2.884
3.358
2.873
3.552
3.0410000000000004
3.463
3.076
2.9160000000000004
2.674
3.117
3.059
3.0660000000000003
2.9730000000000003
3.277
3.006
3.113
2.859
2.656
2.9330000000000003
3.355
3.049
2.958
2.786
3.325
3.474
2.979
2.784
3.013
2.846
2.989
3.185
2.591
2.81
3.357
3.071
3.049
3.142
3.0580000000000003
3.012
3.445
3.069
2.923
2.971
3.026
3.065
3.209
3.114
2.758
2.448
3.15
3.482
3.042
3.051
2.665
2.708
3.127
3.274
2.869
2.826
2.801
3.005
2.908
2.971
2.763
2.9160000000000004
3.262
2.946
3.152
3.019
2.83
2.918
3.145
2.94
2.89
2.807
2.885
2.7110000000000003
2.9
3.019
3.1010000000000004
2.789
3.018
3.258
3.117
2.865
2.934
2.885
3.427
3.057
2.797
2.735
3.085
2.821
2.951
2.944
2.898
2.8760000000000003
3.035
2.96
3.364
2.773
2.923
2.519
2.776
3.1910000000000003
3.208
2.907
2.9360000000000004
3.128
2.737
3.01
3.158
3.014
2.957
2.7110000000000003
3.278
2.897
3.132
2.927
2.756
3.137
3.1060000000000003
3.1710000000000003
2.986
3.023
3.045
3.072
2.922
3.434
2.799
2.715
3.355
2.732
3.105
3.037
3.105
3.256
3.276
2.693
3.1660000000000004
2.785
3.139
2.977
2.937
3.033
3.092
3.0410000000000004
3.0660000000000003
2.795
2.551
2.951
2.72
2.907
3.383
2.805
3.417
2.886
2.8560000000000003
2.793
2.988
3.115
3.045
3.1630000000000003
2.86
2.9760000000000004
3.2110000000000003
2.9960000000000004
2.748
3.065
2.7880000000000003
2.737
2.795
3.039
3.1210000000000004
3.417
3.055
3.509
3.12
2.6860000000000004
2.6830000000000003
3.094
2.779
2.837
2.9810000000000003
2.879
2.748
3.315
3.189
2.617
2.97
3.3680000000000003
2.844
2.95
2.9730000000000003
2.761
3.1210000000000004
3.185
3.167
2.924
2.924
3.247
3.366
2.738
3.155
3.4130000000000003
3.074
2.768
2.82
2.798
3.03
2.93
3.0860000000000003
2.8110000000000004
2.8960000000000004
2.793
2.719
2.897
3.217
3.31
2.8110000000000004
2.903
3.188
2.869
3.247
2.924
3.051
3.077
2.787
2.874
2.7260000000000004
3.04
2.617
3.2460000000000004
2.8760000000000003
2.895
2.995
2.792
3.014
2.804
2.673
2.963
2.657
3.124
3.029
2.846
2.954
2.466
2.9810000000000003
2.891
2.834
2.727
3.3160000000000003
2.596
3.002
3.135
2.975
2.978
3.084
2.659
3.113
2.7910000000000004
3.099
2.942
3.19
2.652
2.997
2.81
2.56
2.76
3.109
2.7260000000000004
3.053
2.787
3.067
2.76
2.6710000000000003
2.962
3.294
3.082
2.779
3.108
3.099
3.1910000000000003
3.284
3.006
2.943
2.969
3.201
3.241
2.985
2.93
2.647
3.1910000000000003
2.759
2.9130000000000003
2.675
3.073
2.988
2.741
3.119
2.968
2.838
2.786
2.8480000000000003
2.857
2.592
3.007
2.994
2.629
2.7430000000000003
2.946
3.531
3.0810000000000004
3.138
2.969
2.674
3.051
2.77
3.188
3.015
3.423
3.408
3.252
2.384
2.75
3.135
3.367
3.033
2.874
2.877
2.883
3.0010000000000003
3.002
3.0980000000000003
3.019
3.124
3.142
2.714
2.978
2.905
3.131
2.82
2.9410000000000003
3.306
2.92
2.937
3.1010000000000004
2.784
2.859
3.062
2.712
3.205
2.9
3.067
2.874
2.912
2.665
2.719
3.378
3.209
2.3680000000000003
3.027
3.304
2.521
3.074
2.98
