2.552
2.7060000000000004
2.776
2.5340000000000003
2.928
2.8710000000000004
2.557
1.587
2.659
2.78
2.819
2.461
2.707
2.9210000000000003
2.9960000000000004
2.904
2.408
2.819
2.83
2.5
2.324
2.454
2.5810000000000004
2.695
2.802
2.807
2.643
2.715
2.914
2.71
2.629
2.716
2.627
2.511
2.696
2.81
2.623
2.615
2.874
2.648
2.7430000000000003
2.899
2.597
2.798
2.88
2.838
2.852
2.714
2.608
2.652
2.713
2.745
2.794
2.929
2.436
2.875
2.668
2.495
2.679
2.889
2.759
2.893
2.7430000000000003
2.548
2.9130000000000003
2.427
2.755
2.675
2.888
2.687
2.363
2.366
3.042
2.7960000000000003
2.72
2.511
2.8
2.599
2.752
2.772
3.0010000000000003
2.902
2.397
3.174
2.662
2.388
2.552
2.359
2.613
2.62
2.998
2.877
2.492
2.9160000000000004
2.732
2.838
2.318
2.478
2.627
2.696
2.73
2.69
2.628
2.56
2.694
2.79
2.817
2.7230000000000003
2.72
2.957
2.749
2.763
2.742
2.653
2.712
2.583
2.753
2.559
2.3
2.938
2.656
2.65
2.754
2.754
2.634
2.669
2.773
2.806
2.507
2.762
2.758
2.756
2.657
2.559
2.705
2.765
2.904
2.315
2.563
2.7310000000000003
2.772
2.672
2.813
2.709
2.759
2.435
2.764
2.649
2.389
2.673
2.719
2.783
2.499
2.739
2.377
2.64
2.862
2.571
2.7460000000000004
2.7960000000000003
2.8760000000000003
2.758
2.542
2.878
2.797
2.879
2.227
2.854
2.673
2.65
2.765
2.867
2.763
2.801
2.504
2.613
2.696
2.695
2.498
2.657
2.434
2.839
2.756
2.763
2.769
2.693
2.619
2.718
2.7030000000000003
2.705
2.5380000000000003
2.4090000000000003
2.818
2.7110000000000003
2.701
2.805
2.754
2.695
2.436
2.482
2.786
2.866
2.494
2.937
2.597
2.702
2.7310000000000003
2.827
2.5980000000000003
2.55
2.893
2.875
2.506
2.721
2.749
2.531
2.9330000000000003
2.947
2.6910000000000003
2.573
2.7910000000000004
2.693
2.893
2.779
2.658
2.476
2.767
2.758
2.514
2.7260000000000004
2.8310000000000004
2.98
2.768
2.899
2.634
2.77
2.843
2.353
2.781
2.712
2.901
2.541
2.748
2.922
2.7110000000000003
2.74
2.336
2.946
2.8280000000000003
2.899
2.814
3.044
2.922
2.944
2.449
2.766
2.822
2.708
2.739
2.528
2.555
2.835
2.501
2.648
2.774
2.857
2.665
2.728
2.761
2.969
2.827
2.853
2.829
2.898
2.87
2.306
2.369
2.768
2.278
2.696
2.877
2.827
2.643
2.867
2.622
2.588
2.644
2.532
3.032
2.6
2.685
2.725
2.43
2.925
2.688
2.572
3.011
2.95
2.89
2.7460000000000004
2.737
2.73
2.444
2.342
2.7510000000000003
2.833
2.605
2.672
2.6830000000000003
2.495
2.682
2.7260000000000004
2.784
2.569
2.733
2.96
2.821
2.768
2.764
3.071
2.736
2.609
2.779
2.401
2.591
3.033
2.932
2.6210000000000004
2.6260000000000003
2.466
2.423
2.497
2.739
3.071
2.477
2.486
2.694
2.407
2.762
2.924
2.584
2.615
2.22
2.834
2.797
2.763
2.382
2.9530000000000003
2.587
2.489
2.798
2.53
2.87
2.631
2.676
2.862
2.763
2.693
2.39
2.833
2.739
2.651
2.479
2.75
2.665
2.939
2.517
2.638
2.466
2.955
2.635
2.825
2.9210000000000003
2.917
2.657
2.485
2.81
2.806
2.8310000000000004
2.717
2.72
2.552
2.669
2.899
2.99
2.844
2.793
2.775
2.651
2.765
2.894
2.557
2.57
2.885
2.89
2.677
2.874
2.489
2.531
2.316
2.374
2.701
2.5540000000000003
2.768
2.755
2.41
2.664
3.0610000000000004
2.338
2.805
2.526
2.794
2.548
2.8960000000000004
2.948
2.567
3.1460000000000004
2.602
2.798
2.556
2.65
2.767
2.6910000000000003
2.73
2.679
2.697
2.845
2.68
2.772
2.537
2.668
2.446
2.557
2.399
3.006
2.6710000000000003
2.827
2.736
2.7110000000000003
2.673
2.702
2.897
2.915
2.576
2.82
2.7910000000000004
2.57
2.795
2.891
2.761
2.709
2.813
2.394
2.577
2.712
2.712
2.8110000000000004
2.65
2.906
2.496
2.7880000000000003
2.954
