2.977
2.9560000000000004
2.707
2.694
2.798
2.875
2.882
2.92
2.963
2.714
2.5
2.737
2.768
2.7880000000000003
2.918
2.733
2.823
2.758
2.932
2.947
2.891
2.827
2.702
2.931
2.9760000000000004
2.444
2.7260000000000004
2.8560000000000003
3.062
2.84
2.862
2.786
2.732
2.893
2.923
3.2230000000000003
2.829
2.563
2.718
2.8160000000000003
2.954
2.869
2.885
3.0780000000000003
3.014
2.999
2.923
2.799
3.05
2.717
2.752
2.875
3.008
2.943
2.674
2.794
2.8280000000000003
3.016
3.027
2.653
2.832
2.893
2.807
2.928
2.87
2.893
2.765
2.652
3.108
2.9
2.772
2.858
2.9530000000000003
2.96
3.026
3.033
2.984
2.963
2.939
2.885
2.644
2.7110000000000003
3.082
2.985
2.957
2.822
2.819
2.928
3.04
2.8760000000000003
2.877
2.91
2.9130000000000003
2.826
2.9410000000000003
2.846
2.8560000000000003
2.766
2.838
2.873
2.845
2.908
2.7960000000000003
2.849
3.016
2.128
3.0810000000000004
2.8480000000000003
2.803
2.735
2.596
2.98
2.97
3.003
2.361
2.821
2.86
2.708
3.0780000000000003
2.942
2.946
2.71
3.1660000000000004
2.715
2.742
2.932
3.01
2.908
2.873
2.988
2.845
3.148
2.922
2.772
2.577
2.717
2.999
2.814
2.754
3.22
2.843
2.774
2.528
2.7310000000000003
2.768
2.719
2.982
2.717
2.784
2.685
3.007
2.883
2.865
2.763
2.958
2.7880000000000003
2.7230000000000003
3.032
2.853
2.812
2.931
2.801
3.024
2.888
2.719
3.087
2.9130000000000003
2.983
3.054
2.769
2.692
2.946
3.026
2.93
2.898
2.838
2.719
2.9210000000000003
2.931
2.714
3.133
2.536
2.752
2.998
2.93
2.965
2.917
2.884
3.043
2.922
2.861
2.942
2.91
2.8960000000000004
2.759
2.881
2.735
3.059
2.7960000000000003
2.742
3.014
3.017
2.937
2.867
2.8680000000000003
2.829
2.967
3.0210000000000004
2.864
2.852
2.859
2.849
2.932
2.874
2.983
2.782
2.926
2.888
2.898
3.065
2.844
2.898
2.891
2.9
2.7910000000000004
3.111
2.909
2.782
2.9130000000000003
2.8160000000000003
2.99
2.7880000000000003
2.8560000000000003
2.891
2.918
2.929
2.972
2.8960000000000004
2.795
2.501
3.0410000000000004
2.829
2.728
2.919
2.732
2.882
2.8960000000000004
2.705
3.015
2.945
2.813
2.882
3.014
2.922
2.867
2.839
2.909
2.605
2.825
2.672
2.826
2.855
2.862
2.779
2.735
2.76
2.798
2.651
3.035
2.572
2.85
2.878
2.843
2.799
2.794
3.006
3.137
2.587
2.8710000000000004
2.922
3.012
3.069
2.8480000000000003
3.044
2.931
2.986
2.599
2.744
2.86
2.997
2.846
2.815
2.834
2.857
2.8
2.769
2.845
2.891
2.9610000000000003
2.694
2.884
2.744
3.003
2.881
2.802
2.9560000000000004
2.651
2.8160000000000003
2.648
2.8960000000000004
2.6910000000000003
2.884
2.874
3.083
2.657
2.637
2.707
2.947
2.893
2.7510000000000003
3.012
2.992
3.065
2.859
2.944
2.895
2.778
2.735
2.777
2.779
2.87
2.8310000000000004
2.874
2.883
2.882
2.899
2.742
2.952
2.71
2.8280000000000003
2.962
2.766
2.806
2.879
3.05
2.904
2.742
2.787
2.874
2.662
2.928
2.878
2.789
2.715
2.782
2.797
2.629
2.8480000000000003
2.774
2.729
2.827
2.803
2.795
3.051
2.845
3.0
2.878
2.694
2.712
2.605
2.774
3.097
2.571
2.846
2.974
2.846
2.875
2.503
3.018
2.9530000000000003
2.9
2.9560000000000004
2.756
2.92
2.9330000000000003
3.1260000000000003
2.865
2.629
2.9330000000000003
2.812
2.935
2.887
2.863
2.9360000000000004
3.029
3.14
3.049
3.015
2.886
2.934
2.852
2.927
2.842
2.524
2.689
2.798
3.036
2.904
2.852
2.97
3.01
2.818
2.929
2.9130000000000003
2.698
3.167
2.887
2.863
3.0
2.835
3.122
2.793
2.875
2.632
2.967
2.693
2.878
2.971
2.81
2.9760000000000004
3.052
2.935
2.659
2.92
3.0780000000000003
2.897
2.943
3.363
2.792
2.81
2.906
2.801
2.894
3.055
2.911
2.96
2.895
2.748
2.834
3.047
2.786
2.773
3.0610000000000004
2.778
3.033
2.9730000000000003
2.781
2.884
2.8310000000000004
2.975
2.963
3.1060000000000003
2.9530000000000003
2.983
2.825
2.885
2.852
3.018
2.966
2.971
2.999
2.793
2.917
2.854
2.901
2.7430000000000003
2.884
2.834
2.9610000000000003
2.852
3.055
2.99
2.93
2.9410000000000003
2.959
3.088
2.972
2.698
2.501
2.937
2.789
2.821
2.852
2.806
2.757
3.182
2.714
2.986
3.017
2.778
2.9760000000000004
2.909
2.889
2.7960000000000003
3.014
2.749
2.95
2.893
2.8680000000000003
2.75
2.7880000000000003
2.698
2.954
2.744
2.822
2.782
2.9210000000000003
2.785
2.898
3.013
2.842
3.11
2.754
2.803
2.789
2.841
2.887
2.782
2.985
2.725
2.427
2.802
2.6910000000000003
3.025
3.097
2.619
2.888
2.963
3.107
3.034
2.9610000000000003
2.787
2.599
2.977
2.884
2.997
2.91
2.777
2.852
2.881
2.948
2.881
2.944
2.8710000000000004
2.787
2.855
2.74
2.903
2.925
2.88
2.938
2.911
2.9330000000000003
2.886
2.755
2.895
2.754
3.017
3.012
2.7460000000000004
2.865
2.488
2.85
2.931
2.7260000000000004
2.745
2.8760000000000003
2.895
2.773
2.59
3.168
2.892
3.043
2.9410000000000003
2.722
2.823
2.8710000000000004
2.891
2.9610000000000003
2.969
2.785
2.862
2.634
2.5340000000000003
2.768
2.855
2.754
3.071
2.979
2.8280000000000003
3.022
2.689
2.752
2.835
2.58
2.978
2.947
2.901
2.8280000000000003
2.898
2.477
2.813
3.089
2.77
2.557
3.023
2.783
2.939
2.873
2.854
2.887
3.201
3.006
2.987
2.949
2.901
2.86
2.899
2.793
2.677
2.9
2.7230000000000003
2.834
2.752
2.924
2.656
2.5780000000000003
2.866
3.072
2.793
2.918
2.886
3.0810000000000004
2.972
2.794
2.919
2.844
2.926
2.99
3.0580000000000003
2.74
2.947
2.881
2.855
2.935
2.7460000000000004
2.915
2.974
2.575
2.88
2.6010000000000004
2.839
2.804
2.797
3.102
2.915
2.775
2.7710000000000004
3.069
2.68
2.809
2.823
3.059
3.117
2.904
2.79
2.971
2.786
3.012
2.969
2.9810000000000003
2.825
2.827
2.895
2.6910000000000003
3.08
2.99
2.849
2.641
2.841
2.782
2.8160000000000003
2.69
2.741
2.878
2.766
2.756
2.839
3.031
2.994
2.76
3.037
2.747
3.08
2.7510000000000003
2.869
3.0580000000000003
2.521
2.878
2.861
2.943
2.885
2.762
2.712
2.912
2.826
2.971
2.767
2.367
2.757
3.26
2.6860000000000004
2.623
2.846
2.879
3.012
2.787
2.709
3.035
2.833
2.838
2.684
2.9810000000000003
3.0660000000000003
2.929
2.758
2.754
2.7910000000000004
3.04
2.596
2.7060000000000004
3.073
3.036
2.97
2.9810000000000003
2.878
3.037
3.077
2.758
2.89
2.866
3.188
3.017
2.8280000000000003
3.17
2.954
2.894
3.026
2.825
3.059
3.018
2.59
2.968
2.89
2.8960000000000004
2.719
2.982
2.552
2.824
2.7310000000000003
2.8510000000000004
2.89
2.852
2.704
2.875
2.909
2.942
2.861
2.925
2.835
2.295
3.037
3.073
2.7710000000000004
2.817
2.908
2.975
2.959
2.943
2.714
2.515
2.902
2.623
2.733
2.783
2.964
2.905
2.962
2.799
2.988
2.995
2.872
2.864
3.0210000000000004
2.957
2.946
2.852
2.8680000000000003
2.342
3.013
3.105
2.809
2.7880000000000003
2.866
2.999
2.154
2.902
2.899
2.766
2.992
2.74
3.181
2.835
2.806
3.016
3.005
2.635
2.974
2.5810000000000004
2.8510000000000004
3.006
2.76
2.887
3.031
2.966
2.728
2.988
2.838
2.825
2.943
2.909
2.897
3.0810000000000004
2.9560000000000004
2.822
2.889
2.924
2.974
2.972
2.712
2.912
3.007
2.817
2.763
3.047
2.92
2.593
3.1060000000000003
2.971
2.962
2.915
2.211
2.84
2.901
2.839
2.718
2.912
2.795
3.14
2.986
2.98
2.689
2.897
2.785
2.9360000000000004
2.779
2.995
3.027
3.027
2.928
2.965
2.864
2.955
2.867
3.1060000000000003
2.41
3.024
2.157
2.857
2.865
3.214
2.929
2.7260000000000004
3.0210000000000004
2.965
3.007
2.844
2.826
2.49
2.785
2.833
2.957
2.935
3.049
2.912
2.861
2.9330000000000003
2.85
2.82
2.965
2.951
2.8710000000000004
2.874
3.214
2.991
2.852
3.089
2.944
2.889
2.843
3.069
3.167
2.832
2.736
2.885
2.881
2.861
2.898
2.614
2.823
2.972
3.067
3.005
2.939
3.0780000000000003
3.082
2.947
2.81
2.93
2.983
2.864
3.073
2.783
2.83
2.717
2.8760000000000003
2.969
2.852
2.841
2.954
3.115
2.781
2.9960000000000004
2.767
3.051
2.782
2.857
3.009
2.857
2.8360000000000003
2.979
3.045
2.942
3.035
2.911
2.775
2.97
2.897
3.007
2.785
2.982
2.759
2.78
2.9610000000000003
2.813
2.9730000000000003
2.954
2.912
2.687
2.895
2.879
2.7910000000000004
2.919
2.915
2.9360000000000004
2.935
2.693
2.84
3.077
2.857
3.141
3.068
2.914
3.116
2.987
2.924
2.8110000000000004
2.823
2.59
3.015
2.741
2.96
2.844
2.915
2.707
2.975
2.847
2.889
2.907
3.072
3.054
2.446
2.785
2.834
2.813
2.859
2.708
3.111
2.75
2.782
2.8480000000000003
2.948
3.244
2.983
2.575
2.881
2.869
2.733
2.922
3.039
2.813
2.918
2.94
2.907
2.8680000000000003
2.971
2.6860000000000004
2.854
2.899
2.869
2.295
2.905
2.842
2.904
2.77
3.074
3.0010000000000003
2.8480000000000003
2.609
2.93
2.955
2.893
2.826
3.132
2.764
2.869
2.825
2.821
2.82
3.004
2.937
2.897
2.96
3.035
2.945
2.768
2.7510000000000003
2.927
2.8280000000000003
2.925
2.945
2.747
2.654
2.907
3.006
3.132
2.959
2.864
2.9610000000000003
2.977
2.878
2.89
2.769
2.866
2.9210000000000003
2.649
2.983
2.548
2.957
2.863
2.722
2.833
2.943
2.951
2.946
2.7310000000000003
2.923
3.0
2.804
2.657
3.027
2.899
2.839
2.678
3.0210000000000004
2.991
2.911
2.893
2.902
2.75
3.103
2.9610000000000003
2.839
2.875
2.9760000000000004
3.0
2.925
2.8360000000000003
2.864
2.954
3.015
3.016
2.955
3.062
2.91
2.888
2.9560000000000004
2.809
2.914
2.9530000000000003
2.86
2.914
2.9160000000000004
2.698
3.048
2.912
2.984
3.007
2.905
2.867
2.833
3.073
2.975
2.925
2.656
2.926
3.022
2.844
2.799
2.91
2.91
2.98
3.032
2.9
2.777
2.887
2.895
2.952
2.82
2.873
2.809
2.914
3.0610000000000004
2.665
2.684
3.0810000000000004
3.01
2.898
2.8710000000000004
2.8960000000000004
2.88
2.967
2.767
2.997
2.9530000000000003
2.94
2.971
3.01
2.7710000000000004
2.705
2.835
2.944
2.958
2.709
2.879
2.948
2.661
2.893
2.797
2.895
2.801
2.962
2.669
2.965
2.9560000000000004
2.7880000000000003
2.776
2.862
2.988
2.78
2.957
2.991
2.879
2.923
2.939
2.8680000000000003
2.965
2.614
3.067
2.9
2.794
2.925
2.67
2.812
2.8
2.834
3.115
2.9810000000000003
3.0210000000000004
2.947
2.697
2.9730000000000003
2.849
2.9360000000000004
2.708
3.036
2.901
2.942
3.049
2.804
2.87
2.877
2.638
2.929
2.9330000000000003
2.756
2.905
2.903
2.979
3.062
2.8110000000000004
2.817
2.915
2.633
2.9760000000000004
2.719
2.8710000000000004
2.9330000000000003
2.6260000000000003
2.611
2.7260000000000004
2.951
2.685
2.803
2.937
2.8080000000000003
2.957
3.062
2.922
2.884
2.964
2.692
3.054
2.866
2.8960000000000004
2.738
3.0010000000000003
2.91
2.965
3.157
2.846
2.49
2.894
2.972
2.844
2.857
2.948
2.7910000000000004
2.883
2.9530000000000003
2.979
2.984
2.935
2.8680000000000003
2.909
2.9810000000000003
2.974
2.8
3.063
2.571
2.895
2.855
2.843
2.727
2.939
2.928
2.887
3.028
2.8280000000000003
3.023
2.89
3.0010000000000003
2.676
2.82
2.74
2.634
2.774
3.0010000000000003
2.932
2.949
2.775
2.807
2.8680000000000003
2.959
2.935
3.053
3.003
2.7030000000000003
2.849
2.914
3.017
2.757
2.884
2.793
2.9930000000000003
2.904
2.861
2.76
2.7030000000000003
2.873
2.844
2.969
2.727
2.99
2.9960000000000004
2.75
2.8510000000000004
2.982
2.759
2.767
2.886
2.594
2.783
3.0010000000000003
2.947
2.853
3.088
2.792
2.96
3.011
2.917
2.8160000000000003
2.894
2.853
2.9730000000000003
3.0
2.858
2.864
3.1
2.935
2.776
2.998
2.9330000000000003
3.034
2.844
2.9730000000000003
2.9530000000000003
2.056
2.98
2.991
2.971
2.7960000000000003
2.911
2.6860000000000004
2.713
2.863
2.9360000000000004
3.002
2.827
3.031
3.042
2.967
2.668
2.688
2.907
2.959
2.863
2.918
2.93
2.867
2.91
2.857
2.88
2.672
2.982
2.75
2.884
2.96
2.958
2.803
2.843
2.769
2.74
2.853
2.899
2.6630000000000003
2.985
2.718
2.906
2.7960000000000003
2.785
3.016
2.938
2.728
2.93
3.111
3.044
2.9610000000000003
2.736
2.96
3.03
3.047
2.928
2.888
2.794
2.681
2.877
2.839
2.967
3.093
2.9960000000000004
2.963
3.037
3.017
2.96
2.975
2.71
3.022
2.647
2.891
2.694
2.883
2.697
3.053
2.616
2.765
2.841
2.8960000000000004
2.861
2.955
2.889
2.648
2.516
2.957
2.92
3.031
2.7260000000000004
3.0010000000000003
2.908
2.997
2.853
2.82
3.129
3.13
2.931
3.013
2.629
2.698
2.84
2.919
2.861
2.926
2.886
2.925
2.785
3.083
2.801
2.8080000000000003
2.924
3.035
3.047
2.815
2.942
2.756
2.57
2.924
2.954
2.781
2.784
2.767
3.02
2.827
2.8480000000000003
3.016
2.761
2.764
3.054
2.9810000000000003
2.9530000000000003
3.06
2.7880000000000003
3.082
2.918
2.76
2.985
2.83
2.745
3.189
2.8710000000000004
3.149
2.739
2.763
2.932
2.825
2.955
2.912
2.615
2.857
2.858
2.826
2.914
2.8560000000000003
2.765
2.702
2.906
3.029
2.734
2.637
2.937
2.909
2.612
2.605
2.878
2.985
2.801
2.79
2.895
2.9330000000000003
2.764
2.932
2.765
2.8310000000000004
2.841
3.2
2.847
2.888
2.814
2.716
2.847
2.882
2.987
2.778
2.983
2.912
3.032
3.1
2.752
2.794
2.991
2.98
2.7030000000000003
3.059
2.948
2.9730000000000003
2.286
2.9130000000000003
2.949
2.878
2.809
2.957
2.822
2.905
2.825
2.867
2.902
2.964
2.819
3.016
2.997
2.889
2.5780000000000003
1.903
2.902
3.1630000000000003
3.192
2.915
2.9
2.951
2.978
2.987
2.857
2.91
2.978
2.812
2.849
2.897
2.707
3.074
3.132
2.833
2.781
2.929
2.864
2.978
2.832
3.034
2.926
2.8360000000000003
2.76
2.948
2.917
2.891
2.838
2.874
2.987
2.716
2.803
2.664
2.7060000000000004
2.943
2.952
2.858
2.899
2.8480000000000003
2.991
2.874
2.85
2.719
2.696
2.992
3.18
2.854
3.031
3.042
2.929
2.782
2.93
3.095
2.825
2.995
3.013
3.04
2.815
2.975
2.885
2.957
2.967
2.727
2.983
2.7260000000000004
3.029
3.009
3.064
2.901
2.611
2.767
2.826
3.039
3.06
2.708
2.937
2.631
2.847
2.857
2.638
2.787
2.983
2.999
2.766
2.739
2.778
2.767
2.815
2.841
2.89
2.972
2.892
2.8110000000000004
3.25
2.8480000000000003
2.979
2.8710000000000004
3.04
3.012
2.869
2.709
2.8760000000000003
2.637
2.599
3.1060000000000003
3.003
2.927
2.932
2.77
3.069
2.969
2.898
2.903
3.035
2.899
2.858
2.939
2.6210000000000004
2.959
2.9360000000000004
2.661
2.96
2.939
2.235
2.75
2.468
2.963
2.759
2.655
2.841
2.907
2.814
2.658
2.946
2.797
3.0010000000000003
2.756
3.282
2.974
2.845
3.006
2.738
2.567
2.736
2.815
2.799
2.866
2.978
2.718
3.132
2.942
2.776
2.865
2.904
3.0
2.749
2.8510000000000004
3.082
2.924
2.807
2.78
2.959
2.982
2.843
3.042
2.884
2.7960000000000003
2.819
3.0010000000000003
2.986
2.7460000000000004
2.891
2.804
2.749
3.067
2.786
2.943
2.861
2.855
2.6660000000000004
2.9210000000000003
2.643
2.846
3.132
2.835
2.869
2.891
2.81
2.9160000000000004
2.883
2.898
2.966
2.57
3.012
2.897
2.906
2.95
2.835
2.9130000000000003
2.51
3.017
2.806
2.681
2.8680000000000003
2.922
2.983
3.013
2.99
3.016
2.857
2.902
2.641
2.8960000000000004
2.766
2.73
2.984
2.907
2.932
2.9
2.931
2.882
2.962
2.7880000000000003
2.821
3.039
2.86
2.762
2.704
2.6660000000000004
3.047
3.012
2.948
2.81
2.954
2.95
2.58
2.636
3.075
2.977
2.917
2.873
2.736
2.9810000000000003
2.9960000000000004
1.847
2.972
2.859
2.935
2.957
2.878
2.901
2.893
2.971
2.908
2.927
2.872
3.044
2.807
2.8960000000000004
