1.873
2.265
2.352
2.127
2.359
2.3080000000000003
2.382
1.4469999999999998
2.277
2.086
2.302
2.222
2.063
2.4930000000000003
2.442
2.42
2.08
2.224
2.126
2.074
2.253
2.031
2.3080000000000003
2.22
2.317
2.281
2.182
2.263
2.276
2.342
2.128
2.264
2.138
2.133
2.017
2.467
2.047
2.458
2.276
2.306
2.232
2.204
2.16
2.422
2.65
2.314
2.408
2.272
2.248
2.041
2.277
2.465
2.339
2.351
1.976
2.483
2.289
2.157
2.577
2.237
2.476
2.313
2.132
2.109
2.367
2.152
2.424
2.177
2.6460000000000004
2.2840000000000003
2.007
2.136
2.37
2.139
2.426
2.208
2.29
2.22
2.372
2.293
2.428
2.404
2.229
2.504
2.185
1.937
1.994
2.2230000000000003
2.323
2.322
2.363
2.472
2.27
2.289
2.213
2.283
2.01
2.339
2.25
2.18
2.241
2.248
2.172
2.181
2.187
2.21
2.165
2.278
2.158
2.451
2.383
2.202
2.316
2.353
2.2230000000000003
2.151
2.176
2.279
2.244
2.016
2.2840000000000003
2.144
2.28
2.104
2.193
2.376
2.213
2.4090000000000003
2.063
2.23
2.137
2.236
2.134
2.43
2.18
2.094
2.315
2.02
2.372
2.209
2.208
2.142
2.309
2.175
2.312
2.082
2.227
2.191
2.16
2.117
2.344
2.059
2.187
2.337
1.879
2.293
2.407
2.028
2.4530000000000003
2.279
2.283
2.26
2.148
2.54
2.2430000000000003
2.464
1.972
2.158
2.236
2.269
2.287
2.469
2.29
2.274
2.414
2.346
2.232
2.227
2.02
2.321
2.149
2.302
2.23
1.912
2.317
2.041
2.089
2.154
2.346
2.467
2.123
1.923
2.082
2.051
2.384
2.349
2.474
2.1630000000000003
1.932
2.16
2.298
2.253
2.255
2.407
2.077
2.333
2.27
2.214
2.181
2.13
2.321
2.349
2.131
2.046
2.224
2.277
2.27
2.113
2.039
2.218
2.238
2.174
2.515
2.395
2.294
2.176
1.982
2.182
2.353
2.057
2.17
2.354
2.207
2.2880000000000003
2.325
2.178
2.391
1.975
2.302
2.0380000000000003
2.319
2.242
2.181
2.303
2.201
2.379
2.167
2.267
2.312
2.361
2.09
2.39
2.192
2.398
2.21
2.513
2.235
2.169
2.335
2.351
2.14
2.315
2.067
2.262
2.394
2.1630000000000003
2.297
2.177
2.172
2.325
2.381
2.22
2.407
2.1790000000000003
2.543
2.591
2.119
2.345
2.063
2.209
2.391
2.38
2.254
2.151
2.2230000000000003
2.085
2.552
2.272
2.485
1.693
2.222
2.184
2.43
2.286
2.228
2.084
2.31
2.077
2.261
2.445
2.387
2.344
2.186
1.97
2.2840000000000003
2.222
2.305
2.545
2.295
2.152
2.238
2.341
2.32
2.266
2.399
2.326
2.296
2.339
2.2230000000000003
2.5380000000000003
2.3280000000000003
2.066
2.343
2.1630000000000003
2.039
2.489
2.375
2.263
2.143
1.874
1.91
2.2840000000000003
2.09
2.539
2.276
2.22
2.188
2.282
2.362
2.355
2.282
2.231
1.914
2.405
2.376
2.11
1.9
2.408
2.167
2.182
2.267
2.228
2.4290000000000003
2.013
2.152
2.311
2.357
2.197
2.286
2.38
1.997
2.171
2.031
2.39
2.385
2.298
2.142
2.209
2.045
2.19
2.389
2.32
2.452
2.212
2.294
2.126
2.234
2.2230000000000003
2.277
2.27
2.438
1.994
2.224
2.269
2.416
2.292
2.3480000000000003
2.133
2.224
2.297
2.363
2.432
2.336
2.401
2.349
2.103
2.333
1.874
2.371
2.171
2.199
2.085
2.259
2.138
2.283
2.227
2.2030000000000003
2.522
1.964
2.4730000000000003
2.286
2.18
2.158
2.355
2.313
2.2230000000000003
2.447
2.307
2.295
2.351
2.247
2.2230000000000003
2.512
2.34
2.263
2.261
2.236
2.088
2.053
2.091
2.279
1.816
2.0980000000000003
2.07
2.1830000000000003
2.264
2.22
2.256
2.4330000000000003
2.3280000000000003
2.294
2.461
2.234
2.084
2.336
2.061
2.197
2.286
2.438
2.333
2.272
2.436
2.119
2.147
2.201
2.153
2.225
2.316
2.406
2.143
2.196
2.364
