3.449
3.933
3.065
3.702
3.769
3.933
3.358
2.971
3.756
3.167
3.703
3.306
3.616
3.78
3.564
3.868
3.596
3.806
2.979
3.408
4.012
3.365
4.092
4.032
4.042
3.1210000000000004
3.272
3.364
3.915
3.599
3.4210000000000003
3.141
3.851
3.859
3.326
3.8
4.123
3.72
3.108
3.395
3.492
3.555
3.457
4.0360000000000005
3.339
4.466
3.4360000000000004
3.364
3.213
3.486
3.083
3.61
3.305
3.389
3.216
4.1930000000000005
3.633
4.202
3.547
3.247
3.64
3.51
3.035
3.777
3.079
3.39
3.882
3.634
3.593
3.878
3.845
3.624
3.462
3.856
3.442
3.3310000000000004
3.227
3.838
3.817
4.277
3.033
2.628
3.934
3.517
4.2860000000000005
3.615
3.193
3.4530000000000003
3.602
3.967
3.0610000000000004
3.684
3.519
3.509
3.531
3.915
4.009
3.635
3.252
3.595
4.456
3.969
3.364
3.4160000000000004
3.678
2.837
3.468
4.0539999999999985
3.325
3.352
3.45
3.475
3.263
3.933
4.256
3.412
3.459
3.2
4.135
4.03
3.594
3.216
3.953
3.128
3.38
3.343
3.36
3.148
3.895
3.673
3.83
3.245
3.912
3.813
3.52
3.574
4.376
3.292
3.485
3.345
3.2060000000000004
3.329
3.2260000000000004
3.184
3.551
2.841
3.2880000000000003
3.78
3.233
4.226
3.349
4.049
3.273
3.342
3.856
3.752
2.756
4.113
3.876
3.892
3.1710000000000003
3.963
3.829
4.121
3.37
3.023
3.816
4.26
4.154
3.652
3.502
3.607
3.637
3.565
3.499
2.932
3.18
3.983
3.405
3.3480000000000003
3.11
3.991
4.101
4.039
3.173
3.34
3.435
4.138
3.62
3.878
3.703
4.03
4.194
4.074
3.567
3.615
3.834
4.128
3.267
3.09
3.386
4.075
3.221
3.407
3.903
3.5980000000000003
3.591
3.272
3.339
4.01
4.056
3.796
4.115
3.043
3.689
3.888
3.565
3.5
3.651
3.479
3.723
3.38
3.657
3.477
3.301
3.84
3.51
3.747
4.317
3.87
3.939
3.0380000000000003
3.621
3.326
3.71
3.014
3.79
3.5780000000000003
3.1630000000000003
4.144
4.225
3.55
3.249
3.592
3.492
3.711
3.503
3.091
4.118
3.093
3.886
3.295
3.886
3.539
3.738
3.287
3.596
3.621
3.451
3.026
4.337
3.2880000000000003
3.444
3.149
3.364
3.676
3.657
3.2260000000000004
3.835
3.714
3.894
4.146
3.683
3.795
3.886
3.499
3.5580000000000003
3.193
3.315
3.0780000000000003
3.859
3.899
3.804
3.73
3.781
3.802
3.261
3.388
3.548
3.611
3.193
3.403
3.742
3.686
3.141
3.73
3.29
3.592
3.845
3.629
3.487
3.866
3.747
4.064
3.3
3.852
3.4610000000000003
4.38
3.629
3.636
3.553
3.611
3.469
3.953
3.5010000000000003
3.685
3.724
3.836
3.619
3.974
4.101
3.787
3.269
3.334
3.801
3.14
3.692
3.194
3.4760000000000004
3.324
4.03
3.665
3.772
3.676
4.02
3.817
3.885
3.412
3.651
3.869
3.202
3.671
3.237
3.393
4.28
3.776
2.8280000000000003
3.961
2.995
3.76
3.57
3.576
3.665
3.407
3.334
3.78
3.998
3.25
3.379
3.798
3.327
3.602
3.432
4.274
3.83
3.924
3.835
3.751
3.741
3.4360000000000004
3.509
3.545
3.232
3.665
3.531
3.98
3.468
2.8680000000000003
3.219
3.344
3.836
3.718
3.742
3.4760000000000004
3.726
3.685
3.666
3.25
2.7960000000000003
3.706
3.657
3.248
3.88
3.736
3.859
3.905
3.352
4.338
3.428
3.998
3.378
3.279
3.741
3.438
3.405
3.1630000000000003
4.056
4.045
3.879
3.09
2.983
3.826
3.981
3.904
3.465
4.252
3.812
3.638
3.89
3.725
3.783
4.346
3.507
3.144
3.701
3.587
3.5780000000000003
3.807
4.086
3.205
4.04
3.463
3.806
3.777
3.871
4.593
3.761
4.468
3.763
3.448
3.559
3.683
3.516
3.479
3.76
3.957
3.268
3.252
3.614
3.62
3.682
3.725
3.891
3.714
3.406
2.837
2.912
3.92
3.233
3.999
3.748
4.291
3.12
3.807
3.726
4.597
4.22
4.003
3.748
3.99
4.231
3.726
3.596
3.7
3.913
3.287
3.4560000000000004
3.903
3.867
3.915
3.4810000000000003
3.155
3.666
3.553
3.498
4.115
3.462
3.26
4.144
3.736
3.719
3.359
3.494
3.303
2.938
3.931
3.135
3.7
3.504
3.901
3.643
2.932
2.9610000000000003
3.495
3.26
3.863
3.687
3.18
3.863
3.406
3.869
3.715
3.41
3.613
3.134
3.3960000000000004
3.125
4.077
3.235
3.426
3.54
3.792
3.575
3.977
3.515
3.827
3.56
3.851
3.717
3.688
3.359
3.503
3.608
3.551
3.825
3.2230000000000003
3.531
3.337
3.785
3.87
3.9
3.602
3.836
3.626
4.376
4.441
4.045
3.326
3.268
3.684
3.2260000000000004
3.3960000000000004
3.565
3.872
3.236
3.07
3.275
3.667
3.026
3.615
3.914
3.362
3.384
3.42
3.34
3.626
3.41
3.484
4.655
3.082
3.402
2.9760000000000004
3.285
3.681
3.64
3.62
3.431
3.5780000000000003
3.133
3.3560000000000003
3.667
3.294
4.285
4.148
3.41
4.125
3.651
4.23
3.551
3.391
3.199
3.352
3.462
3.682
3.214
3.389
3.216
3.615
3.923
3.45
3.638
3.445
2.824
3.547
3.651
3.938
3.5210000000000004
3.665
3.45
3.381
3.303
3.401
3.503
4.11
3.474
3.556
3.303
3.477
3.946
3.4810000000000003
4.2189999999999985
3.621
3.919
3.801
3.478
3.213
3.4760000000000004
3.662
3.111
3.229
3.649
3.435
3.991
3.694
3.607
3.293
3.232
3.825
4.026
3.782
3.716
2.968
3.881
3.2460000000000004
3.575
3.343
3.451
3.556
3.968
3.646
3.721
3.897
3.732
3.853
3.432
3.778
2.992
3.252
3.339
3.2260000000000004
3.289
4.186
3.5580000000000003
2.9130000000000003
3.614
3.728
3.593
3.888
3.715
3.537
3.044
3.633
3.238
2.986
3.967
3.47
4.308
3.555
3.688
4.1
4.089
3.407
3.552
3.706
3.772
3.682
4.257
3.823
2.905
3.401
3.051
3.528
3.613
3.891
3.552
3.639
3.4210000000000003
3.105
3.625
3.841
4.001
4.1610000000000005
4.078
3.579
3.198
3.746
4.367
4.325
3.554
4.22
3.683
3.39
3.568
4.242
3.488
3.2910000000000004
3.715
4.113
3.869
3.536
3.756
3.443
3.773
3.926
3.364
3.043
3.65
3.353
3.859
3.2510000000000003
3.402
3.139
3.868
3.636
3.492
3.678
3.939
3.922
3.607
3.282
2.962
3.706
3.959
3.632
3.59
3.391
3.298
3.471
3.4730000000000003
3.4210000000000003
3.98
3.621
3.506
3.894
3.362
3.267
3.382
3.826
3.365
4.174
3.774
3.446
3.276
3.5380000000000003
2.688
3.79
3.628
3.548
3.466
3.524
3.716
3.64
3.1180000000000003
3.793
3.398
3.802
3.965
3.55
3.427
3.286
3.489
3.848
4.316
3.156
4.109
3.631
3.691
3.752
3.807
3.616
3.705
3.712
3.893
3.492
3.2230000000000003
3.402
3.771
4.334
3.39
3.364
3.273
3.699
3.981
3.751
3.711
3.737
3.167
3.394
3.691
3.985
3.409
3.749
3.054
3.52
3.665
2.947
4.188
3.653
3.105
4.02
3.83
3.649
3.242
4.18
4.207
3.712
3.618
3.803
3.305
3.51
3.122
2.795
3.898
4.183
3.235
3.793
3.637
3.785
2.901
3.063
3.425
4.593
4.1530000000000005
4.227
3.397
3.498
3.488
4.01
4.4289999999999985
3.688
2.728
3.555
4.06
3.641
3.13
3.641
3.573
3.786
3.958
3.528
3.985
3.707
3.796
3.1660000000000004
3.315
2.6830000000000003
4.183
3.781
3.922
3.505
3.44
4.157
3.73
3.265
3.256
4.065
3.612
3.799
3.387
3.238
2.7430000000000003
3.4530000000000003
3.751
3.448
4.118
3.545
3.867
2.963
3.977
2.899
4.164
3.394
3.047
3.556
3.751
3.593
3.567
3.534
3.649
3.036
3.967
3.427
3.274
4.128
3.618
2.987
3.5810000000000004
3.409
2.92
3.732
4.316
3.1630000000000003
3.624
3.768
3.35
3.498
3.491
3.181
3.905
3.706
4.034
3.729
3.683
3.402
3.185
3.468
3.313
3.671
3.819
3.642
3.663
3.753
3.109
3.511
4.0539999999999985
3.74
3.96
3.4530000000000003
3.451
4.422
3.5210000000000004
4.11
3.736
3.334
3.648
3.705
3.505
3.968
4.085
3.647
3.972
3.661
3.492
2.7880000000000003
4.12
3.384
3.028
3.555
3.47
3.531
3.076
3.491
4.011
3.98
3.313
3.661
3.918
3.295
3.518
3.44
3.265
3.5780000000000003
3.5860000000000003
3.758
3.937
3.196
3.919
3.595
4.093
3.388
3.676
3.525
3.672
4.035
3.55
3.043
3.548
3.427
3.428
3.365
3.82
3.272
3.988
3.603
3.4960000000000004
3.69
3.337
4.09
2.8
4.016
3.878
3.245
3.27
3.305
3.219
3.286
3.43
3.34
3.736
3.99
3.53
3.301
3.3560000000000003
3.607
3.864
3.434
3.3960000000000004
3.454
3.167
3.137
3.233
3.397
4.128
3.604
3.671
3.471
3.754
4.127
3.565
3.635
4.072
3.877
3.362
3.695
3.352
3.553
3.907
3.37
3.74
3.143
3.027
3.625
2.907
3.755
2.978
3.74
4.206
3.323
3.624
3.915
3.562
3.617
4.342
3.758
3.248
3.618
3.713
3.57
3.655
3.415
3.554
3.533
3.5580000000000003
3.619
4.025
3.836
3.137
3.719
3.804
3.599
3.806
4.043
3.805
4.005
3.537
3.852
3.664
3.3310000000000004
3.172
4.2
4.285
4.091
3.828
2.833
3.152
3.393
3.685
4.127
3.831
3.631
3.3760000000000003
3.55
3.797
4.316
3.597
3.428
3.907
3.838
3.187
4.315
3.799
3.679
3.33
3.091
4.025
3.458
3.599
3.045
3.442
4.021
2.939
3.5
4.204
4.011
3.758
3.62
3.467
3.513
3.222
3.325
4.01
3.0580000000000003
4.4110000000000005
4.176
3.968
3.69
3.621
3.696
3.5010000000000003
3.1830000000000003
3.467
3.256
3.464
3.393
3.182
3.882
3.714
3.3760000000000003
3.61
3.498
3.982
3.577
3.4
3.395
3.149
3.615
3.312
3.516
3.77
3.309
3.846
3.678
3.656
3.657
3.155
3.361
3.916
3.622
4.158
3.429
3.244
3.936
4.148
3.554
2.793
3.713
3.716
3.294
3.655
3.775
3.263
4.083
3.57
4.206
3.42
3.533
3.343
3.627
3.507
4.024
3.234
3.634
3.796
3.4
3.671
3.622
3.442
3.207
3.518
3.019
3.2710000000000004
4.255
3.48
3.468
3.423
3.95
3.944
3.582
3.706
3.0660000000000003
3.462
3.526
3.279
3.4960000000000004
3.023
3.217
4.085
3.819
4.287
3.789
3.807
3.198
3.0810000000000004
3.603
3.885
3.369
3.972
3.4130000000000003
4.1560000000000015
3.559
3.61
3.624
3.621
3.554
3.742
3.579
3.905
3.2060000000000004
3.5610000000000004
3.16
3.646
3.702
3.513
4.019
3.1830000000000003
3.275
3.652
3.495
3.533
3.342
3.445
3.218
3.635
3.216
4.016
3.3360000000000003
3.876
3.79
3.152
3.768
4.173
3.617
3.5780000000000003
3.474
3.891
3.384
4.2860000000000005
3.533
3.449
3.825
3.352
3.264
3.253
3.727
3.389
3.47
3.222
3.483
3.84
4.016
3.572
3.531
3.35
3.435
3.514
3.204
3.37
2.966
3.998
3.414
4.022
4.024
3.953
3.384
3.54
3.133
3.988
3.22
3.5980000000000003
3.445
3.716
3.3480000000000003
3.647
3.605
3.522
3.755
3.605
3.858
4.012
3.929
4.018
3.463
3.155
3.398
3.373
3.352
3.802
3.303
3.345
3.903
3.256
3.093
3.859
3.503
3.529
3.175
3.647
3.664
3.836
3.022
2.948
4.0939999999999985
3.472
4.004
3.339
4.009
3.681
3.3510000000000004
3.825
3.189
4.105
3.539
3.786
4.134
4.2780000000000005
3.257
4.227
3.762
3.4130000000000003
3.848
3.17
3.797
3.537
3.59
4.142
3.802
3.514
3.713
3.533
3.657
3.871
3.344
3.181
3.861
3.12
3.524
3.393
3.629
4.004
4.308
3.626
3.782
3.832
3.983
4.065
3.44
3.771
2.685
3.264
3.879
3.503
3.147
3.425
3.65
3.748
3.698
3.17
3.2710000000000004
3.923
3.966
3.883
4.1789999999999985
3.438
3.563
3.42
3.755
4.105
3.697
4.102
3.964
3.846
3.842
3.569
3.515
3.656
4.1160000000000005
4.004
3.847
3.434
3.587
2.963
3.792
4.147
4.184
3.677
3.235
3.466
3.874
3.737
3.472
4.077
3.739
4.367
3.823
3.363
4.248
3.952
3.799
3.255
3.401
3.65
3.885
3.4960000000000004
3.96
4.226
2.989
3.64
3.621
3.741
3.893
3.342
3.344
3.902
3.715
4.055
3.505
3.284
3.299
3.463
3.884
3.751
3.951
3.3360000000000003
3.908
3.089
2.888
3.457
4.009
4.22
4.166
3.745
3.75
3.3960000000000004
3.706
3.537
3.359
3.2260000000000004
3.983
2.8110000000000004
3.377
3.024
3.863
3.7
3.992
3.273
3.442
2.88
3.514
3.786
3.402
3.658
4.0
3.539
3.903
4.212
3.867
4.188
2.637
3.506
3.831
3.602
3.338
3.567
3.56
4.077
3.458
3.999
3.774
3.941
3.1260000000000003
3.761
3.752
3.638
3.725
3.4330000000000003
3.863
4.084
3.585
3.861
3.484
4.497
3.352
3.451
3.319
3.531
3.821
3.181
4.008
3.885
3.527
3.454
3.395
3.488
3.659
4.117
3.634
3.852
3.915
3.5010000000000003
3.594
3.2060000000000004
2.875
3.1630000000000003
3.4610000000000003
3.7
3.827
3.2110000000000003
3.412
3.359
3.805
3.574
3.621
4.234
4.038
3.556
3.544
2.8680000000000003
4.091
3.277
3.444
2.927
3.954
3.686
4.052
3.514
3.574
3.775
3.269
3.457
3.3280000000000003
3.66
3.337
3.775
3.427
3.543
3.757
3.514
3.819
3.253
3.208
3.563
3.364
4.045
3.44
3.3680000000000003
3.238
3.11
3.345
3.652
2.83
3.951
3.852
2.557
3.564
3.663
3.801
3.815
3.386
3.287
3.832
3.221
2.563
3.722
3.765
3.703
3.5580000000000003
3.834
3.475
3.327
3.911
3.595
3.3110000000000004
3.4410000000000003
4.35
3.482
4.157
3.218
3.746
3.803
4.0360000000000005
2.969
3.73
3.187
3.468
3.232
3.4160000000000004
3.349
3.373
3.77
3.522
3.612
3.2960000000000003
3.465
3.359
3.911
3.33
3.947
3.4610000000000003
3.3960000000000004
3.073
3.289
3.276
4.177
3.79
3.479
3.763
3.825
3.709
3.5
4.217
4.104
3.605
3.4410000000000003
3.1210000000000004
3.22
4.074
3.373
3.871
3.325
3.863
3.965
3.37
3.838
3.65
3.322
3.92
3.3310000000000004
4.043
3.5980000000000003
3.64
4.06
3.632
3.279
3.95
3.4130000000000003
3.274
3.812
3.528
3.766
3.659
3.36
2.713
4.1389999999999985
3.388
3.261
3.547
3.944
3.896
3.13
3.2260000000000004
4.415
2.864
3.875
3.671
3.46
4.319
3.755
2.911
4.284
3.505
3.818
3.885
4.002
3.524
3.4210000000000003
3.697
3.966
3.404
3.865
2.975
3.947
3.874
4.032
3.724
3.417
3.614
3.988
3.549
3.66
3.668
3.808
3.196
3.3760000000000003
3.394
4.208
3.691
3.341
3.283
2.869
3.182
3.855
3.342
3.526
3.85
3.3510000000000004
3.526
3.437
3.343
3.509
3.778
3.408
4.154
4.0539999999999985
3.227
3.64
3.849
3.536
3.043
2.902
3.253
3.78
3.175
3.771
3.991
3.342
4.011
3.659
3.843
3.612
4.083
3.972
4.1789999999999985
3.911
3.489
3.47
4.059
3.644
3.565
3.369
3.514
3.188
3.5210000000000004
3.593
3.299
3.479
3.135
3.332
3.488
3.727
3.816
3.755
3.876
3.802
3.634
3.216
3.422
3.355
3.517
3.57
2.824
3.184
3.435
3.846
3.666
3.325
4.267
3.802
3.4530000000000003
3.392
4.019
3.77
3.696
3.85
3.626
2.944
3.675
2.846
3.334
3.807
3.384
3.978
3.403
3.429
4.174
3.1660000000000004
3.234
3.753
3.897
3.749
3.675
3.448
4.12
3.394
3.49
4.207
3.851
3.828
3.95
3.571
3.781
3.792
3.388
3.906
4.186
3.734
3.845
3.513
3.835
3.385
3.28
3.1830000000000003
3.23
3.7
3.829
3.644
3.65
3.981
3.991
3.956
3.16
3.557
3.593
4.238
3.525
3.238
2.681
3.855
3.746
3.132
3.97
3.4610000000000003
3.619
3.788
3.381
