2.986
2.213
2.496
2.299
2.7430000000000003
2.664
2.547
1.793
2.722
2.417
2.436
2.251
1.997
2.648
2.678
2.589
2.62
2.3480000000000003
2.516
2.286
2.657
2.066
2.297
2.325
2.484
2.675
2.385
2.466
2.71
2.645
2.463
2.461
2.286
2.476
2.483
2.522
2.526
2.557
2.426
2.311
2.588
2.008
2.544
2.6460000000000004
2.798
2.548
2.633
2.632
3.049
2.689
2.5380000000000003
2.427
2.467
2.819
2.43
2.476
2.491
2.4730000000000003
2.367
2.595
2.952
2.557
2.9330000000000003
2.763
2.672
2.253
2.713
2.542
2.934
2.382
2.786
2.257
2.584
2.206
2.4
2.998
2.636
2.879
2.505
2.642
2.521
2.645
2.471
2.634
2.624
2.335
2.729
2.266
2.339
2.662
2.78
2.526
2.454
2.025
2.664
2.885
2.448
2.759
2.502
2.9810000000000003
2.617
2.474
2.627
2.467
2.552
2.47
2.59
2.963
2.537
2.689
2.365
2.718
2.676
2.312
1.741
2.444
2.5580000000000003
2.398
2.306
2.774
3.178
2.548
2.391
2.7
2.5380000000000003
2.506
2.468
2.492
2.367
2.651
2.426
2.531
2.694
2.4930000000000003
2.501
2.616
2.702
2.605
2.445
2.346
2.749
2.688
2.396
2.526
2.521
2.46
2.425
2.664
2.484
1.853
2.391
2.685
2.476
2.448
2.239
2.293
2.461
2.507
2.498
2.379
2.653
2.456
2.642
2.742
2.502
2.5780000000000003
2.295
2.676
2.467
2.4330000000000003
2.728
2.419
2.5
2.63
2.5780000000000003
2.7030000000000003
2.412
2.504
2.689
2.411
2.344
2.437
2.482
2.892
2.612
2.355
2.427
2.478
2.708
2.753
2.599
2.2230000000000003
2.242
2.305
2.526
2.636
2.501
2.446
2.512
2.365
2.481
2.59
2.414
2.496
2.467
2.44
2.623
2.542
2.624
2.775
2.579
2.764
2.387
2.458
2.531
2.427
2.594
2.49
2.532
2.541
2.7430000000000003
2.732
2.652
2.54
2.705
2.6060000000000003
2.403
2.579
2.612
2.8680000000000003
2.747
2.6710000000000003
2.562
2.669
2.384
2.318
2.481
2.45
2.67
2.471
2.497
2.533
2.4330000000000003
2.822
2.457
2.624
2.562
2.02
2.462
2.672
2.47
2.43
2.53
2.721
2.414
2.77
2.505
2.572
2.418
2.412
2.499
2.584
2.551
2.386
2.446
2.617
2.704
2.547
2.679
2.582
2.676
2.603
3.052
2.544
2.725
2.925
2.736
2.658
2.556
2.466
2.5980000000000003
2.483
2.307
2.735
2.372
2.543
2.52
2.6180000000000003
2.886
2.415
2.496
2.52
2.5980000000000003
2.565
2.4530000000000003
2.6830000000000003
2.613
2.382
2.434
2.51
2.7430000000000003
2.47
2.256
2.3080000000000003
2.512
2.37
2.045
2.503
2.458
2.207
2.427
2.503
2.6060000000000003
2.478
2.676
2.638
2.462
2.407
2.286
2.6180000000000003
2.575
2.937
2.6710000000000003
2.114
2.258
2.625
2.859
2.404
2.392
2.353
2.321
2.7230000000000003
2.593
2.765
2.375
2.522
2.545
2.449
2.5780000000000003
2.687
2.729
2.508
2.135
2.697
2.448
2.459
2.278
2.793
2.556
2.369
2.565
2.419
2.528
2.75
2.467
2.539
2.504
2.3680000000000003
2.555
2.495
2.324
2.527
2.372
2.44
2.331
2.58
2.246
2.375
2.295
2.676
2.499
2.5860000000000003
2.536
2.545
2.642
2.37
2.56
2.482
2.506
2.859
2.661
2.729
2.521
2.486
2.631
2.637
2.5810000000000004
2.448
2.458
2.499
2.749
2.424
1.958
2.569
2.514
2.582
2.61
2.504
2.466
2.247
2.443
2.565
2.5660000000000003
2.469
2.532
2.835
2.128
2.807
2.233
2.679
2.635
2.652
2.752
2.635
2.533
2.411
2.582
2.553
2.455
2.431
2.4290000000000003
2.6060000000000003
2.786
2.667
2.379
2.547
2.5580000000000003
2.614
2.454
2.34
2.57
2.26
2.569
2.271
2.438
2.688
2.516
2.254
2.822
2.7710000000000004
2.564
2.418
2.4930000000000003
2.635
2.387
2.3080000000000003
2.446
2.999
2.665
2.4290000000000003
2.589
2.423
2.427
2.463
2.589
2.43
2.385
2.609
2.557
2.379
2.421
2.516
