2.025
2.33
2.423
2.362
2.815
2.6830000000000003
2.512
1.284
2.408
2.344
2.494
2.37
2.323
2.8
2.69
2.77
1.894
2.347
2.463
2.439
2.487
2.182
2.342
2.442
2.596
2.721
2.547
2.494
2.451
2.623
2.439
2.38
2.355
2.246
2.397
2.6830000000000003
1.98
2.543
2.531
2.5860000000000003
2.603
2.487
2.333
2.624
2.744
2.595
2.588
2.5810000000000004
2.101
2.509
2.583
2.515
2.628
2.607
1.928
2.758
2.545
2.267
2.359
2.262
2.426
2.675
2.278
2.145
2.61
1.788
2.487
2.547
2.622
2.5810000000000004
1.715
2.158
2.689
2.287
2.714
2.462
2.571
2.465
2.6460000000000004
2.572
2.718
2.6
2.31
2.657
2.65
2.002
2.171
2.252
2.384
2.432
2.658
2.673
2.36
2.636
2.5
2.679
2.228
2.448
2.469
2.392
2.345
2.389
2.267
2.279
2.657
2.442
2.3680000000000003
2.661
2.531
2.655
2.632
2.265
2.607
2.5660000000000003
2.465
2.415
2.497
2.42
2.349
2.386
2.2230000000000003
2.3
2.527
2.188
2.52
2.401
2.313
2.511
2.356
2.403
2.381
2.291
2.29
2.459
2.313
2.461
2.684
2.015
2.603
2.444
2.404
2.0580000000000003
2.505
2.246
2.727
2.305
2.625
2.153
2.221
2.464
2.729
2.228
2.4930000000000003
2.599
2.03
2.552
2.579
1.936
2.5540000000000003
2.65
2.477
2.516
2.292
2.739
2.651
2.754
1.986
2.292
2.418
2.524
2.669
2.6180000000000003
2.507
2.506
2.296
2.377
2.299
2.4930000000000003
1.94
2.25
2.358
2.572
2.191
1.916
2.631
2.432
2.733
2.499
2.575
2.645
2.298
2.146
2.513
2.216
2.461
2.584
2.517
2.525
2.2230000000000003
2.33
2.622
2.477
2.2880000000000003
2.719
2.4
2.543
2.6710000000000003
2.555
2.544
2.184
2.596
2.753
2.525
2.199
2.32
2.455
2.58
2.322
2.021
2.341
2.45
2.653
2.785
2.778
2.694
2.381
2.109
2.594
2.38
2.278
2.318
2.6060000000000003
2.568
2.56
2.521
2.503
2.6010000000000004
2.272
2.514
2.01
2.641
2.34
2.356
2.699
2.498
2.6210000000000004
2.258
2.432
2.484
2.707
2.445
2.501
2.293
2.8110000000000004
2.08
2.613
2.487
2.592
2.611
2.23
2.4090000000000003
2.4730000000000003
2.008
2.484
2.675
2.62
2.6910000000000003
2.531
2.553
2.774
2.465
2.476
2.339
2.545
2.902
2.336
2.17
2.543
1.998
2.411
2.637
2.529
2.469
2.394
2.489
2.441
2.408
2.509
2.873
2.061
2.542
2.355
2.388
2.514
2.507
2.238
2.757
2.271
2.647
2.727
2.883
2.522
2.403
2.11
2.698
2.501
2.552
2.732
2.29
2.305
2.469
2.6630000000000003
2.614
2.356
2.617
2.611
2.544
2.55
2.645
2.79
2.437
2.218
2.5580000000000003
2.222
2.258
2.7510000000000003
2.605
2.587
2.102
2.036
1.756
2.274
2.395
2.6060000000000003
2.234
2.481
2.485
2.458
2.467
2.4330000000000003
2.411
2.51
2.043
2.565
2.5340000000000003
2.452
1.886
2.685
2.4090000000000003
2.425
2.298
2.544
2.692
2.3280000000000003
2.432
2.5380000000000003
2.6830000000000003
2.419
2.455
2.623
2.287
2.305
2.014
2.491
2.682
2.5660000000000003
2.444
2.567
2.346
2.373
2.664
2.55
2.81
2.5780000000000003
2.727
2.376
2.596
2.599
2.387
2.665
2.648
2.171
2.3280000000000003
2.43
2.878
2.729
2.464
2.435
2.443
2.551
2.542
2.57
2.55
2.652
2.54
2.22
2.511
1.888
2.614
2.109
2.414
2.335
2.522
2.552
2.651
2.418
2.469
2.717
2.331
2.702
2.481
2.545
2.349
2.642
2.77
2.5340000000000003
2.696
2.4330000000000003
2.664
2.539
2.425
2.457
1.955
2.6180000000000003
2.604
2.62
2.571
2.537
2.276
2.361
2.597
1.889
1.928
2.164
2.361
2.324
2.648
2.511
2.781
2.517
2.386
2.572
2.509
2.302
2.608
2.273
2.466
2.172
2.582
2.374
2.509
2.57
2.209
2.322
2.395
2.459
2.5380000000000003
2.738
2.745
2.4730000000000003
2.569
2.5810000000000004
