2.917
2.78
2.8280000000000003
2.942
2.944
3.088
2.8510000000000004
2.342
2.795
3.152
3.015
3.145
2.774
2.887
3.1060000000000003
2.974
2.946
2.982
2.89
2.875
2.7060000000000004
2.704
2.89
2.863
2.967
3.069
2.9330000000000003
2.768
2.966
2.882
2.714
2.8110000000000004
2.844
2.979
2.902
2.95
3.102
3.026
2.987
2.889
2.967
2.846
2.846
2.905
3.197
2.86
3.004
3.198
3.0780000000000003
2.91
2.943
2.969
2.9130000000000003
2.922
2.8310000000000004
3.016
2.883
2.915
2.924
3.018
3.132
2.972
3.138
2.949
3.2460000000000004
2.918
2.93
2.9210000000000003
3.199
2.97
2.622
2.694
3.07
2.846
2.965
3.024
3.056
3.092
2.964
2.926
3.103
2.872
2.783
3.043
2.747
2.915
2.847
2.577
2.924
2.955
3.0780000000000003
3.045
2.7710000000000004
2.879
2.995
2.963
2.769
2.962
2.699
3.1860000000000004
2.8080000000000003
2.8560000000000003
2.947
3.079
2.741
3.094
2.742
2.8510000000000004
2.818
2.906
2.984
3.167
2.92
2.841
3.037
2.908
2.79
2.983
2.841
2.928
2.977
2.752
2.7960000000000003
2.837
2.781
2.939
2.845
3.008
2.79
3.074
2.814
2.778
2.9330000000000003
2.898
2.909
2.881
2.867
2.88
2.82
2.853
2.907
3.225
2.854
2.721
3.04
2.8960000000000004
2.835
2.821
2.797
2.789
3.1660000000000004
3.225
2.845
2.96
3.0380000000000003
2.9530000000000003
3.135
2.885
2.943
2.892
3.005
3.089
3.13
3.06
2.815
3.135
2.862
3.069
3.036
2.798
2.926
2.987
3.023
3.03
3.342
2.922
3.007
2.821
2.98
2.83
2.845
3.077
2.955
2.968
3.032
2.947
2.795
2.857
2.982
2.809
2.774
2.928
3.02
2.992
3.019
2.879
3.103
2.957
2.762
2.833
2.99
2.906
3.486
2.963
2.931
2.87
2.9410000000000003
2.864
2.8560000000000003
3.0980000000000003
3.2030000000000003
3.128
2.783
2.899
2.874
2.789
2.846
2.905
2.903
2.777
2.927
2.847
3.028
3.1630000000000003
2.949
2.877
2.9410000000000003
3.133
2.906
3.195
3.273
3.082
2.888
3.335
2.814
2.917
2.959
2.852
2.769
2.929
2.75
2.764
2.759
3.131
2.928
3.1010000000000004
2.907
2.9960000000000004
2.807
2.977
2.757
3.293
2.964
3.074
2.687
2.944
3.065
2.855
3.029
2.922
2.915
2.97
2.94
2.88
2.954
3.089
2.995
2.786
2.906
3.073
3.035
2.906
3.5210000000000004
3.1180000000000003
2.92
2.992
2.812
2.938
2.748
3.024
3.168
2.795
2.975
3.115
3.004
3.034
2.94
3.016
3.011
2.982
2.858
3.094
3.238
3.01
3.162
2.893
3.283
3.197
2.826
2.823
3.015
2.8710000000000004
2.817
2.9160000000000004
3.059
3.0410000000000004
2.98
3.129
3.077
2.709
2.839
2.911
2.95
2.7910000000000004
3.005
3.054
2.807
2.958
2.803
3.309
2.849
3.248
2.887
2.7310000000000003
2.883
3.122
2.942
2.923
2.914
2.862
3.051
2.658
2.89
3.21
2.8360000000000003
2.826
3.057
2.847
2.821
2.841
2.864
2.858
2.6910000000000003
3.009
3.003
2.937
3.025
3.133
2.859
3.0580000000000003
2.968
2.754
2.945
2.914
2.679
2.93
2.869
2.9330000000000003
2.6830000000000003
2.9760000000000004
2.794
2.8560000000000003
3.071
2.902
3.069
3.228
2.753
2.895
2.7430000000000003
3.056
2.762
2.87
2.995
3.159
2.979
2.802
2.886
2.822
2.906
3.094
2.945
2.847
2.887
3.027
3.094
3.044
3.042
2.672
2.989
2.84
3.096
2.673
3.178
2.912
2.88
2.969
2.9560000000000004
2.863
2.827
2.7910000000000004
2.877
2.957
2.899
2.931
3.091
2.9760000000000004
2.869
3.375
2.902
3.174
2.9360000000000004
2.834
2.6910000000000003
3.045
2.939
2.957
3.075
2.991
2.844
2.713
2.718
2.814
3.048
3.119
2.98
2.858
2.903
3.235
3.026
2.86
2.968
2.854
3.022
2.665
2.9410000000000003
3.075
2.972
2.833
3.4130000000000003
3.037
2.806
3.1010000000000004
3.012
2.832
2.854
2.883
2.7880000000000003
3.067
2.971
3.048
2.904
3.057
2.752
2.827
2.817
2.797
2.835
2.802
3.003
2.698
2.792
2.999
