2.422
2.605
2.714
2.571
2.9160000000000004
2.805
2.656
1.251
2.662
2.636
2.587
2.584
2.613
2.914
2.895
2.909
2.334
2.69
2.66
2.3480000000000003
2.585
2.46
2.576
2.661
2.81
2.838
2.6830000000000003
2.744
2.722
2.83
2.569
2.6630000000000003
2.547
2.209
2.505
2.88
2.253
2.479
2.7030000000000003
2.677
2.624
2.861
2.55
2.7110000000000003
3.068
2.724
2.815
2.826
2.687
2.528
2.724
2.256
2.756
2.755
2.389
2.897
2.651
2.357
2.647
2.803
2.767
2.8960000000000004
2.631
2.531
2.705
2.141
2.887
2.744
2.9130000000000003
2.747
2.119
2.297
2.762
2.492
2.845
2.593
2.699
2.465
2.777
2.8710000000000004
2.964
2.798
2.437
2.869
2.729
2.276
2.386
2.2840000000000003
2.68
2.744
2.858
2.7510000000000003
2.4330000000000003
2.787
2.627
2.795
2.296
2.501
2.557
2.801
2.6
2.6
2.528
2.488
2.719
2.597
2.759
2.847
2.643
2.813
2.798
2.62
2.681
2.654
2.719
2.471
2.625
2.6
2.585
2.687
2.747
2.577
2.651
2.624
2.511
2.61
2.402
2.6260000000000003
2.4330000000000003
2.855
2.649
2.616
2.194
2.758
2.698
2.594
2.794
2.202
2.779
2.624
2.806
2.268
2.678
2.583
2.773
2.426
2.766
2.542
2.464
2.625
2.7960000000000003
2.617
2.6010000000000004
2.812
2.249
2.658
2.9
2.316
2.782
2.7430000000000003
2.464
2.65
2.602
2.885
2.761
2.988
2.194
2.823
2.587
2.737
2.78
2.87
2.749
2.768
2.431
2.712
2.716
2.632
2.209
2.5580000000000003
2.636
2.777
2.599
2.313
2.765
2.568
2.63
2.645
2.847
2.736
2.436
2.3480000000000003
2.607
2.661
2.7030000000000003
2.756
2.756
2.7310000000000003
2.38
2.577
2.756
2.694
2.689
2.773
2.553
2.71
2.784
2.888
2.724
2.58
2.78
2.859
2.547
2.52
2.623
2.704
2.834
2.736
2.346
2.681
2.59
2.542
2.8760000000000003
2.874
2.754
2.625
2.516
2.865
2.829
2.605
2.541
2.881
2.7710000000000004
2.865
2.665
2.736
2.81
2.397
2.7880000000000003
2.242
2.807
2.491
2.632
2.852
2.665
2.813
2.229
2.693
2.707
2.927
2.737
2.846
2.479
2.906
2.222
2.819
2.661
2.597
2.696
2.536
2.529
2.823
2.374
2.694
2.8710000000000004
2.689
2.656
2.649
2.881
2.8760000000000003
2.767
2.643
2.858
2.858
2.94
2.371
2.319
2.61
2.291
2.676
2.942
2.696
2.704
2.406
2.641
2.391
2.632
2.614
2.955
1.971
2.749
2.655
2.498
2.729
2.761
2.446
2.9810000000000003
2.665
2.655
2.749
2.992
2.727
2.622
2.001
2.6660000000000004
2.866
2.874
2.827
2.801
2.5860000000000003
2.7460000000000004
2.752
2.741
2.512
2.801
2.8480000000000003
2.707
2.844
2.864
2.872
2.684
2.237
2.7260000000000004
2.625
2.53
3.119
2.901
2.546
2.405
2.226
2.068
2.474
2.574
2.934
2.587
2.603
2.592
2.685
2.715
2.79
2.712
2.696
2.009
2.708
2.843
2.682
2.375
3.029
2.681
2.611
2.48
2.588
2.866
2.552
2.739
2.822
2.903
2.668
2.643
2.854
2.466
2.65
2.321
2.84
2.738
2.824
2.555
2.609
2.565
2.5540000000000003
2.713
2.727
2.867
2.7430000000000003
2.8280000000000003
2.414
2.75
2.735
2.638
2.7030000000000003
2.777
2.386
2.475
2.6210000000000004
2.931
2.649
2.717
2.603
2.653
2.6210000000000004
2.778
2.665
2.761
2.793
2.769
2.279
2.669
2.3280000000000003
2.669
2.489
2.316
2.522
2.7030000000000003
2.73
2.84
2.697
2.6260000000000003
2.927
2.326
2.724
2.5660000000000003
2.696
2.696
2.952
2.721
2.71
3.007
2.74
2.775
2.774
2.637
2.698
2.022
2.786
2.701
2.781
2.801
2.395
2.799
2.543
2.877
2.427
2.395
2.378
2.759
2.616
2.725
2.71
2.945
2.6830000000000003
2.696
2.777
2.6830000000000003
2.497
2.8510000000000004
2.594
2.698
2.669
2.657
2.748
2.6910000000000003
2.724
2.026
2.611
2.63
2.623
2.757
2.734
2.781
2.505
2.64
2.767
