2.765
2.555
2.562
2.579
2.582
2.842
2.757
2.717
2.539
2.753
2.09
2.739
2.682
2.527
2.794
2.792
2.638
2.676
2.654
2.8480000000000003
2.6010000000000004
2.669
2.162
2.668
2.461
1.993
2.386
2.739
2.677
2.812
2.722
2.564
2.599
2.553
2.71
2.474
2.668
2.16
2.588
2.741
2.745
2.795
2.783
2.404
2.758
2.7880000000000003
2.611
2.602
2.832
2.8680000000000003
2.745
2.847
2.742
2.842
2.637
2.359
2.475
2.517
2.804
2.244
2.66
2.701
2.782
2.602
2.8160000000000003
2.741
2.49
2.639
2.707
2.757
2.476
2.73
2.8680000000000003
2.852
2.785
2.716
2.859
2.575
2.842
2.53
2.527
2.847
2.491
2.7460000000000004
2.281
2.827
2.6630000000000003
2.6910000000000003
2.694
2.194
2.685
2.664
2.807
2.713
2.966
2.685
2.549
2.595
2.74
2.65
2.499
2.655
2.589
2.693
2.781
1.6780000000000002
2.694
2.689
2.794
2.661
2.467
2.938
2.8110000000000004
2.424
1.934
2.727
2.612
2.539
2.634
2.625
2.689
2.68
2.6860000000000004
2.636
2.522
2.685
2.824
2.781
2.702
2.797
2.2230000000000003
2.864
2.807
2.252
2.017
2.4930000000000003
2.542
2.298
2.625
2.777
2.5610000000000004
2.841
2.129
2.547
2.357
2.615
2.786
2.737
2.837
2.821
2.855
2.4930000000000003
2.855
2.761
2.71
2.669
2.654
2.923
2.887
2.765
2.739
2.487
2.898
1.937
2.735
2.878
2.616
2.436
2.51
2.642
2.63
2.636
2.9160000000000004
2.79
2.5340000000000003
2.766
2.553
2.874
2.738
2.507
2.899
2.7260000000000004
2.21
2.5540000000000003
2.69
2.926
2.713
2.692
2.8310000000000004
2.637
2.547
2.625
2.777
2.488
2.761
2.692
2.068
2.52
2.587
2.714
2.762
2.9330000000000003
2.714
2.4130000000000003
2.725
2.699
2.697
2.725
2.61
2.819
2.9
2.401
2.352
2.783
2.944
2.412
2.798
2.704
2.769
2.702
2.611
2.787
2.525
2.821
2.579
2.739
2.753
2.657
2.8110000000000004
2.542
2.464
2.545
2.7260000000000004
2.764
2.568
2.805
2.705
2.712
2.676
2.138
2.462
2.693
2.535
2.692
2.795
2.719
2.74
2.736
2.727
2.595
2.645
2.784
2.756
2.7
2.533
2.744
2.4930000000000003
1.741
2.758
2.665
2.211
2.7060000000000004
2.735
2.6460000000000004
2.574
2.766
2.79
2.713
2.6260000000000003
2.412
2.495
2.336
2.463
2.5860000000000003
2.097
2.7510000000000003
2.9560000000000004
2.252
2.678
2.559
2.642
2.829
2.762
2.7880000000000003
2.673
2.622
2.349
2.7310000000000003
2.592
2.815
2.8280000000000003
2.784
2.689
2.775
2.701
2.447
2.71
2.531
2.263
2.54
2.6
2.565
2.914
2.449
2.695
2.7710000000000004
2.455
2.642
2.619
2.44
2.729
2.825
2.717
2.633
2.708
1.919
2.655
2.737
2.758
2.363
2.689
2.599
2.857
2.73
2.7260000000000004
2.867
2.648
2.029
2.681
2.549
2.531
2.704
2.658
2.603
2.427
2.99
2.9330000000000003
2.794
2.564
2.34
2.806
2.76
2.5980000000000003
2.863
2.237
2.632
2.584
2.403
2.844
2.633
2.762
2.758
2.699
2.634
2.532
2.718
2.532
2.702
2.59
2.797
2.695
2.6060000000000003
2.662
2.897
2.2230000000000003
2.444
2.881
2.366
2.977
2.721
2.713
2.6910000000000003
2.297
2.61
2.784
2.701
2.814
2.667
2.714
2.818
2.6460000000000004
2.802
2.167
2.708
2.779
2.97
2.55
2.509
2.733
2.693
2.725
2.675
2.649
2.837
2.839
2.935
2.826
2.307
2.576
2.531
2.48
2.689
2.727
2.514
2.448
2.5
2.627
2.301
2.612
2.845
2.786
2.562
2.383
2.267
2.47
2.928
2.597
2.785
2.7710000000000004
2.7910000000000004
2.951
2.897
2.89
2.742
2.7
2.587
2.657
2.822
2.7
2.837
2.698
2.8110000000000004
2.4090000000000003
2.78
2.965
2.287
2.927
3.059
2.341
2.549
2.717
2.793
2.8080000000000003
2.707
2.539
2.76
2.604
2.6260000000000003
2.227
2.803
2.767
2.71
2.734
2.527
2.812
2.745
2.668
2.403
2.7060000000000004
2.565
2.864
2.39
2.801
2.647
2.654
2.372
2.664
2.761
2.492
2.451
2.853
2.267
2.748
2.8
2.783
2.6830000000000003
2.781
2.352
2.669
2.2230000000000003
2.782
2.841
2.651
2.737
2.79
2.677
2.597
2.523
2.138
2.332
2.65
2.499
2.7110000000000003
2.669
2.765
3.087
2.542
2.817
2.909
2.72
3.044
2.718
2.83
2.76
2.875
2.667
2.799
2.313
2.467
2.627
2.77
2.5810000000000004
2.886
2.397
2.776
2.7230000000000003
2.724
2.278
2.737
2.903
2.772
2.846
2.623
2.787
2.838
2.625
2.738
2.805
2.313
2.46
2.171
2.532
2.818
2.573
2.34
2.536
2.885
2.727
2.533
2.829
2.673
2.556
2.277
2.783
2.468
2.672
2.517
2.699
2.8360000000000003
2.637
2.692
2.607
2.595
2.844
2.754
2.702
2.536
2.677
2.777
2.8160000000000003
2.748
2.768
2.804
2.823
2.638
2.7110000000000003
2.508
2.765
2.727
2.583
2.675
2.661
2.667
2.841
2.337
2.585
2.86
2.801
2.253
2.2430000000000003
2.8360000000000003
2.5980000000000003
2.755
2.431
2.208
2.636
2.8280000000000003
2.518
2.814
2.734
2.713
2.738
2.681
2.1
2.406
2.489
2.588
2.843
2.2880000000000003
2.375
2.825
2.355
2.67
2.622
2.27
2.658
2.57
2.358
2.375
2.654
2.116
2.732
2.934
2.637
2.45
2.514
2.678
2.781
2.76
2.255
2.715
2.781
2.7430000000000003
2.813
2.562
2.677
2.67
2.975
2.49
2.659
2.69
2.6060000000000003
2.718
2.424
2.797
2.563
2.262
2.826
2.6010000000000004
2.696
2.801
2.795
2.909
2.745
2.693
2.3480000000000003
2.59
2.799
2.7230000000000003
2.785
2.522
2.187
2.679
2.804
2.825
2.127
2.8
2.779
2.485
2.733
2.577
2.701
2.475
2.814
2.741
2.701
2.685
2.605
2.893
2.667
2.661
2.6860000000000004
2.778
2.652
2.638
2.736
2.602
2.713
2.8080000000000003
2.818
2.7260000000000004
2.725
2.642
2.753
2.728
2.772
2.644
2.776
2.4930000000000003
2.661
2.506
2.656
2.405
2.504
2.7260000000000004
2.456
2.684
2.84
2.7960000000000003
2.817
2.411
2.873
2.281
2.901
2.724
2.6260000000000003
2.97
2.067
2.6460000000000004
2.408
2.95
2.76
2.655
2.366
2.674
2.7260000000000004
2.7230000000000003
2.491
2.486
2.8110000000000004
2.886
2.567
2.401
2.535
2.937
2.744
2.6860000000000004
2.687
2.853
2.7060000000000004
2.452
2.592
2.658
2.512
2.826
2.689
2.567
2.495
2.537
2.73
2.637
2.818
2.775
2.721
2.865
2.823
2.595
2.865
2.738
2.597
2.674
2.919
2.847
2.5
2.734
2.9330000000000003
2.756
2.8760000000000003
2.776
2.4090000000000003
2.492
2.267
2.589
2.526
2.079
2.786
2.965
2.467
2.67
2.652
2.716
2.6710000000000003
2.611
2.608
2.644
2.714
2.78
2.602
2.759
2.724
2.188
2.777
2.4290000000000003
2.511
2.756
2.8710000000000004
2.787
2.762
2.82
2.359
2.047
2.787
2.622
2.647
2.592
2.852
2.7310000000000003
2.728
2.645
2.764
2.97
2.712
2.475
2.674
2.736
2.647
2.608
2.656
2.104
2.897
2.86
2.774
2.594
2.741
2.482
2.014
2.68
2.539
2.551
2.529
2.464
2.999
2.502
2.336
2.4090000000000003
2.832
2.603
2.644
2.488
2.655
2.775
2.559
2.742
2.458
2.75
2.6180000000000003
2.818
2.742
2.594
2.873
2.7460000000000004
2.287
2.847
2.463
2.527
2.622
2.51
2.632
2.281
2.46
2.632
2.858
2.852
2.071
2.857
2.9360000000000004
2.421
2.81
2.7060000000000004
2.665
2.47
2.084
2.489
2.773
2.759
2.689
2.665
2.636
2.8760000000000003
2.823
2.782
2.593
2.795
2.533
2.768
2.208
2.8080000000000003
2.44
2.838
2.798
1.955
2.849
2.689
2.722
2.806
2.275
2.773
2.084
2.594
2.77
2.835
2.737
2.668
2.704
2.879
2.9
2.71
2.664
2.317
2.741
2.491
2.7
2.637
2.932
2.763
2.594
2.7430000000000003
2.783
2.605
2.708
2.3680000000000003
2.7460000000000004
2.64
2.887
2.728
2.813
2.944
2.806
2.62
2.7260000000000004
2.482
2.897
2.625
2.602
2.597
2.72
2.632
2.863
2.38
2.255
2.897
2.709
2.76
2.967
2.767
2.52
2.06
2.68
2.834
2.337
2.827
2.872
2.536
2.717
2.616
2.8110000000000004
2.7710000000000004
2.786
2.562
2.817
2.275
2.643
2.517
2.807
2.805
2.599
2.763
2.864
2.6710000000000003
2.648
2.8080000000000003
2.353
2.48
2.83
2.639
2.454
2.6210000000000004
2.672
2.667
2.507
2.577
2.567
2.632
2.782
2.737
2.887
2.782
2.862
2.7430000000000003
2.689
2.374
2.672
2.6660000000000004
2.291
2.752
2.865
2.475
2.639
2.749
2.774
2.716
2.884
2.556
2.69
2.782
2.9360000000000004
2.633
2.5
2.7460000000000004
2.974
2.7460000000000004
2.633
2.724
2.6180000000000003
2.652
2.821
2.693
2.698
2.845
2.789
2.8710000000000004
2.255
2.604
2.857
2.339
2.756
2.154
2.803
2.5860000000000003
2.704
2.755
2.669
2.607
2.867
2.461
2.785
2.716
2.653
2.779
2.943
2.764
2.624
2.776
2.905
2.763
2.622
2.352
2.6260000000000003
2.814
2.74
2.259
2.712
2.56
2.702
2.736
2.417
2.707
2.6660000000000004
2.667
2.527
2.784
2.983
2.574
2.812
2.715
2.779
2.658
2.74
2.69
2.832
2.803
2.749
2.8280000000000003
2.698
2.697
2.597
2.6830000000000003
2.439
2.2030000000000003
2.8160000000000003
2.849
2.7030000000000003
1.774
2.651
2.752
2.443
2.78
2.832
2.87
2.491
2.652
2.5580000000000003
2.487
2.905
2.882
2.695
2.865
2.352
2.673
2.46
2.2880000000000003
2.721
2.837
2.3680000000000003
2.253
2.68
2.658
2.695
2.825
2.617
2.44
2.698
2.696
2.599
2.798
2.636
2.6060000000000003
2.68
2.658
2.36
2.599
2.8310000000000004
2.6
2.305
2.659
2.688
2.8480000000000003
2.888
2.775
2.72
2.382
2.859
2.619
2.556
2.495
2.654
2.623
2.603
2.799
2.809
2.268
2.763
2.662
2.325
2.71
2.745
2.782
2.914
2.793
2.826
2.591
2.888
2.733
2.48
2.588
2.654
2.882
2.624
2.673
2.934
2.755
2.728
2.9810000000000003
2.718
2.685
2.676
2.704
2.713
2.466
2.904
2.7110000000000003
2.742
2.853
2.454
2.722
2.861
2.782
2.82
2.488
2.747
2.847
2.427
2.306
2.571
2.77
2.812
2.747
2.734
2.494
2.364
2.659
2.84
2.969
2.514
2.668
2.79
2.585
2.6630000000000003
2.846
2.75
2.676
2.903
2.258
2.997
2.501
2.5660000000000003
2.521
2.303
2.7030000000000003
2.6460000000000004
2.825
2.893
2.676
2.634
2.732
2.8280000000000003
2.462
2.38
2.749
2.87
2.734
2.76
2.547
2.536
2.342
2.7230000000000003
2.275
2.67
3.06
2.9
2.4130000000000003
2.8280000000000003
2.769
2.837
2.661
2.835
2.835
2.774
2.7710000000000004
2.8110000000000004
2.552
2.546
2.16
2.887
2.8080000000000003
2.35
2.303
2.809
2.753
2.59
2.677
2.583
2.782
2.517
2.549
2.656
2.772
2.854
2.596
2.575
2.474
2.369
2.547
2.5980000000000003
2.654
2.512
2.281
2.8960000000000004
2.542
2.241
2.77
2.506
2.749
2.763
2.283
2.611
2.748
2.736
2.591
2.765
2.537
2.661
2.768
2.82
2.584
2.778
2.631
2.627
2.801
2.619
2.427
2.894
2.786
2.758
2.599
2.832
2.569
2.677
2.847
2.595
2.278
2.653
2.597
2.557
2.7260000000000004
2.91
2.5860000000000003
2.657
2.657
2.73
2.8710000000000004
2.903
2.583
2.639
2.294
2.263
2.757
2.758
2.6830000000000003
2.644
2.767
2.798
2.541
2.82
2.748
2.7
2.797
2.8560000000000003
2.73
3.009
2.818
2.344
2.419
2.294
2.784
2.752
2.694
2.6180000000000003
2.5980000000000003
2.704
2.316
2.922
2.129
2.852
2.623
2.709
2.576
2.8480000000000003
2.656
2.146
2.75
2.184
2.7110000000000003
2.748
2.384
2.616
2.684
2.835
2.727
2.741
2.867
2.61
2.809
2.573
2.844
2.8110000000000004
2.658
2.756
2.705
2.389
2.454
2.74
2.717
2.6010000000000004
2.238
2.81
2.852
1.182
2.8560000000000003
2.624
2.572
2.565
2.882
2.524
2.242
2.801
2.885
2.8760000000000003
2.286
2.809
2.689
2.5540000000000003
2.51
2.17
2.801
2.707
2.999
2.829
2.7230000000000003
2.704
2.744
2.44
2.704
2.698
2.8510000000000004
2.06
2.521
2.814
2.774
2.693
2.727
2.739
2.793
2.27
2.753
2.136
2.912
2.556
2.5380000000000003
2.529
2.278
2.802
2.611
2.752
2.697
2.507
2.737
2.722
2.674
2.722
2.754
2.571
2.809
2.613
2.619
2.681
2.7880000000000003
2.749
2.899
2.8
2.769
2.713
2.448
2.437
2.861
2.623
2.7510000000000003
2.9330000000000003
2.59
1.939
2.366
2.56
2.461
2.984
2.593
2.5
2.54
2.652
2.408
2.294
2.758
2.525
2.491
2.772
2.708
2.7230000000000003
2.754
2.772
2.849
2.75
2.698
2.647
2.8510000000000004
3.002
2.714
2.819
2.53
2.472
2.587
2.585
2.736
2.6710000000000003
2.352
2.925
2.517
2.809
2.359
2.839
2.406
2.99
2.902
2.657
2.745
2.537
2.485
2.758
2.608
2.85
2.3
2.633
2.131
2.591
2.687
2.985
2.794
2.218
2.861
2.804
2.8510000000000004
2.801
2.763
3.027
2.678
2.801
2.741
2.571
2.637
2.8510000000000004
2.28
2.859
2.627
2.604
2.854
2.411
2.719
2.806
2.522
2.427
2.767
2.604
2.6060000000000003
2.678
2.574
2.576
2.737
2.459
2.688
2.361
2.674
2.756
2.503
1.741
2.266
2.786
2.153
2.667
2.843
2.456
2.603
2.645
2.611
2.861
2.748
2.86
2.813
2.8160000000000003
2.577
2.418
2.629
2.722
2.464
2.769
2.737
2.864
2.943
2.866
2.582
2.738
2.6860000000000004
2.625
2.402
2.926
2.769
3.016
1.7480000000000002
2.6260000000000003
2.595
2.82
2.477
2.787
2.24
2.623
1.776
2.539
2.539
2.749
2.517
2.594
2.804
2.463
2.42
1.113
2.523
2.8510000000000004
2.803
2.449
2.728
2.82
2.866
2.359
2.466
2.536
2.99
2.222
2.832
2.001
2.469
2.797
2.897
2.391
2.725
2.787
2.755
2.752
2.677
2.805
2.823
2.814
2.709
2.612
2.123
2.6830000000000003
2.602
2.58
2.359
2.735
2.125
2.431
2.389
2.727
2.694
2.704
2.696
2.641
2.667
2.499
2.485
2.701
2.678
2.241
2.934
2.797
2.9
2.708
2.672
2.541
2.642
2.465
2.769
2.8310000000000004
2.602
2.849
2.712
2.701
2.689
2.799
2.8760000000000003
2.315
2.591
2.5340000000000003
2.784
2.88
2.917
2.555
2.495
2.734
2.661
2.775
2.506
2.235
2.797
2.709
2.272
2.693
1.978
2.562
2.451
2.809
2.527
2.82
2.458
2.76
2.587
2.08
2.62
2.862
2.827
2.8280000000000003
2.665
2.697
2.805
2.28
2.573
2.867
2.7230000000000003
2.35
2.688
2.482
2.584
2.822
2.696
2.483
2.684
2.625
2.943
2.418
2.608
2.766
2.708
2.829
2.749
2.882
2.565
2.8110000000000004
2.7030000000000003
2.532
2.813
2.837
2.2
2.817
2.354
2.735
2.591
2.137
2.676
2.789
2.668
2.5610000000000004
2.801
2.879
2.73
2.338
3.011
2.6910000000000003
2.835
2.9
2.815
2.555
2.599
2.7110000000000003
2.659
2.634
2.63
2.209
2.729
2.48
2.29
2.679
2.702
2.732
2.678
2.789
2.662
2.74
2.593
2.891
2.758
2.802
2.619
3.127
2.679
2.258
2.519
2.795
2.313
2.801
2.664
2.698
2.675
2.322
2.627
2.742
2.387
2.732
2.595
2.738
2.082
2.824
2.7910000000000004
2.602
2.274
2.64
2.092
2.8110000000000004
2.633
2.587
2.8680000000000003
2.802
2.823
2.7030000000000003
2.341
2.887
2.87
2.839
2.285
2.79
2.679
2.833
2.506
2.875
2.562
3.097
2.72
2.447
2.544
2.65
2.5580000000000003
2.826
2.58
2.665
2.912
2.773
2.6910000000000003
2.657
2.94
2.595
2.649
2.232
2.725
2.852
2.259
2.736
2.361
2.395
2.914
2.86
2.874
2.612
2.689
2.718
2.193
2.421
2.688
2.266
2.7
3.02
2.267
2.587
2.345
1.295
2.769
2.619
2.697
2.591
2.772
2.735
2.818
2.809
2.7060000000000004
2.685
2.565
2.759
2.457
2.736
