2.589
2.47
2.635
2.613
2.655
2.681
2.47
1.57
2.492
2.572
2.481
2.3040000000000003
2.451
2.807
2.755
2.613
2.269
2.495
2.569
2.402
2.303
2.238
2.372
2.62
2.611
2.698
2.4330000000000003
2.556
2.724
2.614
2.4
2.5540000000000003
2.466
2.225
2.55
2.742
2.518
2.3480000000000003
2.693
2.635
2.584
2.587
2.418
2.6630000000000003
3.016
2.536
2.7110000000000003
2.766
2.758
2.692
2.555
2.631
2.6260000000000003
2.725
2.4290000000000003
2.607
2.623
2.282
2.4090000000000003
2.82
2.702
2.784
2.595
2.682
2.6460000000000004
2.375
2.688
2.523
2.758
2.625
2.119
2.576
2.919
2.522
2.486
2.428
2.61
2.609
2.6710000000000003
2.63
2.773
2.86
2.268
2.739
2.439
2.242
2.279
2.363
2.52
2.49
2.9330000000000003
2.779
2.464
2.862
2.847
2.7110000000000003
2.327
2.5380000000000003
2.443
2.86
2.677
2.768
2.6460000000000004
2.522
2.632
2.74
2.52
2.631
2.602
2.8680000000000003
2.735
2.678
2.605
2.486
2.569
2.325
2.654
2.526
2.539
2.648
2.6910000000000003
2.507
2.387
2.737
2.484
2.592
2.527
2.385
2.435
2.6830000000000003
2.55
2.56
2.5980000000000003
2.4130000000000003
2.575
2.505
2.768
2.418
2.563
2.525
2.698
2.49
2.543
2.423
2.725
2.577
2.741
2.544
2.562
2.605
2.684
2.679
2.444
2.617
2.313
2.574
2.68
2.346
2.6060000000000003
2.68
2.67
2.7110000000000003
2.657
2.738
2.6660000000000004
2.56
2.232
2.605
2.624
2.3040000000000003
2.619
2.5980000000000003
2.504
2.632
2.918
2.385
2.56
2.532
2.627
2.417
2.4130000000000003
2.6630000000000003
2.657
2.431
2.648
2.306
2.528
2.567
2.5380000000000003
2.6460000000000004
2.513
2.342
2.6
2.604
2.555
2.736
2.56
2.5380000000000003
2.416
2.329
2.71
2.63
2.858
2.661
2.446
2.486
2.643
2.787
2.6630000000000003
2.716
2.895
2.622
2.543
2.701
2.502
2.474
2.718
2.677
2.532
2.448
2.463
2.432
2.702
2.654
2.523
2.247
2.513
2.759
2.631
2.615
2.829
2.779
2.564
2.825
2.25
2.644
2.667
2.366
2.557
2.675
2.696
2.583
2.5
2.774
2.629
2.65
2.326
2.676
2.537
2.5860000000000003
2.685
2.615
2.589
2.6
2.436
2.689
2.562
2.56
2.648
2.489
2.442
2.782
2.312
2.571
2.702
2.707
2.467
2.556
2.789
2.664
2.6860000000000004
2.736
2.87
2.794
2.86
2.033
2.49
2.594
2.315
2.406
2.803
2.6660000000000004
2.489
2.714
2.388
2.386
2.286
2.358
2.758
2.4290000000000003
2.653
2.43
2.4530000000000003
2.773
2.376
2.423
2.792
2.698
2.565
2.657
2.793
2.521
2.199
2.257
2.7260000000000004
2.5980000000000003
2.422
2.897
2.495
2.365
2.571
2.629
2.584
2.369
2.745
2.877
2.661
2.786
2.5340000000000003
2.798
2.705
2.449
2.497
2.234
2.609
2.8510000000000004
2.76
2.472
2.487
2.6010000000000004
2.331
2.457
2.555
3.136
2.333
2.258
2.556
2.526
2.747
2.4730000000000003
2.425
2.531
2.216
2.765
2.56
2.5780000000000003
2.496
2.895
2.459
2.422
2.432
2.565
2.7
2.492
2.41
2.5580000000000003
2.546
2.634
2.275
2.761
2.399
2.492
2.68
2.627
2.789
2.657
2.542
2.55
2.372
2.804
2.496
2.547
2.809
2.747
2.584
2.458
2.661
2.56
2.688
2.547
2.5980000000000003
2.279
2.65
2.623
2.78
2.841
2.667
2.667
2.482
2.553
2.722
2.303
2.742
2.589
2.649
2.3680000000000003
2.4330000000000003
2.6630000000000003
2.301
2.345
2.489
2.401
2.549
2.55
2.698
2.5580000000000003
2.544
2.909
2.356
2.693
2.609
2.742
2.363
2.694
2.619
2.76
2.935
2.535
2.526
2.423
2.499
2.504
2.818
2.798
2.732
2.47
2.654
2.689
2.724
2.49
2.501
2.442
2.625
2.202
2.652
2.655
2.74
2.464
2.8760000000000003
2.6260000000000003
2.5
2.764
2.7510000000000003
2.472
2.6
2.733
2.548
2.593
2.789
2.417
2.6660000000000004
2.623
2.211
2.431
2.5980000000000003
2.476
2.694
2.623
2.6910000000000003
2.209
2.78
2.629
