2.714
2.461
2.44
2.311
2.489
2.6660000000000004
2.669
2.52
2.349
2.533
2.212
2.5810000000000004
2.649
2.333
2.504
2.576
2.722
2.449
2.7460000000000004
2.7260000000000004
2.428
2.535
2.597
2.451
2.742
2.185
2.389
2.801
2.779
2.766
2.698
2.427
2.608
2.642
2.842
2.402
2.416
2.377
2.643
2.7030000000000003
2.574
2.6860000000000004
2.402
2.437
2.943
2.748
2.5540000000000003
2.475
2.825
2.501
2.604
2.79
2.619
2.644
2.4
2.526
2.399
2.424
2.704
2.341
2.373
2.572
2.543
2.527
2.611
2.523
2.465
2.46
2.5860000000000003
2.739
2.511
2.65
2.736
2.79
2.56
2.722
2.682
2.498
2.637
2.477
2.415
2.798
2.615
2.7960000000000003
2.46
2.6860000000000004
2.6660000000000004
2.513
2.614
2.481
2.535
2.518
2.745
2.344
2.84
2.526
2.571
2.407
2.434
2.42
2.482
2.783
2.55
2.745
2.548
1.831
2.812
2.657
2.83
2.478
2.299
2.7230000000000003
2.651
2.758
2.25
2.465
2.85
2.431
2.461
2.6210000000000004
2.603
2.787
2.819
2.465
2.365
2.632
2.6630000000000003
2.587
2.614
2.685
2.244
3.009
2.735
2.5610000000000004
2.241
2.231
2.496
2.411
2.448
2.7430000000000003
2.619
2.583
2.4330000000000003
2.364
2.391
2.509
2.461
2.452
2.619
2.596
2.699
2.49
2.79
2.657
2.633
2.57
2.597
2.619
2.568
2.426
2.719
2.553
2.64
2.142
2.552
2.662
2.506
2.562
2.59
2.599
2.441
2.613
2.675
2.675
2.51
2.595
2.592
2.659
2.616
2.282
2.688
2.823
2.262
2.653
2.587
2.68
2.678
2.53
2.815
2.687
2.672
2.6210000000000004
2.802
2.347
2.383
2.571
2.425
2.774
2.599
2.599
2.678
3.0010000000000003
2.652
2.428
2.257
2.549
2.636
2.545
2.553
2.8960000000000004
2.4330000000000003
2.696
2.475
2.695
2.928
2.6
2.614
2.571
2.539
2.407
2.612
2.492
2.8160000000000003
2.637
2.557
2.658
2.563
2.467
2.503
2.609
2.508
2.592
2.469
2.2880000000000003
2.489
2.599
2.785
2.5860000000000003
2.6180000000000003
2.423
2.521
2.701
2.434
2.623
2.425
2.639
2.536
2.436
2.747
2.672
2.664
2.738
2.655
2.5540000000000003
2.681
2.535
2.512
2.162
2.819
2.447
2.332
2.4530000000000003
2.4130000000000003
2.362
2.615
2.4730000000000003
2.605
2.521
2.65
2.238
2.577
2.632
2.285
2.492
2.3680000000000003
2.667
2.5980000000000003
2.226
2.526
2.623
2.776
2.754
2.509
2.639
2.681
2.62
2.244
2.62
2.504
2.644
2.535
2.4730000000000003
2.349
2.555
2.688
2.301
2.681
2.366
2.59
2.509
2.463
2.806
2.777
2.469
2.63
2.605
2.379
2.459
2.597
2.289
2.547
2.846
2.469
2.705
2.431
2.049
2.505
2.715
2.526
2.486
2.677
2.8
2.742
2.841
2.5
2.837
2.474
2.49
2.705
2.352
2.549
2.681
2.49
2.603
2.462
2.955
2.793
2.6710000000000003
2.643
2.6710000000000003
2.82
2.658
2.416
2.8680000000000003
2.449
2.555
2.674
2.6
2.5340000000000003
2.258
2.738
2.624
2.614
2.4330000000000003
2.529
2.685
2.567
2.435
2.655
2.481
2.336
2.518
2.507
2.866
2.244
2.489
2.607
2.519
2.608
2.5780000000000003
2.649
2.959
2.246
2.664
2.701
2.529
2.709
2.529
2.637
2.685
2.59
2.9960000000000004
2.417
2.668
2.688
2.664
2.553
2.362
2.695
2.575
2.591
2.4090000000000003
2.948
2.651
2.958
2.798
2.748
2.884
2.63
2.451
2.401
2.647
2.496
2.63
2.294
2.315
2.68
2.329
2.6910000000000003
2.583
2.81
2.268
2.408
2.313
2.426
2.443
2.467
2.7260000000000004
2.647
2.758
2.832
2.518
2.821
2.431
2.478
2.497
2.556
2.815
2.387
2.653
2.6630000000000003
2.403
2.188
2.749
2.857
2.489
2.748
3.446
2.607
2.404
2.533
2.684
2.653
2.546
2.267
2.282
2.579
2.573
2.291
2.702
2.69
2.734
2.642
2.471
2.688
2.541
2.401
2.612
2.667
2.327
2.57
2.744
2.739
2.464
2.615
2.526
2.918
2.688
2.736
2.65
2.562
2.405
2.689
2.643
2.729
2.6060000000000003
2.614
2.394
2.589
2.476
2.772
2.807
2.65
2.7110000000000003
2.692
2.497
2.654
2.311
2.423
2.491
2.523
2.5380000000000003
2.487
2.747
2.657
2.7710000000000004
2.665
2.66
2.675
2.612
2.99
2.641
2.782
2.67
2.684
2.252
2.659
2.6180000000000003
2.524
2.555
2.776
2.406
2.6660000000000004
2.315
2.628
2.386
2.623
2.484
2.64
2.697
2.522
2.838
2.418
2.423
2.714
2.3480000000000003
2.782
2.573
2.365
2.412
2.272
2.567
2.512
2.452
2.402
2.376
2.633
2.677
2.512
2.963
2.46
2.432
2.436
2.64
2.571
2.87
2.636
2.533
2.724
2.4130000000000003
2.445
2.596
2.564
2.592
2.451
2.577
2.45
2.6180000000000003
2.622
2.785
2.827
2.794
2.602
2.707
2.574
2.423
2.467
2.614
3.115
2.4930000000000003
2.436
2.445
2.574
2.839
2.322
2.455
2.669
2.767
2.217
2.29
2.7960000000000003
2.485
2.669
2.417
2.1
2.375
2.607
2.709
2.716
2.552
2.682
2.624
2.476
2.416
2.259
2.301
2.559
2.887
2.347
2.382
2.804
2.584
2.728
2.492
2.323
2.692
2.458
2.367
2.382
2.676
2.141
2.575
2.749
2.571
2.076
2.569
2.451
2.648
2.644
2.31
2.714
2.521
2.545
2.564
2.52
2.517
2.512
2.541
2.508
2.526
2.616
2.573
2.579
2.335
2.608
2.463
2.239
2.635
2.825
2.742
2.611
2.5340000000000003
2.8560000000000003
2.528
2.468
2.632
2.333
2.693
2.72
2.758
2.392
2.528
2.543
2.632
2.6060000000000003
2.171
2.6710000000000003
2.692
2.222
2.697
2.563
2.607
2.416
2.442
2.577
2.485
2.515
2.874
2.631
2.46
2.6060000000000003
2.672
2.657
2.724
2.376
2.559
2.533
2.6210000000000004
2.585
2.438
2.545
2.503
2.774
2.571
2.448
2.765
2.725
2.61
2.37
2.549
2.532
2.42
2.273
2.46
2.525
2.6630000000000003
2.481
2.708
2.777
2.636
2.449
2.676
2.419
3.055
2.705
2.325
2.867
2.6
2.458
2.645
2.717
2.607
2.6830000000000003
2.669
2.657
2.596
2.804
2.346
2.417
2.675
2.989
2.313
2.642
2.769
2.603
2.653
2.591
2.608
2.638
2.438
2.37
2.6460000000000004
2.577
2.391
2.611
2.505
2.329
2.4330000000000003
2.499
2.444
2.536
2.6660000000000004
2.813
2.612
2.677
2.67
2.792
2.884
2.591
2.6
2.342
2.5780000000000003
2.611
2.424
2.682
2.797
2.535
2.692
2.614
2.439
2.367
2.369
2.495
2.471
1.936
2.556
2.74
2.648
2.48
2.33
2.54
2.67
2.815
2.631
2.637
2.495
2.62
2.405
2.642
2.516
2.157
2.734
2.421
2.514
2.483
3.007
2.7710000000000004
2.6630000000000003
2.745
2.33
2.255
2.9560000000000004
2.417
2.483
2.365
2.644
2.385
2.869
2.615
2.7960000000000003
2.7310000000000003
2.674
2.237
2.695
2.569
2.748
2.54
2.567
2.382
2.465
2.7310000000000003
2.537
2.503
2.7
2.573
2.015
2.6180000000000003
2.6
2.535
2.611
2.559
2.815
2.541
2.26
2.465
2.739
2.487
2.404
2.175
2.523
2.855
2.449
2.902
2.275
2.56
2.577
2.741
2.777
2.445
2.735
2.529
2.489
2.83
2.468
2.556
2.375
2.526
2.437
2.644
2.109
2.651
2.7
2.553
2.4
2.5860000000000003
2.682
2.4130000000000003
2.738
2.491
2.641
2.588
2.13
2.667
2.725
2.786
2.573
2.378
2.397
2.599
2.6460000000000004
2.806
2.495
2.818
2.373
2.8
2.572
2.707
2.472
2.722
2.665
1.905
2.536
2.597
2.497
2.584
2.244
2.652
2.613
2.616
2.649
2.841
2.798
2.589
2.699
2.9210000000000003
2.804
2.476
2.713
2.247
2.634
2.292
2.597
2.652
2.874
2.684
2.505
2.615
2.593
2.588
2.573
2.559
2.589
2.514
2.763
2.697
2.699
2.684
2.701
2.316
2.573
2.579
2.761
2.457
2.417
2.501
2.636
2.682
2.895
2.138
2.508
2.674
2.627
2.715
2.812
2.94
2.396
2.341
2.464
2.765
2.656
2.402
2.815
2.255
2.719
2.405
2.749
2.584
2.372
2.528
2.842
2.361
2.442
2.814
2.6830000000000003
2.7710000000000004
2.299
2.6180000000000003
2.722
2.576
2.555
2.589
2.593
2.685
2.644
2.63
2.21
2.532
2.579
2.709
2.577
2.424
2.632
2.577
2.764
2.544
2.78
2.745
2.6260000000000003
2.656
2.542
2.437
2.371
2.587
2.3480000000000003
2.627
2.615
2.285
2.464
2.442
2.491
2.672
2.651
2.58
2.709
2.519
2.756
2.448
2.327
2.66
2.494
2.713
2.596
2.572
2.7230000000000003
2.45
2.772
2.724
2.587
2.576
2.62
2.5380000000000003
2.267
2.546
2.475
2.389
2.724
2.373
2.724
2.476
2.656
2.547
2.516
2.803
2.697
2.268
2.627
2.5780000000000003
2.342
2.797
2.682
2.69
2.613
2.574
2.456
2.744
2.5660000000000003
2.283
2.503
2.7060000000000004
2.694
2.176
2.624
2.571
2.629
2.505
2.506
2.869
2.549
2.815
2.674
2.712
2.69
3.209
2.707
2.572
2.735
2.6
2.441
2.5860000000000003
2.688
2.633
2.665
2.8
2.8080000000000003
2.6910000000000003
2.588
2.693
2.584
2.16
2.701
2.46
2.364
2.32
2.563
2.62
2.65
2.565
2.548
2.655
2.74
2.597
2.7430000000000003
2.1630000000000003
2.625
2.829
2.491
2.617
2.467
2.349
2.532
2.365
2.611
2.59
2.559
2.559
2.502
2.645
2.656
2.704
2.499
2.472
2.542
2.641
2.415
2.992
2.6010000000000004
2.599
2.454
2.6180000000000003
2.381
2.738
2.562
2.572
2.412
2.716
2.729
2.482
2.768
2.582
2.576
2.6660000000000004
2.782
2.682
2.718
2.583
2.479
2.449
2.641
2.644
2.653
2.49
2.783
2.45
2.334
2.632
2.428
2.678
2.817
2.535
2.7260000000000004
2.642
2.669
2.7510000000000003
2.518
2.5860000000000003
2.5580000000000003
2.887
2.766
2.481
2.689
2.579
2.841
2.747
2.647
2.424
2.542
2.893
2.679
2.426
2.63
2.521
2.7460000000000004
2.689
2.522
2.63
2.756
2.675
2.656
2.408
2.461
2.605
2.6660000000000004
2.421
2.531
2.622
2.697
2.587
2.536
2.474
2.461
2.494
2.7460000000000004
2.762
2.306
2.545
2.721
2.466
2.469
2.4
2.834
2.712
2.752
2.47
2.652
2.543
2.376
2.518
2.247
2.6460000000000004
2.571
2.44
2.772
2.597
2.537
2.575
2.756
2.508
2.138
2.69
2.759
2.525
2.602
2.367
2.327
2.521
2.565
2.361
2.727
2.702
2.9330000000000003
2.597
2.504
2.4290000000000003
2.461
2.619
2.627
2.641
2.6
2.477
2.65
2.512
2.557
2.231
2.6860000000000004
2.661
2.42
2.37
2.8160000000000003
2.616
2.582
2.794
2.421
2.438
2.611
2.8
2.483
2.408
2.769
2.594
2.323
2.524
2.494
2.271
2.61
2.613
2.576
2.46
2.721
2.519
2.485
2.645
2.252
2.68
2.587
2.32
2.651
2.893
2.678
2.623
2.8
2.336
2.411
2.764
2.888
2.553
2.484
2.541
2.537
2.682
2.7110000000000003
2.271
2.619
2.515
2.622
2.573
2.721
2.752
2.557
2.748
2.236
2.479
2.546
2.611
2.26
2.6660000000000004
2.765
2.607
2.509
2.766
2.614
2.613
2.777
2.537
2.57
2.533
2.422
2.824
2.63
2.698
2.773
2.499
2.68
2.6060000000000003
2.67
2.631
2.765
2.8
2.7260000000000004
2.4130000000000003
2.772
2.656
2.395
2.422
2.296
2.801
2.484
2.514
2.369
2.62
2.391
2.489
2.8760000000000003
2.289
2.747
2.709
2.562
2.45
2.805
2.467
2.742
2.326
2.466
2.454
2.639
2.591
2.604
2.6660000000000004
2.7310000000000003
2.752
2.965
2.74
2.502
2.623
2.64
2.641
2.721
2.679
2.585
2.6460000000000004
2.5340000000000003
2.484
2.216
2.656
2.6260000000000003
2.508
2.652
2.7260000000000004
1.4469999999999998
2.637
2.506
2.572
2.637
2.714
2.424
2.329
2.622
2.729
2.59
2.438
2.753
2.737
2.6910000000000003
2.4930000000000003
2.362
2.81
2.642
2.767
2.713
2.637
2.4330000000000003
2.571
2.675
2.59
2.498
2.643
2.401
2.394
2.602
2.972
2.513
2.637
2.605
2.593
2.417
2.665
2.377
2.688
2.275
2.794
2.462
2.484
2.717
2.9330000000000003
2.603
2.679
3.004
2.8160000000000003
2.717
2.685
2.596
2.705
2.687
2.65
2.495
2.509
2.579
2.4530000000000003
2.68
2.741
2.934
2.702
2.627
2.415
2.4530000000000003
2.539
2.635
2.69
2.813
2.66
2.533
2.519
2.257
2.403
3.1660000000000004
2.447
2.3480000000000003
2.593
2.647
2.645
2.5860000000000003
2.664
2.329
2.373
2.765
2.6460000000000004
2.647
2.587
2.957
2.57
2.715
2.3680000000000003
2.584
2.689
2.93
2.673
2.694
2.366
2.237
2.545
2.395
2.5660000000000003
2.701
2.326
2.503
2.66
2.774
2.643
2.576
2.655
2.86
2.801
2.682
2.754
2.401
2.575
2.51
2.5660000000000003
2.651
2.215
2.5810000000000004
2.6630000000000003
2.599
2.3040000000000003
2.685
2.58
2.265
2.512
2.613
2.752
2.7430000000000003
2.577
2.652
2.6830000000000003
2.639
2.639
2.355
2.575
2.9730000000000003
2.42
2.736
2.405
2.524
2.826
2.381
2.521
2.549
2.477
2.357
2.4730000000000003
2.2
2.428
2.643
2.472
2.262
2.548
2.42
2.395
2.256
2.428
2.677
2.374
2.162
2.32
2.95
2.5380000000000003
2.435
2.638
2.815
2.395
2.372
2.491
2.351
2.801
2.971
2.559
2.763
2.552
2.549
2.331
2.526
2.46
2.515
2.627
2.886
2.635
2.897
2.337
2.722
2.557
2.7710000000000004
2.219
2.605
2.514
2.6830000000000003
2.406
2.766
2.599
2.753
2.577
2.568
2.39
2.382
1.783
2.465
2.611
2.339
2.515
2.6210000000000004
2.575
2.422
2.264
1.3969999999999998
2.452
2.6910000000000003
2.609
2.491
2.5610000000000004
2.7310000000000003
2.68
2.423
2.37
2.576
2.8360000000000003
2.224
2.709
2.257
2.503
2.594
2.832
2.469
2.627
2.503
2.509
2.6660000000000004
2.499
2.7710000000000004
2.68
2.678
2.6910000000000003
2.366
2.339
2.569
2.651
2.306
2.423
2.609
2.439
2.258
2.506
2.719
2.657
2.652
2.519
2.424
2.5610000000000004
2.4
2.7460000000000004
2.339
2.595
2.667
3.136
2.577
2.794
2.662
2.6010000000000004
2.4
2.597
2.6180000000000003
2.519
2.7110000000000003
2.4330000000000003
2.553
2.45
2.53
2.69
2.681
2.572
2.454
2.608
2.531
2.523
2.827
2.749
2.476
2.345
2.718
2.341
2.67
2.457
2.27
2.669
2.5340000000000003
2.482
2.6910000000000003
2.109
2.47
2.337
2.734
2.5660000000000003
2.608
2.614
2.653
2.593
2.587
2.614
2.846
2.623
2.709
2.383
2.631
2.7960000000000003
2.42
2.384
2.891
2.541
2.109
2.567
2.383
2.486
2.789
2.519
2.527
2.579
2.719
3.01
2.485
2.599
2.5780000000000003
2.82
2.678
2.708
2.67
2.422
2.761
2.547
2.242
2.694
2.6
1.806
2.719
2.13
2.889
2.222
2.359
2.717
2.756
2.715
2.577
2.599
2.672
2.492
2.465
3.039
2.9210000000000003
2.798
2.631
2.942
2.386
2.416
2.588
2.513
2.523
2.228
2.38
2.767
2.685
2.43
2.653
2.6710000000000003
2.721
2.211
2.5660000000000003
2.41
2.591
2.449
2.615
2.714
2.654
2.443
2.756
2.525
2.466
2.476
2.614
2.468
2.605
2.564
2.588
2.523
2.298
2.482
2.5380000000000003
2.527
2.584
2.551
2.616
2.33
2.622
2.605
2.456
2.602
2.55
2.169
2.508
2.5980000000000003
2.624
2.721
2.603
2.669
2.5340000000000003
2.307
2.927
2.573
2.716
2.5810000000000004
2.763
2.667
2.693
2.282
2.812
2.469
2.9610000000000003
2.647
2.525
2.585
2.6
2.25
2.627
2.499
2.356
2.596
2.625
2.692
2.517
2.835
2.3
2.688
2.37
2.44
2.736
2.603
2.704
2.416
2.276
2.589
2.7
2.7230000000000003
2.524
2.709
2.7310000000000003
2.315
2.227
2.712
2.4
2.709
2.665
2.287
2.478
2.467
1.82
2.622
2.502
2.8480000000000003
2.391
2.611
2.5980000000000003
2.645
2.677
2.519
2.634
2.319
2.556
2.3080000000000003
2.804
