2.846
2.6239999999999997
2.6210000000000004
2.563
2.668
2.892
2.969
2.747
2.786
2.755
2.7060000000000004
2.7939999999999996
2.781
2.7289999999999996
2.91
2.948
2.784
2.6289999999999996
2.987
2.784
2.7910000000000004
2.655
2.7260000000000004
2.7710000000000004
2.8369999999999997
2.339
2.5580000000000003
2.9339999999999997
2.799
2.9530000000000003
2.74
2.645
2.773
2.827
2.875
2.9810000000000003
2.717
2.411
2.8989999999999996
2.9010000000000002
2.82
3.1910000000000003
2.8080000000000003
2.845
2.9810000000000003
3.197
2.727
2.699
3.0439999999999996
2.7710000000000004
2.98
3.0780000000000003
2.905
2.948
2.7889999999999997
2.656
2.655
2.735
2.971
2.4819999999999998
2.627
2.8810000000000002
2.793
2.546
2.8510000000000004
2.84
2.7569999999999997
2.511
2.915
2.905
2.535
2.91
2.912
2.988
2.9789999999999996
2.852
3.035
2.73
2.8369999999999997
2.745
2.6719999999999997
3.0260000000000002
2.866
2.903
2.759
2.8710000000000004
2.805
2.909
2.8939999999999997
2.803
2.77
2.6689999999999996
3.0410000000000004
2.6189999999999998
3.008
2.772
2.843
2.8489999999999998
2.7289999999999996
2.597
2.741
2.915
2.759
2.946
2.8139999999999996
2.314
2.8960000000000004
2.735
2.926
2.855
2.699
3.049
2.929
3.049
2.633
2.877
2.989
2.6060000000000003
2.716
2.852
2.733
2.861
3.1710000000000003
2.7119999999999997
2.541
2.7969999999999997
2.971
2.786
2.835
2.989
2.734
3.063
2.9360000000000004
2.693
2.807
2.6210000000000004
2.83
2.615
2.675
3.053
2.793
2.885
2.396
2.702
2.509
2.6210000000000004
2.761
2.77
2.9419999999999997
2.897
2.9010000000000002
2.7239999999999998
3.125
2.862
3.072
2.7969999999999997
2.867
2.915
2.84
2.699
2.782
2.763
3.015
2.65
2.812
3.014
2.707
2.69
2.763
2.8560000000000003
2.6060000000000003
2.8110000000000004
2.946
2.838
2.702
2.6919999999999997
2.63
2.7880000000000003
2.747
2.388
3.029
2.8760000000000003
2.5780000000000003
2.95
2.832
2.872
2.766
2.885
3.022
2.793
2.81
2.852
3.0789999999999997
2.6689999999999996
2.6460000000000004
2.728
2.678
2.636
2.7569999999999997
2.887
2.7539999999999996
3.09
2.9339999999999997
2.685
2.9219999999999997
2.801
2.892
2.8339999999999996
2.812
2.9330000000000003
2.6719999999999997
2.722
2.6510000000000002
3.028
3.108
2.638
2.9419999999999997
2.915
2.763
2.801
2.846
2.785
2.7310000000000003
2.733
2.807
3.0060000000000002
2.772
2.762
2.877
2.7739999999999996
2.764
2.739
2.707
2.761
2.7260000000000004
2.8710000000000004
2.923
2.992
3.015
2.7319999999999998
2.7430000000000003
2.983
2.792
2.833
2.6719999999999997
2.917
2.892
2.802
2.8280000000000003
2.909
2.7939999999999996
2.918
2.841
2.823
2.886
2.885
2.6289999999999996
2.4459999999999997
2.96
2.8280000000000003
2.595
2.7880000000000003
2.717
2.7239999999999998
2.665
2.6430000000000002
2.9930000000000003
2.824
2.7
2.5469999999999997
2.634
2.6239999999999997
2.524
2.701
2.736
2.9
2.81
2.445
2.6519999999999997
2.8369999999999997
3.0
3.043
2.833
3.008
2.9389999999999996
2.859
2.4619999999999997
2.826
2.679
2.7460000000000004
2.943
2.883
2.772
2.748
2.838
2.519
2.9539999999999997
2.622
2.499
2.662
2.842
2.69
3.0380000000000003
2.555
2.972
2.705
2.62
2.603
2.673
2.883
2.812
2.935
2.8560000000000003
2.8310000000000004
2.68
2.5069999999999997
2.7489999999999997
2.88
2.7560000000000002
2.502
3.103
2.7089999999999996
3.002
2.8560000000000003
2.86
3.01
2.6060000000000003
2.516
2.991
2.508
2.61
2.763
2.7510000000000003
2.696
2.536
3.002
3.002
2.8689999999999998
2.853
2.696
3.0239999999999996
2.845
2.903
2.8489999999999998
2.801
2.762
2.75
2.58
2.799
2.571
2.705
2.735
2.8139999999999996
2.73
2.8489999999999998
2.972
2.9389999999999996
2.823
2.721
2.772
2.6319999999999997
2.818
2.7
3.196
2.734
2.659
2.775
2.5789999999999997
2.935
2.7089999999999996
2.8810000000000002
3.1439999999999997
2.5789999999999997
2.7319999999999998
2.9989999999999997
2.71
2.9789999999999996
2.83
3.051
2.846
2.74
2.989
2.823
2.7710000000000004
2.971
2.972
2.7889999999999997
2.546
3.0189999999999997
2.799
2.886
2.819
2.944
2.873
3.0860000000000003
2.84
2.955
2.688
2.7239999999999998
2.801
2.7960000000000003
2.8789999999999996
2.688
2.61
2.3819999999999997
2.7089999999999996
3.088
2.542
2.925
2.877
2.9160000000000004
2.577
2.716
2.6710000000000003
2.5660000000000003
2.8089999999999997
2.6910000000000003
2.884
2.9530000000000003
2.97
3.2230000000000003
3.088
3.032
2.802
2.807
2.7060000000000004
2.696
3.1010000000000004
2.722
3.003
2.7539999999999996
2.7110000000000003
2.4219999999999997
3.0010000000000003
3.141
2.772
2.864
3.411
2.611
2.648
2.787
2.992
2.88
2.803
2.739
2.759
2.693
2.7110000000000003
2.543
2.842
3.073
2.947
3.083
2.608
3.0860000000000003
2.955
2.864
2.845
2.865
2.6639999999999997
3.0439999999999996
2.855
3.1039999999999996
2.6830000000000003
2.813
2.813
3.363
2.9130000000000003
2.885
2.8510000000000004
2.813
2.622
2.821
2.91
2.8510000000000004
2.715
2.888
2.725
2.792
2.6260000000000003
2.963
3.057
3.0010000000000003
2.9560000000000004
3.0410000000000004
2.937
2.824
2.508
2.7319999999999998
2.685
2.7439999999999998
2.56
2.685
2.819
2.9610000000000003
3.279
2.6860000000000004
2.98
3.17
2.827
3.252
2.801
2.798
2.951
2.8760000000000003
2.648
2.867
2.557
2.6210000000000004
2.645
2.861
2.612
3.0389999999999997
2.511
2.938
2.735
2.755
2.546
2.7489999999999997
3.2680000000000002
2.803
2.9130000000000003
2.582
2.924
2.966
2.705
2.9330000000000003
2.877
2.512
2.57
2.4219999999999997
2.8930000000000002
2.725
2.793
2.91
2.727
2.891
2.835
2.625
3.07
2.8760000000000003
2.679
2.927
2.8760000000000003
2.7119999999999997
2.935
3.04
2.807
2.926
2.676
2.7939999999999996
2.806
2.59
3.06
2.687
2.827
2.508
2.8339999999999996
2.892
2.955
2.992
2.7939999999999996
2.885
2.8680000000000003
2.759
2.783
2.75
2.865
3.0039999999999996
2.6310000000000002
2.818
2.821
2.702
3.042
2.487
2.675
2.911
2.875
2.678
2.6010000000000004
2.88
2.758
3.055
2.727
2.634
2.725
2.806
2.8089999999999997
2.9210000000000003
2.8689999999999998
2.8689999999999998
2.701
2.865
2.414
2.728
2.6
2.7539999999999996
3.158
2.923
2.782
3.012
2.66
2.7680000000000002
2.68
2.714
2.7460000000000004
2.6719999999999997
2.597
2.782
2.8
2.356
2.875
3.112
2.8369999999999997
2.521
2.935
2.772
2.815
2.945
2.364
2.782
2.965
2.665
2.928
2.6910000000000003
2.775
2.7880000000000003
2.9530000000000003
2.6069999999999998
2.917
2.7260000000000004
2.526
2.906
2.676
2.9760000000000004
2.722
2.573
2.8930000000000002
2.9419999999999997
2.767
2.832
2.798
2.904
2.717
2.676
2.9139999999999997
2.5989999999999998
2.642
2.827
2.944
2.641
2.952
2.755
2.7510000000000003
2.819
2.556
2.99
2.995
2.5140000000000002
2.985
2.827
2.91
2.778
2.752
2.807
2.84
2.7489999999999997
2.938
3.075
2.9610000000000003
2.733
2.775
2.7689999999999997
2.932
2.648
2.673
2.762
2.714
2.9210000000000003
2.82
2.9
2.7289999999999996
2.76
2.84
2.6889999999999996
3.095
2.9160000000000004
2.878
2.738
2.815
2.571
2.628
2.559
2.6039999999999996
2.8110000000000004
2.764
2.819
2.946
3.138
2.807
2.638
3.054
2.7769999999999997
2.898
2.92
2.707
2.926
2.479
2.685
2.6710000000000003
2.898
2.818
2.694
2.608
2.705
2.765
2.977
2.821
2.591
2.8539999999999996
3.2
2.62
2.9410000000000003
2.75
2.891
2.847
2.694
2.721
3.0269999999999997
2.7710000000000004
2.635
2.911
2.6660000000000004
2.804
2.925
2.838
2.61
2.719
2.847
2.7769999999999997
2.627
2.887
2.781
2.853
3.0039999999999996
2.989
2.85
3.032
2.818
2.8160000000000003
2.6510000000000002
2.955
2.867
2.79
2.891
3.1460000000000004
2.903
3.0380000000000003
2.8080000000000003
2.662
2.727
2.545
2.805
2.613
2.645
2.7289999999999996
2.991
2.458
2.77
2.668
2.821
2.88
2.7560000000000002
2.497
2.8280000000000003
2.779
3.005
2.592
2.923
2.971
2.425
2.957
2.6860000000000004
2.715
2.7739999999999996
3.292
2.897
2.878
2.978
2.465
2.617
3.0460000000000003
2.798
2.787
2.478
2.926
2.747
2.9339999999999997
2.83
3.128
2.925
2.835
2.7039999999999997
2.946
2.905
2.908
2.6919999999999997
2.92
2.46
2.758
2.8680000000000003
2.805
2.7030000000000003
2.903
2.673
2.197
3.073
2.775
2.866
2.698
2.767
3.0269999999999997
2.7969999999999997
2.677
2.705
2.864
2.719
2.82
2.388
2.8489999999999998
3.09
2.574
2.81
2.787
2.8710000000000004
2.8139999999999996
2.967
2.903
2.755
2.977
2.864
2.772
3.1210000000000004
2.478
2.752
2.69
2.682
2.748
2.7119999999999997
2.592
2.9789999999999996
3.065
2.9219999999999997
2.44
3.08
3.016
2.698
3.037
2.77
2.8360000000000003
2.9339999999999997
2.603
2.67
3.037
2.9130000000000003
2.7460000000000004
2.713
2.69
2.944
3.033
2.8089999999999997
2.753
3.123
2.642
2.886
2.537
3.0869999999999997
2.67
2.864
2.963
2.807
2.935
2.8139999999999996
2.932
2.8989999999999996
2.3369999999999997
2.944
2.419
2.758
3.032
2.926
2.9819999999999998
2.89
3.051
3.213
2.915
2.886
2.865
2.622
2.878
2.7430000000000003
2.775
2.883
3.234
2.97
2.779
2.806
3.01
2.7089999999999996
2.7889999999999997
2.7239999999999998
2.884
2.7910000000000004
2.8360000000000003
2.877
2.885
3.0869999999999997
2.793
2.696
2.653
2.7239999999999998
3.15
2.6460000000000004
2.8080000000000003
2.656
2.7030000000000003
2.773
3.091
2.866
2.715
3.0010000000000003
2.9360000000000004
2.833
3.1239999999999997
3.0810000000000004
2.6439999999999997
2.62
2.719
2.951
2.7510000000000003
2.772
3.2560000000000002
2.733
2.7760000000000002
2.6830000000000003
2.992
2.8989999999999996
2.787
2.802
3.0839999999999996
2.572
2.8089999999999997
2.7460000000000004
3.0039999999999996
3.139
2.655
2.94
2.9219999999999997
2.875
2.759
2.955
2.67
2.988
3.035
2.8939999999999997
2.855
2.779
2.7319999999999998
2.928
2.661
2.736
2.6910000000000003
2.73
2.998
2.7710000000000004
3.115
2.8710000000000004
2.734
2.866
2.9560000000000004
2.668
2.781
2.793
2.6719999999999997
2.905
3.109
2.633
2.938
3.037
2.819
2.9410000000000003
2.84
2.792
2.875
2.9210000000000003
3.1189999999999998
2.484
2.615
2.8989999999999996
2.833
2.932
2.721
2.944
2.758
2.6060000000000003
2.99
2.84
2.9410000000000003
2.943
2.803
2.79
2.609
2.803
2.741
2.745
2.8960000000000004
2.519
3.043
2.69
2.98
3.022
2.7319999999999998
2.963
3.0260000000000002
2.42
2.917
2.873
2.6689999999999996
2.8510000000000004
3.045
2.964
3.1310000000000002
2.907
2.891
2.815
2.67
2.39
2.761
2.872
2.845
2.483
2.843
2.677
2.702
2.742
2.6
3.011
2.7569999999999997
2.915
2.947
2.928
2.9219999999999997
3.116
3.0210000000000004
2.827
2.971
2.9539999999999997
2.7560000000000002
2.675
2.843
2.977
2.8960000000000004
2.9789999999999996
3.005
2.86
2.826
2.716
2.839
2.533
2.904
2.832
2.7460000000000004
2.523
2.864
2.883
2.807
2.923
2.906
2.895
2.659
2.906
2.66
2.407
3.049
2.992
2.733
2.761
2.696
2.806
2.7039999999999997
2.718
2.855
2.7030000000000003
2.7239999999999998
2.659
2.883
2.784
2.915
2.909
2.943
2.67
2.747
2.94
2.6889999999999996
3.0460000000000003
2.927
2.972
2.82
2.792
2.56
2.9530000000000003
2.9160000000000004
2.656
2.5839999999999996
2.8739999999999997
3.0589999999999997
2.687
2.915
2.815
2.883
2.639
2.9130000000000003
2.992
2.71
2.8369999999999997
2.7310000000000003
2.66
2.7760000000000002
2.958
2.853
2.6719999999999997
2.943
2.727
2.43
2.929
2.7560000000000002
2.8560000000000003
3.074
2.8560000000000003
3.0589999999999997
2.84
2.93
2.8760000000000003
2.68
2.737
2.806
3.1189999999999998
3.0810000000000004
2.924
2.997
2.938
2.984
3.262
2.87
2.824
2.792
3.0260000000000002
2.898
2.6460000000000004
3.014
2.69
2.79
2.8089999999999997
2.6439999999999997
2.958
2.844
2.7489999999999997
2.997
2.67
2.927
2.8810000000000002
2.69
2.6489999999999996
2.75
2.9589999999999996
2.9
2.897
2.824
2.6660000000000004
2.761
2.737
2.98
2.9139999999999997
2.6310000000000002
2.822
2.9210000000000003
2.574
2.908
2.822
3.052
2.968
3.1210000000000004
2.767
3.1310000000000002
2.955
2.589
2.657
2.589
2.8139999999999996
2.702
2.883
3.07
2.8
2.755
3.05
3.035
2.739
2.866
2.873
2.815
2.798
3.06
2.6069999999999998
2.734
2.5810000000000004
2.885
2.572
2.8089999999999997
3.125
3.115
2.715
2.8360000000000003
2.755
2.87
2.753
3.049
2.783
2.884
2.7110000000000003
2.9330000000000003
2.877
2.7710000000000004
2.615
3.137
2.992
2.719
2.642
2.99
2.761
2.905
2.747
2.5269999999999997
2.8139999999999996
2.764
2.878
2.7569999999999997
2.73
3.096
2.783
2.5
2.805
2.695
2.657
2.694
2.6839999999999997
2.6519999999999997
2.759
2.904
2.842
2.478
2.818
2.625
2.8289999999999997
2.846
2.719
2.734
2.92
2.8539999999999996
2.9930000000000003
3.157
2.721
2.5660000000000003
3.017
2.963
2.6430000000000002
2.821
2.72
2.687
2.7289999999999996
2.9939999999999998
2.78
2.8510000000000004
2.888
2.8280000000000003
2.705
3.008
2.773
2.722
3.0189999999999997
2.439
2.407
2.727
2.819
2.513
2.97
2.9219999999999997
2.9139999999999997
2.6889999999999996
2.9
3.013
2.7769999999999997
3.176
2.6889999999999996
2.7089999999999996
2.6710000000000003
2.574
3.102
2.912
2.782
2.888
2.8289999999999997
2.835
2.694
2.911
2.8289999999999997
2.884
3.0269999999999997
2.775
2.7439999999999998
3.03
3.065
2.577
2.69
2.718
2.9530000000000003
2.832
2.97
2.654
2.675
2.762
2.488
3.052
2.451
2.95
2.863
2.862
3.2
2.8960000000000004
2.734
2.931
2.7089999999999996
2.5610000000000004
2.9410000000000003
2.7689999999999997
2.8489999999999998
2.8080000000000003
2.975
2.935
2.798
2.9419999999999997
2.955
2.76
2.699
2.667
2.9819999999999998
3.0010000000000003
2.74
2.7680000000000002
2.822
2.697
2.451
2.82
2.8310000000000004
2.7239999999999998
2.6689999999999996
2.9219999999999997
2.988
1.64
2.986
2.804
2.767
2.767
2.99
2.75
2.497
2.7439999999999998
2.9560000000000004
2.9810000000000003
2.64
2.952
2.8110000000000004
2.801
2.4930000000000003
2.927
2.8939999999999997
2.907
3.012
2.9360000000000004
2.9139999999999997
2.964
2.8819999999999997
2.762
2.818
2.681
2.824
2.574
2.719
2.998
3.055
2.719
2.815
2.827
2.83
2.517
2.8810000000000002
2.353
2.7910000000000004
2.596
2.887
2.5660000000000003
2.546
3.136
2.892
2.7430000000000003
2.9
2.7969999999999997
3.012
2.9619999999999997
3.07
2.858
3.011
2.864
2.853
2.616
2.842
2.861
2.839
2.84
2.972
3.002
3.013
2.7969999999999997
2.673
2.964
2.745
2.781
2.911
2.96
2.708
2.659
2.5789999999999997
2.6430000000000002
2.5980000000000003
3.2539999999999996
2.734
2.7119999999999997
2.7689999999999997
2.8089999999999997
2.6710000000000003
2.747
2.966
2.611
2.513
2.835
2.93
2.945
2.847
2.9339999999999997
2.931
2.9619999999999997
2.713
2.741
2.8569999999999998
3.073
2.967
2.87
2.8489999999999998
2.5610000000000004
2.7489999999999997
2.728
2.77
2.8539999999999996
2.6310000000000002
2.878
2.772
2.908
3.005
2.985
2.741
3.1210000000000004
3.033
2.867
2.7939999999999996
2.714
2.7030000000000003
2.7960000000000003
2.766
2.8739999999999997
2.5780000000000003
2.875
2.6430000000000002
2.798
2.6519999999999997
3.0789999999999997
2.717
2.3680000000000003
2.986
2.85
3.089
2.908
3.009
3.153
2.7769999999999997
2.75
2.9410000000000003
2.761
2.708
2.978
2.6919999999999997
2.821
2.541
2.7089999999999996
2.9210000000000003
2.608
2.717
2.803
2.72
2.7319999999999998
2.7510000000000003
2.6489999999999996
2.8280000000000003
2.897
2.694
2.642
2.885
2.843
2.7539999999999996
2.424
2.782
2.832
2.636
2.4459999999999997
2.677
3.005
2.6069999999999998
2.583
2.835
2.875
2.602
2.5540000000000003
2.736
2.748
2.82
3.0580000000000003
2.787
3.0639999999999996
2.676
2.8280000000000003
2.6010000000000004
2.81
2.676
2.8760000000000003
2.792
3.013
2.9760000000000004
2.911
2.56
2.8089999999999997
2.779
2.9739999999999998
2.6
2.9189999999999996
2.918
2.98
2.415
2.78
2.969
2.8369999999999997
2.76
2.935
2.494
2.739
2.878
2.572
2.764
2.7460000000000004
2.7960000000000003
2.698
3.1010000000000004
2.884
2.616
1.545
2.6889999999999996
2.9539999999999997
3.137
2.4459999999999997
2.821
2.891
2.951
2.698
2.747
2.781
3.083
2.627
2.863
2.4730000000000003
2.6289999999999996
2.935
3.0439999999999996
2.727
2.81
2.81
2.7969999999999997
2.915
2.733
2.998
3.0439999999999996
2.949
2.9139999999999997
2.65
2.585
2.8139999999999996
2.821
2.8539999999999996
2.698
2.9789999999999996
2.7880000000000003
2.7
2.454
2.807
2.785
2.786
2.799
2.719
2.753
2.608
3.02
2.628
2.6919999999999997
2.9610000000000003
3.217
2.863
3.0060000000000002
2.9960000000000004
2.699
2.772
2.8160000000000003
2.8960000000000004
2.843
2.966
2.717
3.012
2.728
2.859
2.765
2.93
2.738
2.742
2.752
2.804
2.8339999999999996
2.977
3.07
2.699
2.483
2.7769999999999997
2.7
2.927
2.688
2.572
2.82
2.884
2.7039999999999997
2.846
2.358
2.66
2.781
2.752
2.752
3.1319999999999997
2.821
2.728
2.945
2.575
2.8080000000000003
3.137
2.925
3.0189999999999997
2.7539999999999996
2.926
3.008
2.6919999999999997
2.721
3.033
2.8480000000000003
2.576
2.8139999999999996
2.6069999999999998
2.897
3.012
2.799
2.677
3.034
2.8930000000000002
3.235
2.805
2.778
2.8289999999999997
2.81
2.92
2.6860000000000004
2.91
2.6260000000000003
2.8989999999999996
2.852
2.476
2.7889999999999997
3.0639999999999996
2.387
2.925
2.3680000000000003
3.002
2.658
2.543
2.696
3.034
2.6719999999999997
2.641
2.799
2.7030000000000003
2.778
2.741
3.1860000000000004
2.844
2.865
2.945
3.088
2.634
2.739
2.736
2.761
2.7510000000000003
2.634
2.51
3.1010000000000004
2.988
2.656
2.734
2.755
3.088
2.7769999999999997
2.9539999999999997
2.616
2.7439999999999998
2.6430000000000002
2.87
2.847
2.884
2.8539999999999996
3.102
2.7289999999999996
2.741
2.5660000000000003
2.9189999999999996
2.6689999999999996
2.886
2.889
2.702
2.81
2.5980000000000003
2.7239999999999998
2.786
2.761
2.602
2.642
2.846
2.419
2.8739999999999997
2.812
2.761
2.638
2.8139999999999996
2.641
2.8080000000000003
2.78
2.846
2.889
2.8480000000000003
3.0039999999999996
2.7960000000000003
2.717
3.1
2.762
2.7539999999999996
2.636
3.053
2.9360000000000004
2.965
2.6289999999999996
3.165
2.7110000000000003
3.196
2.822
2.674
2.8080000000000003
2.786
2.62
3.06
2.787
2.64
2.8739999999999997
2.8139999999999996
2.84
2.7560000000000002
3.111
2.6060000000000003
2.955
2.4930000000000003
2.6519999999999997
2.995
2.4730000000000003
2.864
2.747
2.728
2.9530000000000003
2.778
2.944
2.713
2.8689999999999998
2.926
2.414
2.3890000000000002
2.7319999999999998
2.582
2.92
3.055
2.5
2.889
2.728
1.804
2.992
2.75
2.984
2.943
2.8110000000000004
2.8339999999999996
2.883
3.045
2.822
2.7769999999999997
2.6010000000000004
2.877
2.6689999999999996
2.786
