2.852
2.69
2.918
2.544
3.091
2.937
2.76
2.066
2.73
2.85
2.634
2.48
2.8489999999999998
3.065
2.9789999999999996
3.125
2.7489999999999997
2.8339999999999996
2.737
2.444
2.845
2.416
2.7289999999999996
2.735
2.852
3.057
2.827
2.9189999999999996
2.9130000000000003
2.888
2.6689999999999996
2.734
2.8760000000000003
2.502
2.699
3.033
2.535
2.7110000000000003
2.844
2.654
2.832
2.864
2.61
2.8360000000000003
2.969
2.843
2.84
2.932
2.9219999999999997
2.824
2.8369999999999997
3.015
2.8139999999999996
3.111
2.434
3.0069999999999997
2.888
2.832
2.713
2.99
2.823
3.072
2.877
2.725
3.1189999999999998
2.805
2.8819999999999997
3.014
3.174
2.496
2.463
2.5869999999999997
3.0469999999999997
2.807
2.846
2.6639999999999997
2.8789999999999996
2.795
2.847
2.906
3.073
2.94
2.505
2.898
2.79
2.765
2.694
2.677
2.873
2.8160000000000003
2.875
3.0410000000000004
2.727
2.949
2.7089999999999996
2.975
2.427
2.698
2.7239999999999998
3.1289999999999996
2.7910000000000004
2.795
3.0580000000000003
2.6289999999999996
2.8680000000000003
2.82
2.832
2.992
2.568
2.8819999999999997
2.821
2.917
3.025
2.707
2.6910000000000003
2.6719999999999997
2.91
2.7939999999999996
2.687
2.96
3.008
2.705
2.552
2.759
2.738
2.9339999999999997
2.76
2.8089999999999997
2.6060000000000003
2.889
2.7260000000000004
2.801
2.8369999999999997
2.835
2.866
2.701
3.0189999999999997
2.5140000000000002
2.733
2.7969999999999997
2.931
2.6719999999999997
2.721
2.7569999999999997
2.96
2.54
2.995
2.616
2.795
2.7030000000000003
2.842
2.8110000000000004
2.6010000000000004
2.8939999999999997
2.3369999999999997
2.673
2.8810000000000002
2.721
2.863
2.7239999999999998
2.944
2.923
2.8
3.116
2.898
2.9739999999999998
2.665
3.0060000000000002
2.846
2.718
2.85
2.8280000000000003
2.803
2.752
2.903
2.635
2.807
2.826
2.8169999999999997
2.7430000000000003
2.529
2.803
2.78
2.91
2.891
2.675
2.7430000000000003
2.694
2.863
3.052
2.627
2.582
2.715
2.947
2.911
2.8939999999999997
2.912
2.7489999999999997
2.495
2.636
2.938
2.926
2.8369999999999997
2.887
2.7569999999999997
2.765
2.9210000000000003
2.892
2.763
2.761
2.977
3.109
2.793
2.903
2.8819999999999997
2.685
3.091
2.89
2.7880000000000003
2.708
2.6689999999999996
2.7439999999999998
3.02
3.009
2.8760000000000003
2.627
2.655
2.85
2.89
2.8139999999999996
2.6639999999999997
3.083
2.931
2.9339999999999997
2.654
2.932
2.7760000000000002
2.67
2.8789999999999996
2.841
2.9189999999999996
2.6689999999999996
2.781
3.0060000000000002
2.713
2.7569999999999997
2.556
2.864
2.8510000000000004
3.135
2.866
3.2510000000000003
2.678
2.985
2.65
3.077
2.7310000000000003
2.822
2.866
2.873
2.728
2.975
2.685
2.779
2.8169999999999997
2.782
2.8480000000000003
2.721
2.9589999999999996
2.967
3.08
2.7569999999999997
3.2689999999999997
3.07
3.222
2.823
2.5980000000000003
2.8160000000000003
2.3930000000000002
2.9139999999999997
3.049
2.782
2.911
3.117
2.535
2.718
2.6639999999999997
2.676
3.054
2.44
2.8739999999999997
2.8689999999999998
2.798
2.877
2.7489999999999997
2.728
3.14
2.859
2.6289999999999996
2.99
3.2039999999999997
2.8080000000000003
2.5780000000000003
2.4730000000000003
2.9
2.884
2.685
2.734
2.7760000000000002
2.685
2.73
2.943
2.792
2.7110000000000003
3.033
2.986
2.823
2.944
2.9130000000000003
2.909
2.764
2.801
2.865
2.4659999999999997
2.4730000000000003
2.9419999999999997
3.103
2.65
2.7
2.6830000000000003
2.555
2.7289999999999996
2.8169999999999997
3.217
2.525
2.596
2.801
2.6180000000000003
2.895
2.818
2.84
2.767
2.376
2.872
2.773
2.865
2.362
3.174
2.6239999999999997
2.7689999999999997
2.6189999999999998
2.568
2.898
2.7319999999999998
2.779
2.7769999999999997
2.8139999999999996
2.734
2.763
3.062
2.5380000000000003
2.803
2.387
2.667
2.7489999999999997
2.967
2.384
2.7710000000000004
2.461
2.968
2.716
2.9939999999999998
3.112
2.957
2.927
2.488
3.0439999999999996
2.786
2.826
2.852
2.966
2.694
2.923
2.895
3.1519999999999997
2.9619999999999997
2.819
2.766
2.866
2.7260000000000004
2.989
2.7089999999999996
2.747
2.833
2.948
2.7
2.762
2.685
2.721
2.603
2.488
2.625
2.844
2.753
2.95
2.815
2.764
3.2310000000000003
2.2880000000000003
2.992
2.785
2.966
2.7910000000000004
3.03
2.861
2.7889999999999997
3.123
2.782
2.918
2.6919999999999997
2.7889999999999997
2.739
2.6630000000000003
2.806
2.758
2.929
2.85
2.63
3.003
2.699
2.8689999999999998
2.7110000000000003
2.7039999999999997
2.366
2.937
2.798
2.8989999999999996
2.713
3.12
2.878
2.781
2.861
2.843
2.627
2.946
2.575
2.667
2.878
2.987
2.88
2.889
2.782
2.497
2.647
2.833
2.719
2.805
2.852
3.21
2.526
2.9339999999999997
2.81
