2.512
2.441
2.4659999999999997
2.4330000000000003
2.516
2.4930000000000003
2.472
2.594
2.51
2.57
2.352
2.57
2.519
2.153
2.4459999999999997
2.7119999999999997
2.441
2.42
2.404
2.522
2.9219999999999997
2.327
2.665
2.4419999999999997
2.5269999999999997
1.758
2.3040000000000003
2.8930000000000002
2.502
2.5839999999999996
2.641
2.525
2.128
2.492
2.6689999999999996
2.4819999999999998
2.362
2.354
2.499
2.5660000000000003
2.549
2.557
2.457
2.574
2.659
2.728
2.419
2.424
2.603
2.642
2.755
2.62
2.432
2.17
2.394
2.411
2.369
2.522
2.613
2.443
2.376
2.597
2.512
2.394
2.583
2.4330000000000003
2.6660000000000004
2.224
2.64
2.62
2.195
2.588
2.51
2.7939999999999996
2.55
2.708
2.6630000000000003
2.443
2.489
2.48
2.502
2.625
2.8789999999999996
2.485
2.3819999999999997
2.417
2.5839999999999996
2.5839999999999996
2.76
2.583
2.418
2.394
2.7439999999999998
2.373
2.5140000000000002
2.568
2.7910000000000004
2.342
2.439
1.975
2.7310000000000003
2.573
2.497
2.548
2.3930000000000002
1.749
2.603
2.418
2.499
2.515
2.622
2.6430000000000002
2.501
2.864
2.05
2.536
2.633
2.3609999999999998
2.719
2.4019999999999997
2.5789999999999997
2.1319999999999997
2.8689999999999998
2.373
2.3409999999999997
2.59
2.485
2.5789999999999997
2.483
2.511
2.526
2.716
2.398
2.381
2.36
2.2880000000000003
2.5069999999999997
2.4090000000000003
2.476
2.688
2.73
2.6319999999999997
2.511
2.411
2.1719999999999997
2.572
2.5610000000000004
2.421
2.562
2.531
2.572
2.485
2.667
2.426
2.635
2.49
2.5639999999999996
2.787
2.5789999999999997
2.44
2.43
2.658
2.513
2.674
2.333
2.6860000000000004
2.424
2.502
2.676
2.4130000000000003
2.343
2.333
2.485
2.572
2.697
2.58
2.407
2.459
2.577
2.325
2.787
2.8360000000000003
2.3930000000000002
2.722
2.479
2.654
2.4290000000000003
2.594
2.495
2.5469999999999997
2.7030000000000003
2.4019999999999997
2.543
2.572
2.407
2.483
2.4130000000000003
2.528
2.572
2.563
2.5989999999999998
2.843
2.6239999999999997
2.43
2.852
2.634
2.687
2.451
2.4130000000000003
2.559
2.26
2.4330000000000003
2.455
2.5540000000000003
2.5980000000000003
2.262
2.456
2.6
2.542
2.6060000000000003
2.483
2.417
2.8369999999999997
2.596
2.6060000000000003
2.903
2.5380000000000003
2.541
2.515
2.427
2.892
2.322
2.471
2.407
2.362
2.545
2.476
2.477
2.693
2.435
2.485
2.635
2.489
2.576
2.372
2.531
2.5269999999999997
2.634
2.812
2.536
2.5810000000000004
2.668
2.541
2.3930000000000002
2.369
2.471
2.5639999999999996
2.201
2.61
2.319
2.625
2.47
2.526
2.459
2.6180000000000003
2.406
2.532
2.396
2.464
2.238
2.4459999999999997
2.614
2.463
2.613
2.39
2.63
2.573
2.315
2.6639999999999997
2.549
2.553
2.687
2.36
2.5069999999999997
2.8510000000000004
2.5869999999999997
2.039
2.461
2.523
2.339
2.431
2.577
2.354
2.373
2.595
2.394
2.526
2.523
2.592
2.559
2.454
2.673
2.71
2.8
2.543
3.0060000000000002
2.379
2.483
2.531
2.702
2.456
2.6439999999999997
2.494
2.565
2.18
2.645
2.332
2.63
2.622
2.151
2.528
2.372
2.722
2.541
2.575
2.589
2.55
2.5669999999999997
2.592
2.199
2.395
2.404
2.469
2.396
2.611
2.472
2.807
2.523
2.412
2.741
2.8160000000000003
2.6039999999999996
2.5540000000000003
2.356
2.937
2.427
2.474
2.503
2.504
2.099
2.469
2.016
2.475
2.763
2.521
2.9339999999999997
2.414
2.318
2.609
2.4090000000000003
2.4019999999999997
2.42
2.204
2.8930000000000002
2.526
2.659
2.546
2.802
2.383
2.5469999999999997
2.4
2.844
2.501
2.548
2.5540000000000003
2.504
2.5340000000000003
2.334
2.515
2.572
2.439
2.708
2.335
2.575
2.463
2.6439999999999997
2.498
2.291
2.602
2.511
2.623
2.419
2.492
2.795
2.888
2.602
2.575
2.3040000000000003
2.414
2.508
2.541
2.585
2.497
2.237
2.327
2.176
2.544
2.35
2.715
2.595
2.552
2.424
2.616
2.367
2.426
2.656
2.279
2.5660000000000003
2.658
2.7230000000000003
2.602
2.379
2.5839999999999996
2.545
2.589
2.255
2.439
2.839
2.296
2.444
2.54
2.24
2.415
2.6919999999999997
2.54
2.431
2.556
3.4589999999999996
2.734
2.516
2.431
2.464
2.457
2.718
2.923
2.3819999999999997
2.49
2.43
2.365
2.542
2.095
2.364
1.9409999999999998
2.546
2.72
2.48
2.459
2.577
2.608
2.488
2.6289999999999996
2.585
2.68
2.4419999999999997
2.5860000000000003
2.582
2.778
2.7039999999999997
2.477
2.679
2.541
2.491
2.537
2.4530000000000003
2.59
2.4419999999999997
2.636
2.7760000000000002
2.487
2.6910000000000003
2.424
2.667
2.4930000000000003
2.582
2.609
2.83
2.6910000000000003
2.4
2.435
2.659
2.528
2.475
2.5810000000000004
2.451
2.699
2.7969999999999997
2.421
2.574
2.445
2.285
2.975
2.512
2.516
2.7289999999999996
2.6919999999999997
2.327
2.405
2.589
2.481
2.552
2.468
2.435
2.352
2.344
2.713
2.419
2.759
2.383
2.468
2.378
2.503
2.68
2.306
2.539
2.557
2.585
2.5869999999999997
2.379
2.5869999999999997
2.289
2.293
2.521
2.354
2.464
2.5989999999999998
2.44
2.544
2.633
2.457
2.765
2.5980000000000003
2.452
2.591
2.557
2.7110000000000003
2.8989999999999996
2.72
2.5839999999999996
2.656
2.582
2.505
2.38
2.419
2.65
2.384
2.638
2.301
1.871
2.6430000000000002
2.563
2.716
2.474
2.68
2.49
2.5610000000000004
2.572
2.498
2.454
2.927
2.4659999999999997
2.488
2.3930000000000002
2.532
2.673
2.1790000000000003
2.3609999999999998
2.509
2.6189999999999998
2.593
2.485
2.588
2.484
2.9389999999999996
2.63
2.398
2.5140000000000002
2.9810000000000003
2.5380000000000003
2.7119999999999997
1.9
2.521
2.457
2.4330000000000003
2.142
2.403
2.412
2.3930000000000002
1.933
2.786
2.523
2.8280000000000003
2.398
2.434
2.411
2.418
2.609
2.2430000000000003
2.699
2.523
2.568
2.151
2.494
1.8730000000000002
2.324
2.471
2.6319999999999997
2.5669999999999997
2.5839999999999996
2.617
2.399
2.4290000000000003
2.888
2.4530000000000003
2.448
2.37
2.543
2.435
2.521
2.378
2.6439999999999997
2.439
2.378
2.681
2.362
2.528
2.5610000000000004
2.227
2.568
2.759
2.676
2.485
2.638
2.717
2.449
2.347
2.343
2.61
2.461
2.539
2.678
2.279
2.884
2.58
2.537
2.5610000000000004
2.395
2.608
2.687
2.336
1.744
2.314
2.449
2.444
2.555
2.725
2.354
2.498
2.426
2.785
2.543
2.501
2.647
2.6310000000000002
2.637
2.376
2.411
2.526
2.387
2.594
2.555
2.435
2.502
2.515
2.448
2.351
2.73
2.501
2.68
2.1719999999999997
2.467
2.401
2.478
2.7439999999999998
2.278
2.574
2.759
2.495
2.515
2.668
2.543
2.364
2.7260000000000004
2.75
2.6860000000000004
2.55
2.355
2.806
2.6069999999999998
2.562
2.6710000000000003
2.765
2.502
2.4530000000000003
2.592
2.487
2.3930000000000002
2.573
2.5340000000000003
2.392
2.41
2.5180000000000002
2.189
2.806
2.479
2.6180000000000003
2.556
2.4290000000000003
2.427
2.563
2.585
2.315
2.526
2.398
2.823
2.478
2.37
2.78
2.2430000000000003
2.6630000000000003
2.475
2.342
2.331
1.699
2.611
2.559
2.5540000000000003
2.761
2.784
2.4619999999999997
2.597
2.428
2.596
2.617
2.487
2.575
2.635
2.438
2.707
2.568
2.517
2.725
2.316
2.426
2.206
2.4130000000000003
2.46
2.6239999999999997
2.33
2.445
2.492
2.536
3.093
2.614
2.089
2.5639999999999996
2.375
2.625
2.24
2.449
2.048
2.381
1.716
2.957
2.5610000000000004
2.585
2.2119999999999997
2.286
2.62
2.634
2.1919999999999997
2.403
2.805
1.963
2.637
2.332
2.399
2.68
2.499
2.457
2.221
2.444
2.449
2.501
2.6830000000000003
2.516
2.6889999999999996
2.633
2.532
2.253
2.395
2.557
2.5180000000000002
2.3609999999999998
2.418
2.373
1.8940000000000001
2.6919999999999997
2.708
2.419
2.763
2.455
2.5669999999999997
2.4
2.762
2.7110000000000003
2.6
2.484
2.5180000000000002
1.879
2.575
2.515
2.612
2.6630000000000003
2.761
2.516
2.39
2.525
2.511
2.496
2.496
2.536
2.431
2.722
2.381
2.572
2.3569999999999998
2.5469999999999997
2.615
2.7880000000000003
2.381
2.456
2.4930000000000003
2.532
2.675
2.597
2.532
2.662
2.6430000000000002
2.481
2.417
2.717
2.28
2.428
2.573
2.529
2.675
2.685
2.484
2.6689999999999996
2.762
2.7460000000000004
2.5810000000000004
2.719
2.443
2.419
2.31
2.7430000000000003
2.481
2.438
2.423
2.575
2.62
2.628
2.642
2.634
2.35
2.679
2.092
2.4859999999999998
2.351
2.439
2.843
2.571
2.79
2.7319999999999998
2.496
2.421
2.622
2.49
2.397
2.699
2.471
2.69
2.9819999999999998
2.594
2.454
2.4659999999999997
2.608
2.401
2.536
2.8560000000000003
2.529
2.438
2.576
2.575
2.64
2.5839999999999996
2.392
2.549
2.4090000000000003
2.505
3.065
2.529
2.5669999999999997
2.512
2.378
2.516
2.546
2.5860000000000003
3.0660000000000003
2.63
2.531
2.4330000000000003
2.735
2.7060000000000004
2.57
2.55
2.539
2.511
2.4819999999999998
2.577
2.8
2.407
2.487
2.4130000000000003
2.6630000000000003
2.997
2.347
2.4290000000000003
2.6319999999999997
2.583
2.4859999999999998
2.3819999999999997
2.662
2.697
2.6660000000000004
2.33
2.481
2.465
2.5269999999999997
2.525
2.673
2.64
2.79
2.59
2.563
2.485
2.375
2.6430000000000002
2.405
2.461
2.384
2.448
2.572
2.681
2.903
2.468
2.484
2.496
2.495
2.676
2.498
2.546
2.501
2.529
2.685
2.506
2.608
2.569
2.346
2.589
2.53
2.6660000000000004
2.765
2.696
2.7089999999999996
2.332
2.472
2.73
2.463
2.656
2.6689999999999996
2.608
2.437
2.424
2.525
2.7319999999999998
2.39
2.6010000000000004
2.65
2.772
2.225
2.488
2.365
2.782
2.5069999999999997
2.313
2.804
2.269
2.753
2.336
2.512
2.772
2.648
2.5610000000000004
2.555
2.305
2.415
2.583
2.588
2.802
2.938
2.5839999999999996
2.8089999999999997
2.5860000000000003
2.428
2.583
2.59
2.398
2.844
2.189
2.6260000000000003
2.454
2.497
2.543
2.345
2.946
2.436
2.101
2.898
2.825
2.727
2.648
2.447
2.269
2.667
2.693
2.681
2.262
2.487
2.54
2.668
2.569
2.6860000000000004
2.675
2.399
2.47
2.7439999999999998
2.653
2.398
2.483
2.36
2.6319999999999997
2.53
2.602
2.398
2.37
2.6180000000000003
2.715
2.7969999999999997
2.9019999999999997
2.71
2.166
1.751
2.552
2.36
2.35
2.5340000000000003
2.68
2.2769999999999997
2.575
2.52
2.494
2.8560000000000003
2.7430000000000003
2.555
2.498
2.557
2.611
2.693
2.481
2.6189999999999998
2.559
2.394
2.54
2.557
2.523
2.465
2.401
2.782
2.6889999999999996
2.56
2.524
2.535
2.539
2.793
2.3819999999999997
2.483
2.605
2.408
2.825
2.8810000000000002
2.781
2.476
2.6910000000000003
2.481
2.338
2.4019999999999997
2.49
2.627
2.688
2.6239999999999997
2.47
2.427
2.386
2.43
2.5780000000000003
2.571
2.456
2.472
2.6
2.645
2.491
2.445
2.5069999999999997
1.88
2.803
2.795
2.551
2.6239999999999997
2.66
2.359
2.68
2.54
2.445
2.544
2.699
2.447
2.438
2.52
2.41
2.491
2.682
2.6919999999999997
2.614
2.46
2.5789999999999997
2.57
2.403
2.517
2.51
2.459
2.9
2.67
2.508
2.6719999999999997
2.641
2.548
2.198
2.702
2.524
2.673
2.573
2.603
2.418
2.448
2.248
2.577
2.677
2.69
2.4130000000000003
1.8030000000000002
2.454
2.608
2.452
2.4219999999999997
2.5980000000000003
2.272
2.5869999999999997
2.56
2.648
2.563
2.679
2.6069999999999998
2.574
2.5540000000000003
2.405
2.5860000000000003
2.852
2.476
2.334
2.6660000000000004
2.519
2.47
2.593
2.531
2.583
2.7039999999999997
2.7460000000000004
2.783
2.336
2.498
2.6289999999999996
2.656
2.548
2.532
2.423
2.5839999999999996
2.556
2.5540000000000003
2.517
2.539
2.736
2.967
2.385
2.325
2.6189999999999998
2.673
2.455
2.627
2.5610000000000004
2.562
2.5180000000000002
2.359
2.6210000000000004
2.421
2.468
2.529
2.521
2.491
2.6069999999999998
2.525
2.4530000000000003
2.412
2.3040000000000003
2.356
2.3819999999999997
2.753
2.377
2.189
2.537
2.191
2.716
2.2880000000000003
2.24
2.46
2.4730000000000003
1.9409999999999998
2.892
2.931
2.496
2.267
2.42
2.411
2.494
2.542
2.799
2.613
2.602
2.708
2.7089999999999996
2.7310000000000003
2.53
2.738
2.638
2.6519999999999997
2.58
2.417
2.77
2.241
2.6319999999999997
2.371
2.546
2.438
2.5810000000000004
2.555
2.7260000000000004
2.6639999999999997
2.526
2.6519999999999997
2.492
2.596
2.3680000000000003
2.5980000000000003
2.662
2.6180000000000003
3.1839999999999997
2.665
2.455
2.546
2.441
2.58
2.687
2.5669999999999997
2.457
2.583
2.596
2.376
2.459
2.45
2.608
2.4019999999999997
2.782
2.6860000000000004
2.469
2.6630000000000003
2.557
2.403
2.491
2.489
2.443
2.639
2.263
2.702
2.494
2.369
2.91
2.516
2.4659999999999997
2.748
2.418
2.092
2.57
2.464
2.407
2.245
2.4459999999999997
2.635
2.5269999999999997
2.658
2.524
2.481
2.319
2.559
2.847
2.55
2.699
1.895
2.68
2.503
2.301
2.642
2.647
2.4459999999999997
2.528
2.5989999999999998
2.63
1.47
2.546
2.555
2.407
2.49
2.5669999999999997
2.6180000000000003
2.525
2.6430000000000002
2.781
2.094
2.4090000000000003
2.565
2.5869999999999997
2.544
2.266
2.605
2.401
2.405
2.764
2.5
2.8510000000000004
2.865
2.609
2.739
2.414
2.531
2.542
2.396
2.539
2.447
2.681
2.371
2.456
2.804
2.2430000000000003
2.46
2.5780000000000003
2.383
2.575
2.424
2.407
2.436
2.383
2.668
2.6039999999999996
2.5140000000000002
2.628
2.525
2.596
2.698
2.545
2.4
2.491
2.7089999999999996
2.6430000000000002
2.35
2.675
2.504
2.2769999999999997
2.64
2.559
2.967
2.611
2.483
2.7569999999999997
2.725
2.7319999999999998
2.528
2.521
2.59
2.303
2.609
2.802
2.763
2.406
2.759
2.496
2.48
2.675
3.016
2.6710000000000003
2.313
2.475
2.273
2.299
2.571
2.6210000000000004
2.528
2.4859999999999998
2.795
2.509
2.658
2.614
2.487
2.456
3.052
2.489
2.6310000000000002
2.399
2.325
2.5789999999999997
2.405
2.548
2.401
2.515
2.437
2.6239999999999997
2.938
2.589
2.5340000000000003
2.464
2.7119999999999997
2.597
2.385
2.405
2.333
2.594
2.479
2.314
2.502
2.405
2.563
2.658
2.457
2.555
2.892
2.423
2.603
2.9810000000000003
2.71
2.533
2.562
2.639
2.6
2.276
2.515
2.358
2.33
2.531
2.349
2.445
2.6830000000000003
2.201
2.33
2.6239999999999997
2.404
2.77
2.647
2.798
2.52
2.207
2.41
2.279
2.516
2.349
2.426
2.531
2.718
2.593
2.331
2.509
2.103
2.416
2.201
2.8369999999999997
2.544
2.565
2.326
2.636
2.5839999999999996
2.515
2.5669999999999997
2.6919999999999997
2.47
2.3040000000000003
2.758
2.38
2.543
2.523
2.569
2.4090000000000003
1.892
2.459
2.395
2.5789999999999997
2.528
2.1790000000000003
2.633
2.324
2.515
2.572
2.677
2.248
2.7910000000000004
2.5839999999999996
2.513
2.106
2.556
2.3930000000000002
2.627
2.6489999999999996
2.574
2.4859999999999998
2.222
2.394
2.6180000000000003
2.9730000000000003
2.338
2.5789999999999997
2.4130000000000003
2.81
2.655
2.4019999999999997
1.57
2.782
2.505
3.4419999999999997
2.6010000000000004
2.668
2.4219999999999997
2.539
2.4290000000000003
2.827
2.5540000000000003
2.86
2.52
2.432
2.3080000000000003
2.3409999999999997
2.079
2.764
2.49
2.378
2.467
2.461
2.542
2.4530000000000003
2.435
1.7109999999999999
2.713
2.552
2.439
2.589
2.635
2.477
2.553
2.4290000000000003
2.354
2.7239999999999998
2.4419999999999997
2.298
2.383
2.52
2.255
2.371
2.484
1.993
2.425
2.6639999999999997
2.189
1.8090000000000002
2.6010000000000004
2.765
2.655
2.602
2.425
2.344
2.508
2.53
2.977
2.576
2.687
2.07
2.812
2.16
2.6289999999999996
2.444
2.8280000000000003
2.239
2.506
2.705
2.7510000000000003
2.509
2.741
2.559
2.322
2.406
2.299
2.4330000000000003
2.565
2.4819999999999998
2.6060000000000003
2.531
2.375
2.825
2.439
2.404
2.461
2.307
2.367
2.435
2.468
2.5660000000000003
2.474
2.795
2.577
2.6039999999999996
2.9789999999999996
2.408
2.553
2.678
2.6260000000000003
2.79
2.445
2.427
2.6489999999999996
2.5
2.331
2.6839999999999997
2.583
2.622
2.497
2.622
2.503
2.7119999999999997
2.475
2.648
2.478
2.45
2.628
2.324
2.545
2.43
2.365
2.452
2.434
2.859
2.379
2.5810000000000004
2.436
2.419
2.6010000000000004
2.2
2.533
2.036
2.3890000000000002
2.524
2.513
2.452
2.504
2.436
2.582
2.565
3.033
2.656
2.38
2.665
2.678
2.551
2.345
2.6060000000000003
2.461
2.384
2.571
2.6510000000000002
2.356
2.532
2.64
2.388
2.5780000000000003
2.3680000000000003
2.668
2.423
2.535
2.275
2.56
2.622
2.799
2.416
2.675
2.399
2.867
2.401
2.83
2.372
2.549
2.6069999999999998
2.574
2.675
2.407
2.639
2.509
2.3040000000000003
2.477
2.642
2.472
2.544
2.545
2.416
2.6830000000000003
2.5660000000000003
2.426
2.456
2.638
2.367
2.6860000000000004
2.5269999999999997
2.467
2.513
2.5669999999999997
2.637
2.488
2.504
2.861
2.379
2.7439999999999998
1.891
2.572
2.571
2.495
2.3480000000000003
2.932
2.4530000000000003
2.695
2.6239999999999997
2.6639999999999997
2.6039999999999996
2.282
2.424
2.549
2.5860000000000003
2.3569999999999998
2.512
2.475
2.6
2.491
2.891
2.3409999999999997
2.7760000000000002
2.585
2.435
2.498
2.346
2.661
2.654
2.369
2.6889999999999996
2.638
2.807
2.0
2.681
2.597
2.3
2.157
2.365
2.349
2.676
2.7289999999999996
2.412
2.351
2.362
1.69
2.634
2.627
2.91
2.752
2.545
2.522
2.519
2.59
2.332
2.678
2.3409999999999997
2.612
2.387
2.395
