2.765
2.294
2.562
2.452
2.393
2.714
2.802
2.643
2.627
2.708
2.283
2.644
2.336
2.482
2.565
2.46
2.684
2.501
2.757
2.762
2.757
2.632
2.559
2.661
2.719
2.2230000000000003
2.526
2.7230000000000003
2.542
2.74
2.6210000000000004
2.7710000000000004
2.509
2.651
2.847
2.8960000000000004
2.489
2.253
2.792
2.8510000000000004
2.664
2.861
2.44
2.529
2.8080000000000003
2.7460000000000004
2.633
2.78
2.775
2.4130000000000003
2.8480000000000003
2.651
2.546
2.7310000000000003
2.6060000000000003
2.347
2.559
2.786
3.0010000000000003
2.52
2.293
2.8
2.431
2.487
2.687
2.857
2.492
2.305
2.664
2.847
2.267
2.605
2.668
2.8280000000000003
2.697
2.813
2.877
2.583
2.652
2.846
2.492
2.804
2.616
2.62
2.559
2.853
2.507
2.857
2.665
2.768
2.608
2.37
2.8310000000000004
2.343
3.03
2.607
2.782
2.588
2.49
2.331
2.482
2.631
2.604
2.849
2.701
2.048
2.959
2.758
2.72
2.582
2.5860000000000003
2.6460000000000004
2.786
2.633
2.406
2.722
2.531
2.545
2.859
2.54
2.647
2.72
3.167
2.557
2.439
2.873
3.051
2.649
2.6460000000000004
2.9530000000000003
2.624
2.926
2.605
2.419
2.336
2.282
2.624
2.919
2.354
2.842
2.737
2.62
2.7
2.5
2.617
2.727
2.721
2.526
2.696
2.753
2.729
2.773
2.809
2.645
2.895
2.544
2.584
2.456
2.513
2.602
2.708
2.71
2.87
2.584
2.532
2.893
2.514
2.748
2.571
2.695
2.312
2.387
2.639
2.783
2.725
2.573
2.763
2.519
2.369
2.303
3.03
2.912
2.5610000000000004
2.6910000000000003
2.766
2.842
2.622
2.428
2.548
2.7310000000000003
2.86
2.54
2.865
2.656
2.376
2.635
2.719
2.655
2.974
2.837
2.803
3.215
2.537
2.497
2.949
2.617
2.5660000000000003
2.668
2.612
2.823
2.352
2.637
2.589
2.904
2.861
2.745
2.81
2.6010000000000004
2.653
2.738
2.599
2.369
2.689
2.568
3.02
3.105
2.517
2.556
2.664
2.755
2.545
2.286
2.444
2.5810000000000004
2.7310000000000003
2.802
2.779
2.908
2.89
2.6260000000000003
2.664
2.697
2.7230000000000003
2.639
2.381
2.955
2.747
2.604
2.833
2.805
2.833
2.898
2.628
2.5380000000000003
2.5980000000000003
2.68
2.483
2.417
2.84
2.8160000000000003
2.376
2.728
2.602
2.545
2.609
2.6210000000000004
2.906
2.878
2.825
2.199
2.639
2.58
2.466
2.478
2.441
2.86
2.5380000000000003
2.372
2.678
2.782
2.742
2.997
2.333
2.633
2.605
2.687
2.195
2.629
2.636
2.445
2.7030000000000003
2.777
2.45
2.326
2.71
2.55
2.983
2.659
2.511
2.468
2.634
2.568
2.832
2.745
2.7430000000000003
2.555
2.401
2.5610000000000004
2.376
2.5540000000000003
2.6180000000000003
2.9
2.798
2.801
2.3080000000000003
2.397
2.465
2.797
2.408
2.469
2.5380000000000003
2.8710000000000004
2.966
2.65
2.607
2.761
2.5660000000000003
2.533
2.789
2.316
2.551
2.347
2.462
2.56
2.492
2.699
3.022
2.699
2.707
2.587
3.015
2.633
2.8080000000000003
2.608
2.738
2.531
2.725
2.498
2.684
2.359
2.57
2.783
2.556
2.681
2.461
2.91
2.824
2.469
2.525
2.396
2.417
2.653
2.636
3.002
2.624
2.655
2.371
2.644
2.46
2.402
2.675
3.227
2.248
2.825
2.627
2.5380000000000003
3.032
2.5860000000000003
2.768
2.58
2.408
2.602
2.401
2.668
2.859
2.81
2.672
2.481
2.774
2.678
2.81
2.768
2.572
2.629
2.863
2.592
2.699
2.664
2.7260000000000004
2.435
2.658
2.882
2.482
2.547
2.331
2.352
2.678
2.636
2.685
2.753
2.928
2.323
2.436
2.781
2.269
2.63
2.462
2.8160000000000003
2.627
2.628
2.978
3.012
2.776
2.69
2.5860000000000003
2.247
2.659
2.749
2.472
2.866
2.797
2.295
2.469
2.849
2.824
2.536
2.574
3.55
2.678
2.604
2.9410000000000003
2.616
2.709
2.685
2.69
2.419
2.496
2.482
2.445
2.795
2.69
2.459
3.068
2.454
3.052
2.795
2.535
2.643
2.804
2.739
2.766
2.585
2.853
2.722
2.556
3.129
2.867
2.592
2.697
2.624
2.4130000000000003
2.466
2.634
2.92
2.64
2.5
2.887
2.523
2.672
2.392
2.853
2.939
2.884
2.749
2.947
2.699
2.425
2.5
2.6260000000000003
2.637
2.339
2.737
2.4930000000000003
2.795
2.866
2.918
2.745
2.669
2.89
2.389
2.887
2.584
2.749
2.8080000000000003
2.787
2.602
2.5780000000000003
2.57
2.647
2.548
2.393
2.393
2.611
2.395
2.399
2.481
2.7510000000000003
2.613
2.56
2.9330000000000003
2.656
2.903
2.391
2.352
2.765
2.214
2.786
2.47
2.431
2.552
2.296
2.819
2.461
2.645
2.6910000000000003
2.617
2.8160000000000003
2.713
2.6460000000000004
2.894
2.242
2.884
2.684
2.835
2.59
2.948
2.777
2.555
2.727
2.591
2.781
2.382
2.502
2.822
2.53
2.648
2.388
2.699
2.465
2.681
2.6210000000000004
2.756
2.672
2.9
2.544
2.356
2.67
2.634
3.158
2.52
2.669
2.512
2.627
2.782
2.337
2.479
2.672
2.6060000000000003
2.569
2.338
2.8680000000000003
2.347
2.903
2.637
2.502
2.287
2.54
2.654
2.8680000000000003
2.745
2.6830000000000003
2.7230000000000003
2.678
2.162
2.674
2.649
3.006
2.883
2.6710000000000003
2.406
2.915
2.391
2.583
2.346
2.543
2.721
2.35
2.37
2.406
2.813
2.21
2.64
2.813
2.531
2.467
2.776
2.583
2.835
2.787
2.377
2.577
2.915
2.514
2.638
2.573
2.582
2.81
2.658
2.739
2.773
2.678
2.472
2.664
2.383
2.745
2.64
2.675
2.756
2.747
2.5860000000000003
2.69
2.462
2.4
2.484
2.439
3.093
2.615
2.548
2.724
2.491
2.5340000000000003
2.946
2.4530000000000003
2.508
2.721
2.36
2.653
2.757
2.399
2.804
2.753
2.53
2.567
2.47
2.6710000000000003
2.627
2.299
2.439
2.86
2.853
2.662
2.545
2.775
2.842
2.439
2.357
2.616
2.541
2.7710000000000004
2.536
2.834
2.563
2.516
2.756
2.3480000000000003
2.8160000000000003
2.819
2.736
2.559
2.697
2.404
2.486
2.496
2.371
2.677
2.5340000000000003
2.6260000000000003
2.8480000000000003
2.785
2.543
2.58
2.841
2.582
2.675
2.717
2.335
2.766
2.5340000000000003
2.707
2.889
2.55
2.829
2.359
2.59
2.714
2.645
2.858
2.636
2.267
2.468
3.125
2.41
2.76
2.5
2.543
2.637
2.58
2.577
2.8280000000000003
2.509
2.404
2.7960000000000003
2.631
2.8110000000000004
2.506
2.495
2.466
2.55
2.835
2.449
2.631
2.662
2.696
2.763
2.426
3.0010000000000003
2.774
2.905
2.454
2.71
2.405
2.574
2.747
2.701
2.708
2.85
2.843
2.984
2.57
2.716
2.678
2.377
2.879
2.365
2.286
2.499
2.587
2.262
2.7060000000000004
2.377
2.7260000000000004
2.634
2.474
2.477
2.696
2.583
2.892
2.537
2.815
2.732
2.222
2.909
2.91
2.827
2.457
3.222
2.995
2.897
2.8
2.357
2.352
2.912
2.448
2.337
2.264
2.6260000000000003
2.5580000000000003
2.7460000000000004
2.694
3.322
3.022
2.684
2.525
2.9330000000000003
2.895
3.117
2.46
2.764
2.623
2.588
2.825
2.447
2.634
2.64
2.611
2.403
2.882
2.742
2.684
2.786
2.543
2.825
2.572
2.568
2.846
2.898
2.692
2.382
2.419
2.754
2.799
2.67
2.65
2.562
3.159
2.869
2.699
3.0
2.6660000000000004
2.658
2.502
2.536
2.911
2.672
2.75
2.387
2.568
2.563
2.699
2.262
2.849
3.018
2.4090000000000003
2.442
3.0
2.776
2.6630000000000003
2.803
2.754
2.749
2.872
2.103
2.6660000000000004
2.954
2.784
2.815
2.424
2.519
2.741
2.795
2.712
2.478
2.881
2.669
2.804
2.542
3.123
2.456
2.562
2.639
2.798
2.755
2.881
2.579
2.688
2.148
2.676
2.152
2.501
2.605
2.772
2.861
2.616
2.931
3.072
2.749
2.795
2.563
2.351
2.562
2.721
2.56
2.688
3.248
2.809
2.697
2.807
2.729
2.6830000000000003
2.792
2.707
2.822
2.277
2.877
2.766
2.7710000000000004
2.94
2.469
2.584
2.411
2.613
3.129
2.5540000000000003
2.696
2.582
2.669
2.792
2.9610000000000003
2.7910000000000004
2.7430000000000003
2.845
2.817
2.695
2.612
2.774
2.6210000000000004
2.589
2.604
2.769
2.87
2.619
2.84
2.391
2.623
2.4130000000000003
2.845
2.631
2.5540000000000003
2.679
2.962
2.756
2.652
2.773
2.696
2.695
2.539
2.829
2.899
2.736
2.749
2.8480000000000003
2.48
2.696
2.847
2.815
2.6010000000000004
2.421
2.6260000000000003
2.853
2.744
2.753
2.387
2.4130000000000003
2.636
2.739
2.748
2.585
2.5810000000000004
2.648
2.84
2.574
2.45
2.734
2.4090000000000003
2.787
2.7960000000000003
2.591
3.114
2.992
2.648
2.809
2.592
2.675
2.815
2.516
2.508
2.589
2.522
3.377
2.508
2.71
2.599
2.8360000000000003
2.583
2.383
2.728
2.7
2.7910000000000004
2.86
2.605
2.4090000000000003
2.332
2.815
2.406
2.442
2.545
2.496
2.958
2.733
2.714
2.667
2.716
2.912
2.962
2.261
2.783
2.589
2.485
2.693
2.917
2.826
2.678
2.758
2.45
2.67
2.381
2.464
2.653
2.804
2.756
2.344
2.783
2.958
2.657
2.7310000000000003
2.4730000000000003
2.687
2.821
2.987
3.137
2.6860000000000004
2.614
2.842
2.786
2.6
2.773
2.661
2.468
2.518
2.877
2.641
2.622
2.739
2.9130000000000003
2.782
2.849
2.465
2.803
2.454
2.557
2.667
2.432
2.398
2.724
2.756
2.857
2.8560000000000003
2.699
2.775
2.7260000000000004
2.745
2.943
2.49
2.733
3.044
2.641
2.51
2.552
2.333
2.57
2.446
2.807
2.5540000000000003
2.707
2.435
2.9
2.572
2.829
2.769
2.533
2.456
2.698
2.727
2.61
3.281
2.722
2.608
2.923
2.702
2.499
2.776
2.692
2.467
2.6260000000000003
2.951
2.99
2.363
2.614
2.576
2.636
2.892
2.917
2.932
2.59
2.772
2.789
2.55
2.647
2.525
2.88
2.599
2.893
2.95
2.334
2.65
2.347
2.668
2.999
2.4530000000000003
2.784
2.5
2.728
2.71
2.701
2.515
2.55
2.9160000000000004
2.745
2.6860000000000004
2.648
2.524
3.011
2.715
2.792
2.705
2.93
2.8
2.516
2.571
2.827
2.499
2.472
2.639
2.378
2.7710000000000004
2.489
2.753
2.7960000000000003
2.573
2.728
2.648
2.74
2.656
2.752
2.838
2.687
2.833
2.739
2.31
2.74
2.479
2.6010000000000004
2.732
2.5380000000000003
2.865
2.806
2.424
2.539
2.622
2.9130000000000003
2.8280000000000003
2.867
2.4090000000000003
2.805
2.584
2.549
2.411
2.49
2.623
2.699
2.5810000000000004
2.783
2.6830000000000003
2.7
2.7230000000000003
2.754
2.645
2.7910000000000004
2.6210000000000004
2.53
2.436
2.8510000000000004
2.602
2.454
2.481
2.762
2.756
2.58
2.694
2.853
2.509
2.591
2.6260000000000003
2.718
2.464
2.643
2.624
2.846
2.364
2.862
2.476
2.653
2.325
3.193
2.862
2.575
2.447
2.83
2.57
2.756
2.582
2.445
2.428
2.291
2.688
2.645
2.465
2.907
2.76
2.4930000000000003
2.461
2.3040000000000003
2.45
2.655
2.537
2.5780000000000003
2.559
2.693
2.792
2.564
2.594
2.49
2.563
2.553
2.276
2.692
2.765
2.6910000000000003
2.5610000000000004
2.841
2.459
2.43
2.846
2.625
2.398
2.587
2.838
2.6180000000000003
2.749
2.762
2.7960000000000003
2.63
2.4130000000000003
2.64
2.268
2.752
2.659
2.712
3.002
2.443
2.567
2.665
2.84
2.386
2.682
2.66
2.8510000000000004
2.702
2.763
3.059
2.653
2.717
2.483
2.582
2.582
2.505
2.88
2.75
2.6210000000000004
2.869
2.545
2.859
2.539
2.582
2.6910000000000003
2.77
2.8280000000000003
2.542
2.533
2.76
2.79
2.678
2.527
2.564
2.739
2.659
2.765
2.634
2.529
2.71
2.571
2.92
2.217
2.7710000000000004
2.7060000000000004
2.744
2.9610000000000003
2.709
2.425
2.682
2.394
2.461
2.7
3.088
2.67
2.448
2.744
2.612
2.946
2.639
2.899
2.762
2.74
2.668
2.721
2.8080000000000003
2.518
2.732
2.75
2.4930000000000003
2.507
2.593
2.619
2.562
2.745
2.755
2.755
1.886
2.893
2.585
3.122
2.7910000000000004
2.833
2.6630000000000003
2.405
2.527
2.8110000000000004
2.725
2.729
2.905
2.38
2.678
2.339
2.455
2.79
2.926
2.89
2.681
2.7310000000000003
3.063
2.864
2.435
2.775
2.522
2.733
2.722
2.569
2.649
3.054
2.391
2.667
2.458
2.6260000000000003
2.363
2.613
2.552
2.738
2.293
2.763
2.434
2.613
3.114
2.6710000000000003
2.455
2.818
2.478
2.822
2.89
2.6210000000000004
3.0410000000000004
2.557
2.859
2.612
2.341
2.632
2.773
2.425
2.576
2.641
3.164
2.738
2.728
2.591
2.705
2.309
2.84
2.829
2.713
2.564
2.727
2.644
2.645
2.597
3.2910000000000004
2.456
2.645
2.672
2.628
2.889
2.653
2.762
2.359
2.114
2.643
2.65
2.813
2.5980000000000003
2.974
2.651
3.105
2.351
2.382
2.652
3.045
2.96
2.763
2.7460000000000004
2.521
2.404
2.5340000000000003
2.784
2.635
2.35
2.499
2.443
2.979
2.792
2.785
2.655
2.809
2.963
2.879
2.5380000000000003
2.698
2.64
2.392
2.419
2.464
2.5340000000000003
2.705
2.58
2.741
2.384
2.9530000000000003
2.575
2.266
2.728
2.7
2.9560000000000004
2.774
2.587
2.8080000000000003
2.802
2.585
2.633
2.509
2.602
2.99
2.485
2.833
2.523
2.612
2.624
2.602
2.491
2.559
2.43
2.585
2.72
2.456
2.497
2.795
2.678
2.611
2.713
2.432
2.639
2.439
2.514
2.742
2.286
2.417
2.747
3.01
2.44
2.439
3.004
2.927
2.312
2.471
2.52
2.355
2.658
2.753
2.6710000000000003
2.969
2.481
2.756
2.313
2.648
2.591
2.672
2.845
2.9
2.607
2.861
2.334
2.64
2.704
2.638
2.436
2.642
2.915
2.494
2.004
2.837
2.951
2.908
2.567
2.747
2.728
2.29
2.642
2.496
2.679
2.28
2.419
2.662
2.761
2.555
2.373
2.004
2.535
2.6630000000000003
3.224
2.614
2.738
2.799
2.821
2.65
2.386
2.763
2.929
2.62
2.885
2.2430000000000003
2.354
2.8510000000000004
2.997
2.547
2.627
2.485
2.4330000000000003
2.736
2.605
2.658
2.854
2.701
2.6660000000000004
2.398
2.325
2.609
2.568
2.736
2.65
2.47
2.519
2.479
2.443
2.477
2.992
2.4930000000000003
2.372
2.572
2.654
2.321
2.724
2.237
2.61
2.757
3.012
2.699
3.059
2.693
2.76
2.604
2.68
2.649
2.7880000000000003
2.784
2.467
2.874
2.343
2.588
2.523
2.842
2.484
2.682
2.588
2.342
2.494
2.8510000000000004
2.8760000000000003
2.414
2.34
2.8280000000000003
2.496
2.787
2.732
2.523
2.807
2.794
2.656
2.722
2.059
2.36
2.719
2.556
2.54
2.837
2.7310000000000003
2.648
2.516
2.428
2.6660000000000004
3.281
2.605
2.742
2.625
2.8360000000000003
2.939
2.485
2.764
2.812
2.715
2.354
2.597
2.347
2.769
2.866
2.736
2.735
2.801
2.704
2.98
2.59
2.603
2.599
3.052
2.597
2.522
2.676
2.31
2.844
2.5340000000000003
2.281
2.887
2.815
2.168
2.537
2.18
2.829
2.408
2.458
2.597
2.814
2.769
2.39
2.5580000000000003
2.466
2.609
2.717
3.087
2.745
2.617
2.498
2.845
2.545
2.584
2.488
2.406
2.66
2.783
2.313
2.989
2.696
2.487
2.656
2.697
2.902
2.577
2.769
2.4930000000000003
2.72
2.823
2.5810000000000004
2.722
2.839
2.661
2.755
2.491
2.617
2.633
2.763
2.563
2.61
2.608
2.29
2.636
2.574
2.401
2.376
2.516
2.357
2.495
2.804
1.997
2.46
2.7460000000000004
2.8680000000000003
2.5860000000000003
2.616
2.378
2.721
2.665
2.5340000000000003
2.8710000000000004
2.653
2.738
2.909
2.472
2.985
2.434
2.478
2.825
2.839
2.799
2.6830000000000003
2.397
3.006
2.676
2.991
2.6630000000000003
2.91
2.694
2.6910000000000003
2.491
2.847
2.76
2.435
2.5810000000000004
2.354
2.8510000000000004
2.764
2.647
2.616
2.922
2.661
2.669
2.502
2.5660000000000003
2.721
2.441
2.619
2.741
2.622
2.667
2.587
2.668
2.901
2.289
2.31
2.583
2.594
2.812
2.682
2.425
2.675
2.651
1.889
3.12
2.999
3.0460000000000003
2.641
2.393
2.655
2.9330000000000003
2.73
2.778
2.521
2.314
2.693
2.365
2.7460000000000004
