2.86
2.71
2.844
2.69
2.781
3.059
3.059
2.696
3.049
2.406
2.215
2.784
2.813
2.978
2.789
3.39
2.608
2.682
3.182
2.786
3.406
2.605
2.819
3.013
2.935
2.693
2.674
2.932
2.652
3.22
2.733
2.398
2.978
2.999
2.866
2.8680000000000003
2.789
2.388
2.878
2.728
3.0460000000000003
3.411
2.524
2.509
3.1260000000000003
2.6660000000000004
3.026
2.6
3.0580000000000003
2.317
3.219
3.294
2.582
3.144
2.76
2.962
2.56
2.942
2.912
2.9360000000000004
2.974
2.333
2.6060000000000003
2.547
2.628
2.714
2.412
2.705
2.862
3.082
3.225
2.687
2.525
2.9810000000000003
2.832
3.2510000000000003
3.0210000000000004
2.689
2.985
3.689
2.574
2.93
3.0810000000000004
2.8280000000000003
3.301
2.5780000000000003
2.9210000000000003
2.88
2.892
2.835
2.702
2.945
2.974
2.416
3.135
2.9410000000000003
2.735
3.16
2.64
2.64
2.612
3.265
3.108
2.693
2.795
2.629
3.215
3.137
2.818
2.825
2.724
2.649
2.9210000000000003
2.872
2.572
2.7110000000000003
3.029
2.617
2.335
2.931
2.673
2.768
3.158
2.632
3.122
2.739
2.984
2.8310000000000004
2.971
3.105
3.072
3.062
2.846
2.565
2.64
2.781
2.932
2.57
2.8280000000000003
2.765
3.1060000000000003
2.6210000000000004
2.582
2.8080000000000003
2.649
2.774
2.543
2.846
2.624
3.028
2.795
2.822
2.917
3.092
2.682
2.846
2.783
2.835
3.063
2.781
2.478
2.918
2.749
2.929
2.567
2.874
2.715
2.974
3.0
2.594
2.51
2.405
3.042
2.898
2.969
2.7030000000000003
2.6180000000000003
2.903
2.94
2.625
2.96
2.514
2.579
3.013
2.682
3.11
2.463
2.989
2.637
2.992
2.76
2.931
3.096
3.018
2.439
2.82
3.149
2.737
2.877
2.937
2.925
3.024
2.865
3.062
2.9760000000000004
2.721
2.799
2.878
2.531
2.855
2.584
3.202
2.937
3.264
3.375
2.665
2.69
2.859
2.547
3.204
2.9
3.063
3.233
2.85
2.708
3.338
2.775
2.886
2.49
2.654
2.8280000000000003
2.799
3.005
2.694
2.947
2.865
2.902
3.104
3.019
2.716
3.108
2.78
2.783
2.884
2.9560000000000004
2.944
2.766
2.87
2.58
2.832
2.864
3.2310000000000003
3.2310000000000003
2.844
3.091
3.17
2.6
2.82
3.002
2.778
3.068
2.772
2.58
3.052
2.676
2.776
2.861
2.717
2.6
2.519
2.411
2.774
2.741
3.385
2.782
3.018
2.676
2.456
2.589
2.4330000000000003
3.032
3.044
2.677
2.8360000000000003
2.718
3.109
2.762
2.932
2.481
2.641
2.86
2.722
2.536
2.588
3.073
2.665
3.15
2.431
2.442
3.027
2.951
2.647
3.065
2.7710000000000004
3.373
3.3710000000000004
2.502
2.577
3.06
2.906
2.747
2.947
2.607
3.06
2.752
2.662
2.769
3.0980000000000003
2.462
2.878
2.617
3.065
2.944
2.569
2.594
2.931
3.2
2.728
3.2880000000000003
2.69
2.802
2.838
2.615
2.754
3.042
2.802
3.249
2.7
3.029
2.636
3.075
2.764
2.74
3.004
2.987
2.9
2.945
2.587
2.643
2.877
2.643
2.63
2.8960000000000004
2.909
2.822
3.196
2.388
2.644
2.736
2.709
2.742
2.557
2.795
2.95
3.072
2.504
2.766
2.983
2.815
2.2840000000000003
2.693
2.759
2.536
2.899
2.692
2.752
2.948
2.5610000000000004
2.839
2.5540000000000003
3.0460000000000003
3.01
2.738
2.952
2.698
2.8110000000000004
2.822
2.766
2.857
2.958
2.757
2.835
2.7030000000000003
2.685
3.479
2.894
2.612
2.869
2.834
2.463
2.673
2.885
2.73
2.712
2.75
2.7310000000000003
2.951
2.718
2.939
2.76
3.085
2.817
2.6660000000000004
3.2260000000000004
2.77
2.781
3.014
2.954
2.478
3.34
3.085
3.25
2.737
2.6660000000000004
3.018
2.632
2.7910000000000004
3.451
2.668
2.847
2.8160000000000003
3.099
2.674
3.207
2.958
2.9810000000000003
2.687
3.688
2.204
2.546
2.682
2.9
2.844
2.622
2.756
2.612
2.729
2.764
2.603
2.51
2.997
2.54
3.198
2.926
3.1830000000000003
2.892
2.675
3.131
3.011
2.903
2.901
2.864
3.1260000000000003
2.605
2.923
3.113
2.892
2.762
3.503
2.556
3.26
3.117
2.918
3.004
2.884
2.431
2.845
3.274
2.947
2.645
2.92
3.037
2.901
2.794
2.963
3.108
2.835
2.914
2.716
3.043
2.693
2.6660000000000004
2.704
3.105
2.658
3.384
2.582
2.925
2.864
2.638
2.93
2.787
2.5380000000000003
3.164
2.745
3.1
3.15
2.62
3.008
2.529
2.62
2.414
3.051
2.701
2.995
2.66
2.906
3.097
2.572
2.7
2.66
2.712
2.8960000000000004
2.942
2.8760000000000003
2.804
2.817
2.946
2.9530000000000003
2.738
2.397
3.217
2.8110000000000004
2.616
2.952
2.298
2.991
2.7060000000000004
2.998
2.874
2.817
2.679
2.526
2.656
2.785
3.095
2.541
2.704
2.799
2.753
2.467
2.932
2.483
3.04
2.466
2.458
2.465
2.853
2.68
2.9210000000000003
2.733
2.8110000000000004
2.733
3.071
2.737
2.472
2.501
2.991
3.169
2.448
3.141
2.64
2.699
3.026
2.443
3.048
2.679
2.7710000000000004
2.366
2.63
2.854
2.783
2.479
2.449
2.972
2.762
2.854
2.829
2.9130000000000003
2.7510000000000003
2.928
2.769
2.685
3.054
3.128
2.684
2.745
2.89
2.855
2.7880000000000003
2.971
2.964
2.739
2.863
2.407
2.738
2.74
3.026
2.7880000000000003
2.8510000000000004
2.544
2.925
3.077
2.884
2.603
2.6460000000000004
2.7710000000000004
2.801
2.964
2.19
3.022
3.062
2.604
2.853
2.769
2.468
2.51
3.176
3.023
2.984
2.542
2.5
2.322
2.515
2.78
2.573
2.483
2.54
2.9410000000000003
2.9130000000000003
2.998
2.899
3.024
3.293
2.603
2.6210000000000004
2.81
2.6260000000000003
3.233
2.8510000000000004
2.632
3.488
2.634
2.528
2.469
2.9410000000000003
2.752
2.681
2.837
2.857
2.78
3.029
2.715
2.909
2.687
2.513
2.752
2.89
3.145
3.069
2.738
2.329
2.5380000000000003
3.151
2.655
2.778
3.175
3.005
2.864
2.785
2.89
2.54
2.8360000000000003
2.929
2.98
3.0580000000000003
3.055
2.692
2.7260000000000004
2.739
2.579
2.834
3.073
2.736
2.769
2.927
2.757
2.86
3.244
3.3760000000000003
2.58
3.313
3.13
3.151
2.985
2.827
2.894
2.667
2.707
2.853
2.68
2.4290000000000003
2.614
2.822
2.886
2.9130000000000003
2.949
3.225
2.998
2.361
3.079
2.576
2.912
2.802
2.894
2.825
2.844
2.846
2.911
2.643
2.56
2.865
2.7110000000000003
2.667
2.804
3.1210000000000004
2.736
2.5860000000000003
2.6660000000000004
2.628
2.609
2.673
2.942
2.968
2.749
3.162
3.004
3.373
2.337
2.548
2.59
2.858
2.759
3.157
3.202
2.929
2.878
2.74
2.659
2.752
2.506
2.438
2.708
2.986
2.082
2.564
2.768
2.6
2.767
2.8510000000000004
2.5580000000000003
2.486
2.766
2.694
3.064
2.777
3.054
2.722
2.959
2.794
1.996
2.885
3.109
2.7710000000000004
2.829
3.325
2.922
3.077
2.789
2.715
2.484
3.448
2.786
2.685
2.448
2.87
2.733
2.858
2.728
3.294
2.839
2.747
2.892
3.374
2.955
2.944
2.782
2.924
2.855
3.189
3.0660000000000003
2.772
2.754
2.507
3.304
2.573
3.0580000000000003
2.902
2.635
2.584
2.81
2.908
2.607
3.049
2.698
2.845
3.011
2.787
2.412
2.759
2.894
2.525
2.962
2.637
2.607
3.0
3.056
2.8760000000000003
2.535
2.886
2.684
2.9810000000000003
3.153
2.893
2.756
3.307
2.792
3.169
3.207
2.822
3.109
3.122
2.931
3.028
3.0380000000000003
2.766
2.725
2.954
2.867
3.032
3.283
2.951
2.548
3.154
3.054
2.376
3.2430000000000003
2.997
2.86
3.1830000000000003
2.729
2.508
3.031
2.874
3.047
2.728
3.649
2.799
2.629
2.715
1.938
2.7910000000000004
2.85
2.852
2.688
2.772
2.995
2.709
2.367
3.032
3.2910000000000004
3.135
2.841
3.28
3.4360000000000004
2.785
2.644
2.809
2.6710000000000003
2.629
3.145
2.637
2.821
3.053
2.777
2.457
2.467
2.869
2.7430000000000003
2.777
3.177
2.807
2.787
2.962
2.85
2.76
2.667
2.509
2.897
2.502
2.863
2.8160000000000003
2.6830000000000003
2.648
2.622
2.588
2.716
3.35
2.568
2.652
2.895
2.945
2.781
2.729
3.464
2.949
2.87
2.591
2.862
3.379
3.068
2.684
2.893
2.905
2.763
2.951
2.951
2.826
2.721
3.0
3.007
2.874
2.834
3.156
3.244
2.983
2.841
2.639
2.489
2.914
2.799
3.222
2.865
3.141
2.749
2.441
2.61
2.8080000000000003
3.004
2.7710000000000004
2.833
2.423
2.784
3.197
2.892
3.094
3.034
2.61
2.745
2.845
2.818
2.907
2.5860000000000003
2.2030000000000003
2.928
2.904
2.465
2.977
3.09
2.97
2.875
2.966
2.823
2.776
2.982
3.221
2.661
2.715
3.55
2.716
3.1830000000000003
2.8560000000000003
2.684
2.635
2.928
3.027
2.892
2.869
2.548
3.114
3.1910000000000003
3.234
2.739
2.56
2.814
2.682
2.7880000000000003
2.839
2.575
2.829
2.994
2.498
3.1660000000000004
3.067
2.799
2.812
2.576
2.769
3.207
3.045
3.257
2.889
2.742
3.002
3.03
2.71
2.133
2.489
2.983
2.838
2.966
2.654
2.979
3.077
2.8280000000000003
3.028
2.951
2.688
3.432
3.2030000000000003
3.042
2.93
3.253
2.729
2.804
2.9560000000000004
3.144
2.758
2.922
2.905
3.214
2.869
2.777
2.722
2.654
2.894
2.397
2.908
2.9960000000000004
2.945
2.792
3.055
2.715
2.591
2.995
2.818
2.747
2.603
2.708
2.7430000000000003
3.359
2.419
2.843
2.862
2.803
2.958
2.879
3.556
2.901
2.892
2.487
2.7880000000000003
3.0
3.177
3.006
2.719
3.175
2.78
2.864
2.82
2.799
2.583
2.469
2.522
3.119
2.733
2.7110000000000003
2.945
2.8680000000000003
2.367
2.855
2.997
2.929
3.1910000000000003
2.854
3.67
2.8310000000000004
2.959
2.813
2.772
2.924
2.75
2.9760000000000004
2.822
3.306
2.7510000000000003
2.582
2.833
2.944
2.5
3.083
3.465
2.874
2.6660000000000004
2.934
2.807
3.004
2.91
3.2260000000000004
2.934
3.097
2.906
2.865
2.801
2.709
2.965
3.0210000000000004
3.0410000000000004
2.7430000000000003
2.822
2.756
2.893
3.06
2.901
2.603
2.567
2.744
3.099
3.004
2.798
2.8960000000000004
2.801
3.0810000000000004
2.9960000000000004
3.122
3.0780000000000003
3.062
2.932
2.516
2.709
2.797
2.987
2.565
2.8960000000000004
3.148
2.795
2.76
3.0580000000000003
2.63
3.179
2.774
2.901
3.056
3.234
2.9560000000000004
2.519
2.919
2.934
2.729
2.767
2.857
3.0980000000000003
2.741
3.2110000000000003
2.62
2.757
2.633
2.774
2.765
2.758
2.829
2.71
2.612
2.677
2.78
3.139
2.861
2.568
2.611
3.043
2.695
2.898
2.795
2.845
2.819
2.783
3.007
2.943
3.245
3.097
2.852
2.805
2.7230000000000003
2.619
3.007
2.867
2.952
2.659
2.701
2.694
2.949
2.624
2.6710000000000003
3.103
2.752
2.86
2.805
2.7260000000000004
2.865
2.6460000000000004
2.812
2.496
2.942
2.535
2.997
2.54
2.729
2.994
2.713
3.004
3.152
3.1660000000000004
2.635
2.564
2.736
2.685
3.301
3.137
2.937
3.034
2.838
2.892
3.116
2.904
2.262
2.827
3.286
2.705
2.515
3.1210000000000004
2.76
3.035
2.803
2.592
3.182
2.629
2.8
2.599
3.093
2.958
2.637
2.842
2.495
2.776
2.749
3.28
2.689
2.817
3.192
2.495
2.565
2.632
3.116
2.801
2.833
2.865
2.966
2.512
2.638
3.244
3.187
2.909
3.174
2.661
2.559
3.067
3.0210000000000004
2.693
2.542
3.127
2.794
2.728
2.535
2.799
2.866
2.755
3.045
3.09
2.958
2.742
2.717
2.331
2.742
2.949
2.7710000000000004
2.863
3.017
2.652
3.2
2.644
2.934
2.875
2.974
3.129
2.8080000000000003
2.8110000000000004
2.682
2.925
2.447
2.8480000000000003
2.906
2.91
3.071
2.847
2.951
2.772
3.059
2.721
2.69
3.0380000000000003
2.77
2.748
2.889
3.1260000000000003
2.873
2.96
2.8310000000000004
2.825
2.97
2.974
2.507
2.444
2.845
2.94
2.962
2.883
2.735
2.005
2.8110000000000004
2.801
2.971
2.954
3.0810000000000004
2.803
2.556
2.694
2.79
2.801
3.488
3.051
3.01
2.8480000000000003
2.444
2.4290000000000003
2.838
3.012
2.775
2.733
2.8110000000000004
2.881
2.857
2.698
2.708
2.511
2.884
2.536
2.909
2.6260000000000003
3.027
3.148
2.71
2.722
3.09
2.5980000000000003
2.943
2.486
2.65
2.551
2.73
2.463
3.097
2.8960000000000004
2.886
2.8280000000000003
3.124
2.947
3.184
2.7260000000000004
2.649
2.794
2.802
2.5540000000000003
3.112
2.57
2.9760000000000004
2.932
2.8080000000000003
2.877
3.319
3.073
2.77
2.883
2.255
2.693
2.748
2.725
2.469
2.874
2.931
2.9210000000000003
2.983
2.841
2.56
3.468
2.994
2.442
2.684
2.944
2.853
2.895
2.656
2.6910000000000003
2.556
2.701
3.11
2.939
2.92
3.037
2.951
2.684
2.624
2.622
2.834
2.804
2.755
2.883
2.624
2.934
2.825
2.616
2.645
3.18
2.585
2.8760000000000003
2.878
2.878
2.877
2.8560000000000003
3.189
2.94
2.952
2.629
3.035
2.841
2.662
2.988
3.15
2.642
2.724
2.804
3.155
3.0580000000000003
3.091
2.971
2.82
2.28
3.141
2.7230000000000003
3.1630000000000003
3.181
2.897
3.263
3.074
2.74
2.901
2.724
2.991
3.161
2.717
2.885
2.942
2.76
2.764
2.882
3.242
2.982
2.714
2.972
2.987
2.659
2.928
2.888
2.461
2.645
2.917
3.05
2.817
2.68
2.81
3.117
2.717
2.82
2.617
3.048
3.144
2.7710000000000004
2.587
3.272
2.675
2.234
2.903
2.547
2.883
3.506
3.052
2.988
2.975
2.76
2.654
2.552
2.894
2.905
2.625
3.02
2.927
2.897
2.7910000000000004
2.565
2.832
2.878
2.9730000000000003
2.814
2.988
2.721
2.574
2.388
2.943
2.837
3.34
2.995
2.9610000000000003
2.785
2.0780000000000003
2.676
2.305
2.6060000000000003
2.972
2.7960000000000003
2.733
2.514
2.846
1.779
2.652
3.103
3.292
2.5580000000000003
2.878
2.906
2.614
3.068
2.875
3.08
3.364
2.387
3.014
2.523
2.52
3.0580000000000003
3.158
2.501
3.33
2.957
2.619
2.839
2.521
2.903
2.865
2.822
2.931
2.68
2.998
2.958
2.842
3.026
3.068
2.804
2.716
2.759
2.982
2.94
2.431
2.825
2.858
2.616
2.656
2.7260000000000004
2.805
2.611
2.804
2.839
3.365
2.733
3.063
2.774
3.013
2.7460000000000004
2.687
2.525
2.59
3.073
3.111
2.952
3.185
2.766
2.557
3.17
2.949
3.264
2.569
2.48
2.975
3.065
3.099
2.793
2.67
2.881
2.918
3.215
2.8280000000000003
3.003
2.778
2.75
2.727
2.926
2.508
2.812
2.793
2.9560000000000004
2.727
2.819
3.222
2.685
2.8280000000000003
2.988
3.018
2.441
3.302
2.947
2.846
3.025
3.049
2.717
3.0580000000000003
3.227
2.599
2.661
3.1180000000000003
2.642
2.584
2.947
2.818
2.945
2.354
2.777
3.232
3.002
3.0410000000000004
2.669
2.8560000000000003
2.96
2.846
2.954
2.419
2.919
3.03
2.546
2.839
2.8080000000000003
2.176
2.928
2.338
3.115
2.681
3.039
2.64
2.975
2.709
2.616
2.527
2.352
2.696
3.054
3.198
2.623
3.227
2.983
3.282
2.64
2.76
2.559
3.123
2.742
3.067
2.632
3.278
2.865
2.571
2.724
2.517
3.26
3.012
2.7710000000000004
2.81
2.735
2.398
2.934
2.891
2.924
2.631
3.105
2.768
2.779
2.765
3.008
2.719
2.622
2.477
2.468
2.837
2.855
2.546
2.475
3.143
2.84
2.5340000000000003
2.8560000000000003
2.379
2.584
2.745
2.615
2.638
2.718
2.488
3.067
2.41
3.036
2.839
2.858
2.907
2.735
2.356
2.639
2.632
2.313
3.176
2.664
2.805
2.949
2.754
3.702
2.898
3.162
2.906
2.846
2.792
2.546
3.036
2.775
2.714
2.665
3.002
3.201
2.7960000000000003
2.744
3.449
3.14
3.265
2.7910000000000004
2.7
2.838
2.432
2.608
3.06
3.072
2.716
2.753
2.795
2.937
3.034
3.082
2.403
2.532
2.712
2.87
2.9930000000000003
2.887
2.343
2.627
3.188
2.169
2.986
3.0460000000000003
3.182
3.119
2.8680000000000003
2.733
2.928
2.95
2.917
2.6830000000000003
2.545
3.138
2.614
2.777
