3.761
3.792
2.988
4.023
3.532
3.27
3.372
3.136
3.768
4.072
3.605
4.062
3.035
3.442
3.506
3.322
4.123
3.248
2.823
3.619
3.752
3.085
3.673
3.549
3.932
3.856
3.252
3.628
3.883
3.257
3.08
3.471
3.62
3.437
3.301
3.173
3.584
3.542
3.519
4.067
3.636
3.2110000000000003
3.4210000000000003
3.4410000000000003
4.124
3.903
3.631
3.707
4.001
3.606
3.7
3.37
3.827
3.314
3.659
3.399
3.1
3.884
3.987
3.765
4.03
3.882
4.051
3.667
4.123
4.041
2.6830000000000003
3.352
3.268
3.305
3.739
4.155
4.012
3.174
3.76
4.08
3.276
4.037
3.594
3.402
3.383
3.175
3.299
3.937
2.954
3.669
3.871
3.25
3.879
3.744
3.545
3.372
3.834
3.149
3.277
4.081
3.294
4.03
3.451
3.658
2.8360000000000003
3.082
4.472
3.287
3.334
3.82
3.392
3.626
3.208
3.277
3.605
3.972
2.809
3.591
3.405
2.6180000000000003
3.439
3.273
3.4530000000000003
3.799
3.909
3.194
3.72
3.806
3.111
3.563
3.252
3.268
3.872
3.4160000000000004
3.499
3.016
4.2010000000000005
3.438
3.377
3.315
3.176
3.955
3.4210000000000003
3.563
3.602
3.467
3.945
2.707
3.956
3.979
4.12
3.724
4.051
2.915
3.585
4.158
2.904
3.619
3.794
3.604
3.543
3.984
3.124
3.244
4.023
3.584
3.907
3.511
3.029
3.3160000000000003
3.659
4.168
4.267
3.354
3.3280000000000003
3.738
3.522
3.408
3.76
3.352
3.943
3.02
3.971
3.4160000000000004
3.53
4.03
2.777
3.815
2.987
3.454
3.777
3.424
3.111
3.239
2.739
3.99
3.948
4.307
3.48
3.239
3.295
2.9
3.394
3.829
3.259
3.614
3.986
3.41
3.4960000000000004
3.555
3.073
3.783
3.545
3.839
3.741
3.93
4.09
4.128
3.185
3.161
3.393
3.4560000000000004
3.828
3.153
4.2189999999999985
3.358
3.513
3.229
3.907
3.263
3.805
3.434
3.817
3.409
4.1389999999999985
4.047
3.714
3.978
3.4360000000000004
3.671
3.4810000000000003
3.995
2.882
3.499
3.327
3.564
3.404
3.559
3.761
3.449
3.896
3.999
3.324
3.379
3.716
3.831
3.661
3.292
3.913
3.791
3.237
3.173
3.232
3.754
3.2710000000000004
3.309
3.969
3.822
3.315
3.352
3.335
3.606
3.555
2.898
3.954
3.829
3.949
4.151
3.087
3.545
3.986
3.315
3.292
3.702
3.1710000000000003
3.159
2.872
3.959
3.635
4.239
3.06
3.911
3.774
3.507
3.003
3.407
3.643
3.937
3.847
3.772
3.817
4.3439999999999985
3.5810000000000004
3.613
3.323
3.217
3.724
4.157
3.67
3.692
3.835
3.85
3.341
3.242
3.827
3.04
3.575
3.41
3.258
3.419
3.362
3.713
3.592
3.643
3.253
4.28
3.358
3.306
3.349
3.88
3.2230000000000003
3.482
3.779
3.775
4.098
3.833
3.498
4.104
3.833
3.366
3.303
3.591
3.2310000000000003
3.394
3.508
3.077
3.221
3.314
3.418
3.702
3.755
3.693
3.407
3.697
3.798
3.505
3.489
3.942
3.266
3.24
4.037
3.49
3.41
3.907
3.978
3.07
3.792
3.869
3.731
3.771
2.982
3.355
3.4610000000000003
3.978
3.455
3.4960000000000004
3.57
3.3510000000000004
3.76
3.76
3.315
3.565
3.746
4.208
3.467
3.871
3.357
3.948
3.3960000000000004
3.1910000000000003
3.785
3.158
2.946
3.469
3.455
3.644
3.651
3.881
3.338
3.15
3.696
3.958
3.674
3.282
4.105
3.482
3.364
3.284
3.674
3.668
3.613
4.141
3.4560000000000004
3.805
3.635
3.3510000000000004
3.515
3.545
3.472
3.124
3.583
3.73
3.722
3.429
3.67
2.648
3.958
3.797
3.475
3.519
3.494
4.313
3.827
3.788
3.427
3.681
3.827
3.262
3.927
3.798
3.956
3.719
4.091
3.975
3.132
4.0
3.39
3.1060000000000003
3.22
3.835
3.747
4.052
3.615
3.722
3.48
3.675
3.696
3.705
3.028
2.97
3.29
3.257
2.887
3.31
3.599
3.424
