2.112
2.088
2.0580000000000003
2.261
2.024
2.457
2.362
2.391
2.279
2.273
2.258
2.252
2.43
2.018
2.267
2.8
1.181
2.441
2.158
2.347
2.526
2.185
2.277
2.434
2.9610000000000003
1.875
2.108
2.436
2.295
2.2230000000000003
2.404
2.406
2.231
2.866
2.326
2.827
2.237
2.138
2.194
2.271
2.441
2.397
2.316
2.461
2.514
2.552
2.635
2.173
2.553
2.54
2.533
2.25
2.296
2.364
2.305
2.431
2.208
2.147
2.236
2.0
2.353
2.103
2.102
2.584
2.382
2.141
2.92
2.027
2.491
2.18
2.192
2.136
2.399
2.597
2.276
2.287
2.517
2.292
2.487
2.071
2.253
2.267
2.36
2.469
2.053
2.485
2.611
2.43
2.483
2.512
2.066
2.319
2.2880000000000003
2.57
2.421
2.475
2.637
2.261
2.097
2.236
2.5380000000000003
2.442
2.434
2.33
2.184
1.766
2.74
2.064
2.238
2.457
2.379
2.3280000000000003
2.265
2.568
2.331
2.312
2.09
2.092
2.583
2.293
2.684
1.162
2.752
2.2880000000000003
2.641
2.226
1.235
2.293
2.244
2.341
2.097
1.933
2.446
2.35
2.188
2.208
2.416
2.208
2.35
3.152
2.424
2.391
2.629
2.461
2.274
2.51
2.135
2.13
2.366
2.632
2.537
2.315
2.222
2.214
2.295
2.257
2.466
2.4130000000000003
2.535
2.1830000000000003
2.266
2.167
2.421
2.271
2.4330000000000003
2.416
2.235
2.914
2.752
2.428
2.431
2.744
2.371
2.278
2.192
1.835
2.6180000000000003
2.317
2.809
2.093
2.303
2.532
2.17
2.641
2.244
2.503
2.189
2.209
2.658
2.26
2.242
2.293
2.631
2.714
2.408
2.555
2.3480000000000003
2.669
2.331
2.504
2.299
3.017
2.454
2.129
2.7060000000000004
2.419
2.501
1.208
2.218
2.376
2.14
2.418
2.452
2.386
2.307
2.555
2.252
1.882
2.724
2.205
2.347
2.362
2.91
2.332
2.126
2.59
2.108
2.41
2.528
2.25
2.644
2.616
2.226
2.428
1.845
2.297
2.445
2.206
2.47
2.165
2.345
2.582
2.255
2.547
2.242
2.532
2.131
2.313
2.425
2.343
2.366
2.246
2.532
2.361
2.158
2.1790000000000003
2.474
2.214
2.361
2.228
2.399
2.274
2.184
2.417
2.258
2.388
2.241
2.4130000000000003
1.789
1.974
2.53
2.648
2.287
2.575
2.316
2.518
2.109
2.295
2.286
1.757
2.705
2.37
2.28
2.29
2.289
2.2880000000000003
1.935
2.417
2.5340000000000003
2.294
2.067
2.235
2.802
2.188
2.52
2.289
2.256
2.501
2.555
2.464
2.2430000000000003
2.337
2.657
2.783
1.157
2.504
2.196
2.634
2.669
2.427
2.11
2.456
2.085
2.733
2.35
2.237
2.273
2.262
2.454
2.302
2.772
2.421
2.53
2.447
2.222
2.428
2.192
2.635
2.786
2.518
2.343
2.849
2.057
2.435
2.467
2.263
2.509
2.357
2.31
2.584
2.366
2.427
2.718
2.476
2.779
2.29
2.256
2.347
1.972
2.167
2.489
2.32
2.302
2.381
2.293
2.948
2.383
2.45
2.276
2.188
2.6180000000000003
2.435
2.003
2.929
2.097
2.318
2.475
2.213
2.776
2.428
2.318
3.142
2.049
2.371
2.506
2.508
2.526
2.432
2.443
2.121
2.384
2.397
2.498
2.408
2.372
2.5860000000000003
2.181
2.149
2.2430000000000003
2.229
2.55
2.216
2.478
2.472
2.688
2.729
2.164
2.431
2.14
2.742
2.318
2.739
2.405
2.251
2.35
2.452
2.612
1.949
2.445
2.181
2.355
2.236
2.423
2.266
2.128
2.514
2.142
2.274
2.925
2.531
2.262
2.548
2.346
2.4
2.367
2.24
2.307
2.667
2.358
1.024
2.5810000000000004
2.547
1.995
2.099
2.32
2.396
2.357
3.528
2.7460000000000004
2.324
2.373
2.352
2.4330000000000003
2.398
2.1590000000000003
2.197
2.346
2.299
2.149
2.341
2.0780000000000003
2.624
2.347
2.332
2.633
2.354
2.313
2.506
2.262
2.282
2.487
2.3040000000000003
2.564
2.084
2.424
2.314
2.472
2.658
2.34
2.529
2.201
2.201
1.03
2.076
2.276
2.201
2.399
2.233
2.143
2.385
2.211
2.247
2.316
2.404
2.6210000000000004
2.717
2.226
2.448
2.165
2.339
2.45
2.353
2.302
1.982
2.498
2.564
2.242
2.2840000000000003
2.417
2.277
2.834
2.089
2.379
2.36
2.4530000000000003
2.512
2.366
2.228
2.342
2.174
2.327
2.021
2.2430000000000003
2.221
2.419
2.278
2.569
2.667
2.271
2.378
2.2230000000000003
2.312
2.487
2.637
2.311
2.15
2.115
2.386
2.144
2.15
2.218
2.266
2.271
2.285
2.531
2.471
2.291
2.13
2.5540000000000003
2.704
2.753
2.29
2.16
2.282
2.521
2.759
2.532
2.47
2.322
2.617
2.302
2.231
2.37
2.311
2.237
2.22
1.996
2.425
2.271
2.403
2.2840000000000003
2.374
2.323
2.371
2.574
2.51
2.126
2.574
3.063
1.264
2.257
2.376
2.599
2.454
2.262
2.278
2.187
2.361
2.266
2.171
1.927
2.464
2.908
2.688
2.1790000000000003
2.251
2.47
2.317
2.389
1.808
2.1180000000000003
2.166
2.245
2.605
2.591
2.314
2.45
2.611
2.286
2.221
3.056
2.127
2.121
2.289
2.461
2.229
1.924
2.378
2.221
2.4090000000000003
2.124
0.989
2.281
2.512
2.428
2.325
2.505
2.424
2.507
2.228
2.186
2.818
2.37
2.524
2.049
2.359
1.999
2.319
2.136
2.391
2.317
2.466
2.54
2.425
2.774
2.408
2.1180000000000003
2.319
2.536
2.772
2.442
2.389
2.25
2.339
2.4290000000000003
2.58
2.471
2.298
2.458
2.4730000000000003
2.294
2.55
2.29
2.4530000000000003
2.658
2.394
1.212
2.373
2.261
2.591
2.485
2.352
2.143
2.692
2.501
2.302
2.297
2.375
2.641
2.472
2.57
2.369
2.108
2.402
2.344
2.4930000000000003
2.439
2.197
2.395
2.404
2.514
2.324
2.384
1.218
2.522
2.381
2.702
2.248
2.085
2.292
2.312
1.916
2.366
2.259
1.972
2.416
2.445
2.297
2.52
2.369
2.299
2.4530000000000003
2.5660000000000003
2.625
2.09
2.3480000000000003
2.6060000000000003
2.16
2.247
2.263
2.383
2.047
2.443
2.417
2.402
2.276
2.362
2.2230000000000003
2.329
2.525
2.872
2.6210000000000004
2.6630000000000003
2.4
2.9360000000000004
2.251
2.42
2.254
2.468
2.1790000000000003
2.236
2.246
2.114
2.55
2.375
2.377
2.2
2.452
2.9760000000000004
2.34
2.344
2.178
2.239
2.41
2.403
2.449
2.819
2.165
2.388
2.529
2.189
2.461
2.424
2.525
2.318
2.236
2.4330000000000003
2.426
2.421
2.157
2.701
2.194
2.379
2.259
1.706
2.517
2.465
2.143
2.189
2.383
2.416
2.656
2.279
2.379
1.927
2.32
2.42
2.403
2.4090000000000003
1.232
2.248
2.344
2.36
2.367
2.422
2.373
2.8680000000000003
1.045
2.41
2.375
2.351
2.849
2.263
2.3680000000000003
1.984
2.705
2.904
2.7310000000000003
2.375
3.111
1.063
2.424
2.461
2.383
2.753
2.418
2.222
2.25
2.81
2.422
2.147
2.5660000000000003
2.053
2.326
2.099
1.941
2.527
2.604
2.085
2.3
2.134
2.362
2.184
2.537
2.485
2.438
2.439
2.018
2.0580000000000003
2.316
2.377
2.076
2.8310000000000004
2.4330000000000003
2.502
2.283
2.431
1.067
2.338
2.492
2.309
2.396
2.582
2.3
2.397
2.09
2.318
2.733
2.658
1.97
0.953
2.509
2.438
2.462
2.342
2.488
2.6910000000000003
2.555
2.423
1.936
2.325
2.272
2.205
1.689
2.664
2.216
2.532
2.347
2.414
2.346
2.202
2.533
2.372
2.297
2.302
2.3040000000000003
2.533
2.07
2.253
2.334
1.541
2.591
2.334
2.407
2.504
2.432
2.364
2.081
2.234
2.071
2.627
2.297
2.272
2.705
2.292
2.325
2.095
2.488
2.158
2.249
2.371
2.462
2.476
2.99
2.52
2.375
2.316
2.5
2.251
2.37
2.647
1.071
2.4130000000000003
2.449
2.234
2.446
2.267
1.6880000000000002
2.502
2.134
2.323
2.978
2.509
2.404
2.0540000000000003
2.061
2.281
2.434
2.622
2.516
2.802
1.127
2.153
2.255
2.634
2.672
2.211
2.28
2.178
2.335
2.341
3.102
2.412
2.162
2.119
2.166
2.648
2.37
2.641
2.406
2.351
2.301
2.299
2.331
2.374
2.502
2.486
2.516
2.274
2.271
2.389
2.162
2.327
2.329
2.187
2.567
2.389
1.6669999999999998
2.176
2.447
2.147
2.61
2.2880000000000003
2.494
2.36
2.464
2.5580000000000003
2.859
2.237
2.215
2.385
2.084
2.213
2.501
2.267
2.373
2.315
2.625
2.399
2.21
2.742
2.446
2.685
2.41
2.5780000000000003
2.421
2.0780000000000003
2.262
2.997
2.535
2.214
2.591
2.205
2.191
2.7430000000000003
2.245
2.057
2.168
2.501
2.5580000000000003
2.459
2.132
2.286
2.478
2.457
2.516
2.196
2.503
1.754
2.23
2.376
2.195
2.506
2.5
2.645
2.24
2.255
2.191
2.449
2.668
2.617
2.818
2.237
2.412
2.653
2.135
2.059
2.177
1.12
2.287
1.955
2.291
2.393
2.103
2.24
2.356
2.7880000000000003
2.373
2.737
2.982
2.251
2.307
2.499
1.7280000000000002
2.232
2.242
2.549
2.056
2.514
2.233
2.619
1.306
2.295
2.403
2.477
2.466
2.195
2.501
2.094
2.201
2.517
2.059
2.564
2.439
2.234
2.5860000000000003
1.088
2.289
2.611
2.5980000000000003
2.189
2.447
2.253
2.395
2.21
2.381
2.427
2.319
2.184
2.391
2.172
2.147
2.306
2.647
2.495
2.34
2.265
2.088
2.351
2.477
2.07
2.416
2.074
2.4330000000000003
2.919
2.461
2.56
2.124
2.319
2.452
2.447
1.098
2.231
2.172
2.307
2.446
2.215
2.13
2.335
2.01
2.572
2.136
2.501
2.656
2.553
2.366
2.45
2.293
2.293
2.323
2.687
2.367
2.273
2.029
2.425
2.467
2.084
2.372
2.408
2.129
2.855
2.314
2.458
2.326
2.228
2.293
2.523
2.596
2.386
2.295
2.2840000000000003
2.582
2.226
2.19
2.611
2.337
2.5
2.374
2.134
2.505
2.315
2.729
2.531
2.386
2.201
2.503
2.472
2.455
2.316
2.365
2.443
2.391
2.509
2.496
2.072
2.295
2.26
2.333
2.5380000000000003
2.168
2.24
2.588
2.579
2.022
2.556
2.249
2.099
2.2880000000000003
2.332
2.514
2.322
2.5660000000000003
2.094
2.48
2.437
1.853
2.277
2.6010000000000004
2.287
1.3130000000000002
2.286
2.537
2.487
2.42
2.052
2.419
2.492
2.622
2.68
2.544
2.37
2.541
2.206
2.32
2.167
2.289
2.351
2.45
2.334
2.623
2.384
2.583
2.416
2.173
2.265
2.298
1.925
1.995
2.617
2.366
2.2030000000000003
2.327
2.2230000000000003
2.818
2.119
2.275
2.27
2.341
2.452
2.428
2.323
2.388
2.312
2.185
2.744
2.225
2.372
2.454
2.116
2.205
2.49
2.843
2.371
2.197
2.231
2.399
2.053
2.434
1.211
2.227
2.41
2.249
2.313
2.862
2.559
2.668
2.461
2.423
2.479
2.761
2.272
2.277
1.067
2.259
2.434
2.488
1.969
2.326
2.638
2.397
2.367
2.351
2.439
2.111
2.174
2.342
2.49
2.29
2.512
2.293
2.4730000000000003
2.314
2.399
2.318
2.532
2.458
2.535
2.617
2.506
2.47
2.392
2.191
2.269
2.225
2.366
2.6860000000000004
2.9560000000000004
2.579
2.196
2.157
2.64
2.521
2.4130000000000003
2.539
2.302
2.567
2.157
2.305
2.291
2.221
2.266
2.245
2.51
2.655
2.345
2.317
2.043
2.359
2.206
2.366
2.615
2.335
2.224
2.69
2.241
2.307
2.499
2.302
2.245
2.655
2.335
2.291
2.326
2.086
2.421
2.397
2.405
2.471
2.148
2.338
1.112
2.257
2.394
2.252
2.319
2.516
2.265
2.529
2.604
2.544
2.165
2.213
2.494
2.464
2.273
2.425
2.154
1.731
2.576
2.421
2.734
2.218
2.452
2.283
2.396
2.196
2.427
2.423
2.462
2.28
2.494
2.207
2.4530000000000003
2.217
2.019
2.665
2.795
2.127
2.651
2.705
2.615
2.378
2.158
2.238
2.361
2.489
2.569
2.292
2.102
2.274
2.141
2.361
2.497
2.46
2.339
2.333
2.3040000000000003
2.26
2.274
2.324
2.667
2.452
2.444
2.448
2.4730000000000003
2.342
2.338
2.5610000000000004
2.335
2.199
2.269
2.454
2.212
2.374
2.556
2.521
2.256
2.587
2.376
2.86
2.174
2.338
2.252
2.597
2.604
2.467
2.397
2.446
2.33
2.631
2.213
2.685
2.0580000000000003
2.628
2.258
2.272
2.442
2.268
2.263
2.139
2.117
2.289
2.037
2.397
1.105
2.248
2.231
2.63
2.205
2.111
2.386
2.239
2.651
2.974
2.647
2.489
2.327
2.442
2.406
2.396
2.444
2.222
2.366
2.631
2.371
3.014
2.23
2.382
2.312
2.577
2.427
1.024
2.263
2.389
2.463
2.171
2.206
2.565
2.064
2.232
2.26
2.505
2.665
2.707
2.48
2.533
2.555
2.4090000000000003
2.403
2.152
2.318
2.427
2.286
2.678
2.591
1.987
2.253
2.702
2.28
2.4290000000000003
2.4130000000000003
2.422
2.309
2.222
3.148
2.318
2.502
2.153
2.294
2.172
2.471
2.037
2.421
2.339
2.4290000000000003
2.376
2.376
2.177
2.774
2.166
2.258
2.214
2.277
2.622
2.351
2.083
2.25
2.5540000000000003
2.372
2.188
2.387
2.24
2.0340000000000003
3.092
2.22
2.469
2.477
2.599
2.131
1.847
2.535
2.393
2.142
2.471
2.2
2.422
2.544
2.278
2.505
2.408
2.297
2.504
2.651
2.572
1.6780000000000002
2.272
2.495
2.381
2.258
2.323
2.517
2.54
1.831
2.239
2.63
2.309
2.43
2.285
2.443
2.422
2.005
1.673
2.398
2.943
3.024
2.369
2.01
2.199
2.414
2.45
2.256
2.459
2.7460000000000004
2.347
2.289
2.312
2.374
1.1
2.049
2.131
2.593
2.567
1.997
2.251
1.279
2.32
2.186
2.702
2.185
2.615
2.52
1.134
2.436
2.53
2.45
1.983
2.701
2.23
1.878
2.271
2.545
2.329
2.295
2.19
2.438
2.403
2.48
2.302
2.6180000000000003
2.6460000000000004
2.51
2.363
1.239
2.512
2.2430000000000003
2.33
2.318
2.31
2.533
2.694
2.044
2.399
2.066
2.7060000000000004
2.526
2.41
2.115
2.395
2.725
2.395
2.439
2.467
2.444
2.066
2.221
2.6010000000000004
2.42
2.366
2.214
2.2880000000000003
2.369
2.346
2.36
2.452
2.176
2.236
2.146
2.419
2.136
2.454
2.352
2.443
2.162
1.995
2.096
3.279
2.227
2.585
2.5540000000000003
2.229
2.705
2.28
2.5980000000000003
1.198
2.614
2.216
2.589
2.371
2.406
2.695
2.227
2.439
2.309
2.352
2.779
2.443
2.35
2.386
1.781
2.285
2.347
2.329
2.166
1.994
2.631
2.448
2.613
2.371
1.856
2.296
2.144
2.254
2.66
2.4130000000000003
2.048
2.563
2.4
2.363
2.276
2.333
2.319
2.759
2.669
2.579
2.424
2.382
1.223
2.18
2.352
2.084
2.487
2.277
2.33
2.798
2.265
2.327
2.165
2.399
2.3680000000000003
2.865
2.488
2.335
2.112
2.194
2.523
2.82
2.371
2.168
2.254
2.609
2.289
2.651
2.416
2.427
2.431
2.422
2.26
2.277
2.294
2.047
2.178
2.548
2.219
2.073
2.089
2.239
2.172
2.448
2.275
1.009
2.533
2.397
2.448
2.521
2.483
2.502
2.272
2.355
2.4730000000000003
1.999
2.544
2.74
2.285
2.458
2.369
2.168
2.335
2.363
2.269
2.412
2.455
2.33
2.0980000000000003
2.43
2.609
2.218
2.544
2.325
2.245
1.942
2.43
2.247
2.428
2.406
2.442
2.152
2.427
2.8110000000000004
2.454
2.657
2.42
2.405
2.609
1.913
2.237
2.353
2.439
2.49
2.3280000000000003
2.451
2.143
2.088
2.217
2.35
2.249
2.518
2.418
2.542
2.559
1.835
2.654
1.825
2.955
2.575
2.479
2.408
2.427
2.319
2.138
2.543
2.089
2.073
2.426
2.173
