2.82
2.659
2.847
2.7710000000000004
2.9130000000000003
3.0380000000000003
2.794
1.943
2.858
3.0980000000000003
2.8960000000000004
2.901
2.7510000000000003
2.838
2.986
2.785
2.882
2.87
2.742
2.677
2.902
2.61
2.776
2.73
2.988
3.036
2.894
2.863
2.853
3.089
2.7310000000000003
2.798
2.643
2.846
2.657
2.768
2.8760000000000003
2.838
2.873
2.756
2.744
2.841
2.741
2.859
3.063
2.7880000000000003
3.0660000000000003
3.051
2.979
3.05
2.983
2.946
2.944
3.0010000000000003
2.8680000000000003
2.977
2.782
2.975
2.8110000000000004
2.879
2.947
3.099
2.8280000000000003
3.03
3.214
2.369
2.9130000000000003
2.919
2.919
2.819
2.6
2.807
2.988
2.938
2.803
2.824
2.883
2.7460000000000004
3.071
2.934
2.954
2.832
2.654
2.932
2.754
2.807
2.787
2.428
2.833
2.805
3.039
3.103
2.74
2.9730000000000003
2.968
2.987
2.823
3.05
2.745
2.845
2.8280000000000003
2.829
2.9610000000000003
2.823
2.77
2.92
2.878
2.882
2.783
3.045
2.931
2.931
2.768
2.84
2.899
2.668
2.834
2.857
2.701
2.937
3.102
2.71
2.738
2.895
2.715
3.025
2.859
2.8360000000000003
2.668
2.8710000000000004
2.78
2.73
2.823
2.7230000000000003
2.888
2.904
2.878
2.801
2.7230000000000003
2.675
2.967
3.067
2.781
2.823
3.0410000000000004
2.8960000000000004
2.897
2.881
2.77
2.919
3.006
2.946
2.803
2.944
2.782
2.9330000000000003
2.908
2.9360000000000004
2.95
2.82
2.989
2.9560000000000004
2.951
3.092
2.865
3.1210000000000004
2.8110000000000004
3.0860000000000003
2.977
2.84
2.78
2.95
2.994
2.954
3.06
3.037
2.614
2.922
2.882
2.765
2.786
2.96
2.83
2.794
2.895
2.802
2.779
2.827
2.877
2.888
2.794
2.9160000000000004
2.87
2.923
2.922
2.878
2.9
2.846
2.8680000000000003
2.724
2.74
2.866
2.979
3.028
2.817
2.947
2.847
2.857
2.759
2.971
3.0460000000000003
3.037
2.798
2.794
2.804
2.814
2.9810000000000003
2.763
2.761
2.619
2.84
2.773
3.006
2.949
2.974
2.689
2.712
2.934
3.0460000000000003
2.8960000000000004
2.9360000000000004
2.974
2.939
3.091
2.822
2.837
3.0
2.957
2.699
2.885
2.732
2.819
2.6910000000000003
2.925
2.77
2.991
2.669
3.055
2.899
2.992
2.78
3.1060000000000003
2.897
2.959
2.745
2.891
2.957
2.803
2.841
3.047
2.964
2.885
2.749
2.754
2.909
2.978
3.089
2.8310000000000004
2.845
2.987
2.972
2.96
3.11
3.141
3.152
2.763
2.81
2.785
2.814
3.047
3.056
3.044
2.9160000000000004
2.943
2.8760000000000003
2.644
2.679
2.832
3.2880000000000003
2.679
2.827
2.959
2.527
2.888
2.782
3.013
2.984
2.982
2.7960000000000003
2.908
2.841
2.932
2.63
2.854
2.91
2.986
2.83
3.022
2.898
2.817
2.8080000000000003
2.827
2.842
2.9810000000000003
2.901
2.935
2.926
2.914
2.702
3.005
2.862
3.156
2.847
2.656
2.823
3.153
2.841
2.901
2.619
2.843
2.701
2.765
2.7510000000000003
3.188
2.841
2.71
2.859
2.912
2.798
2.959
2.867
2.749
2.268
2.909
2.812
2.85
2.899
3.074
2.783
2.945
3.014
2.773
2.858
2.887
2.658
2.938
2.814
2.9610000000000003
2.727
3.017
2.614
2.682
2.882
2.763
2.832
2.9730000000000003
2.784
2.895
2.662
3.084
2.75
2.823
2.912
3.026
2.939
2.869
2.792
2.809
3.042
3.158
2.863
2.787
2.835
3.004
2.969
3.009
2.887
2.609
2.73
2.73
2.797
2.798
2.8680000000000003
2.915
2.907
2.821
3.02
2.884
2.74
2.667
2.777
2.867
2.845
2.86
2.864
2.91
2.893
2.927
2.835
2.963
2.757
2.826
2.631
3.008
2.9360000000000004
2.847
3.059
2.782
2.797
2.779
2.783
2.866
2.883
3.029
2.846
2.882
2.882
3.089
2.984
2.616
2.943
2.545
2.963
2.605
2.882
2.673
2.928
2.798
2.8560000000000003
2.857
2.823
3.016
2.955
2.756
2.937
2.761
2.6060000000000003
2.858
2.826
2.885
2.819
2.812
2.812
2.7
2.807
2.807
2.923
2.814
2.978
2.708
2.737
3.057
