2.909
2.881
2.744
2.701
2.769
2.9360000000000004
2.894
2.889
3.0660000000000003
2.767
2.59
2.769
2.713
2.759
2.891
2.932
2.9730000000000003
2.766
2.875
2.954
2.964
2.7
2.78
2.832
3.109
2.49
2.7
2.891
3.067
2.855
2.814
2.709
2.7030000000000003
2.702
2.898
2.957
2.92
2.492
2.685
2.963
2.861
2.898
2.982
3.042
2.988
2.957
2.815
2.741
3.073
2.737
2.87
2.912
2.874
2.9960000000000004
2.61
2.91
2.877
2.9930000000000003
3.016
2.496
2.842
2.83
2.907
2.952
2.756
2.749
2.818
2.861
3.026
2.9960000000000004
2.841
2.8680000000000003
2.8960000000000004
3.006
2.8710000000000004
2.94
2.906
3.0610000000000004
2.888
2.982
2.667
2.668
3.1060000000000003
2.969
2.844
2.8510000000000004
2.775
2.894
2.949
2.939
2.833
2.923
3.027
2.774
2.998
2.9410000000000003
2.839
2.92
2.928
2.843
2.824
3.129
2.7880000000000003
2.736
3.053
1.987
3.035
2.844
2.7460000000000004
2.822
2.594
3.039
2.797
2.9330000000000003
2.654
2.864
2.904
2.69
2.858
2.9930000000000003
2.9330000000000003
2.839
3.075
2.715
2.774
2.846
2.8280000000000003
2.955
2.958
2.962
2.781
3.177
3.017
2.6460000000000004
2.57
2.748
2.866
2.787
2.647
3.1010000000000004
2.77
2.944
2.59
2.665
2.8
2.767
2.857
2.87
2.7960000000000003
2.971
2.909
2.76
2.919
2.8960000000000004
2.91
2.87
2.707
2.967
2.9530000000000003
2.847
2.932
2.755
2.8680000000000003
2.721
2.781
2.946
2.911
2.809
3.064
2.863
2.543
2.985
2.886
2.8960000000000004
2.861
2.8960000000000004
2.797
2.917
2.69
2.571
2.984
2.6910000000000003
2.96
2.984
2.909
2.965
2.903
2.929
3.0780000000000003
2.862
2.827
2.9930000000000003
2.8160000000000003
2.97
2.878
2.9210000000000003
2.651
3.172
2.817
2.757
2.807
2.939
2.881
2.82
2.7880000000000003
2.787
2.918
2.929
2.85
2.987
2.813
2.783
2.817
2.98
2.969
2.514
2.988
2.6910000000000003
2.821
2.8360000000000003
2.8510000000000004
2.843
2.707
2.928
2.79
2.972
2.91
2.794
2.881
2.926
2.869
2.661
2.7430000000000003
2.852
2.8110000000000004
2.804
2.911
2.845
2.8480000000000003
2.597
2.969
2.9410000000000003
2.793
2.7910000000000004
2.695
3.156
2.7710000000000004
2.749
3.079
2.882
2.776
2.888
3.056
2.869
2.905
2.8280000000000003
3.014
2.712
2.887
2.863
2.766
2.9160000000000004
2.843
2.7460000000000004
2.842
2.807
2.897
2.775
3.138
2.524
2.9360000000000004
2.845
2.815
2.7910000000000004
2.645
2.938
2.983
2.5340000000000003
2.832
2.756
3.147
2.98
2.823
3.05
2.9560000000000004
2.843
2.6910000000000003
2.758
2.76
2.835
2.764
2.718
2.7030000000000003
2.999
2.891
2.7030000000000003
2.843
2.98
2.931
2.766
2.869
2.737
3.0410000000000004
3.042
2.882
2.882
2.727
2.78
2.714
2.821
2.727
2.918
2.873
2.903
2.605
2.861
2.725
2.9160000000000004
2.7710000000000004
3.0010000000000003
2.914
2.946
2.9610000000000003
2.6910000000000003
2.919
2.999
2.797
2.672
2.79
2.685
2.881
2.803
2.886
2.745
2.844
2.937
3.013
2.912
2.827
2.895
2.923
2.76
2.854
2.9560000000000004
3.156
2.898
2.7260000000000004
2.872
2.733
2.806
3.029
2.741
2.74
2.748
2.806
2.86
2.687
2.907
2.76
2.877
2.7230000000000003
2.717
2.799
3.229
2.781
2.9730000000000003
2.954
2.75
2.924
2.72
2.8480000000000003
2.901
2.599
2.7960000000000003
2.929
2.799
2.99
2.522
2.927
2.905
2.914
3.029
2.95
3.004
2.991
3.0410000000000004
2.79
2.709
2.8760000000000003
2.883
2.852
2.9210000000000003
2.967
2.954
3.049
3.055
2.9530000000000003
2.994
2.955
3.067
2.727
2.806
2.9
2.789
2.654
2.763
3.076
2.8360000000000003
2.878
2.9410000000000003
2.9210000000000003
2.861
2.812
2.865
2.7910000000000004
3.214
2.783
2.886
3.012
2.872
3.011
2.779
2.932
2.536
2.984
2.6830000000000003
2.81
2.903
2.832
2.878
3.105
2.785
2.522
2.893
3.043
3.127
3.052
3.266
2.7
2.8710000000000004
2.869
2.747
2.984
3.011
2.9560000000000004
2.957
2.93
2.79
2.631
3.035
2.7110000000000003
2.783
2.964
2.9330000000000003
3.0380000000000003
2.948
2.724
2.881
2.804
2.767
2.935
3.074
2.92
2.809
2.892
2.979
2.826
2.96
3.06
2.964
2.866
2.662
2.79
2.7910000000000004
2.842
2.864
2.935
2.864
2.853
3.0
2.907
3.077
2.985
2.959
3.119
2.9930000000000003
2.898
2.8360000000000003
2.597
3.025
2.736
2.864
2.874
2.826
2.708
3.181
2.798
2.974
2.97
2.789
2.999
2.9560000000000004
2.798
2.824
2.926
2.692
2.9330000000000003
2.829
3.005
2.929
2.8680000000000003
2.758
2.907
2.878
2.881
2.845
2.857
2.864
2.907
2.978
2.839
3.082
2.659
2.873
2.852
2.865
2.984
2.744
2.962
2.65
2.411
2.852
2.684
2.774
2.947
2.647
2.838
2.93
2.924
2.861
2.997
2.7310000000000003
2.812
2.96
2.869
2.932
2.863
2.826
2.93
2.959
2.881
2.918
2.821
2.951
2.78
2.824
2.55
2.826
2.914
2.934
2.865
2.857
3.022
2.823
2.783
2.842
2.667
2.929
2.904
2.854
2.786
2.64
2.847
2.948
2.698
2.775
2.931
2.942
2.6830000000000003
2.498
2.958
2.763
3.022
2.962
2.812
2.812
2.859
2.988
2.883
2.968
2.988
2.988
2.651
2.636
2.715
2.882
2.837
2.966
2.9360000000000004
2.611
3.032
2.759
2.718
2.864
2.569
2.88
2.912
2.716
2.611
2.827
2.623
2.773
3.019
2.769
2.678
3.071
2.7110000000000003
2.845
2.801
2.722
2.892
3.059
2.957
2.809
2.823
2.822
2.826
2.8760000000000003
2.861
2.815
2.8760000000000003
2.958
3.045
2.72
2.952
2.7310000000000003
2.394
3.017
2.96
2.714
3.029
2.867
3.0660000000000003
2.8080000000000003
2.889
2.826
2.857
2.807
2.982
3.034
2.962
2.932
2.849
2.99
2.779
2.69
2.904
2.965
2.485
2.994
2.525
2.806
2.863
2.866
2.892
2.814
2.978
2.789
3.145
2.776
2.7260000000000004
2.765
2.91
2.985
2.767
2.757
2.8360000000000003
2.7260000000000004
2.9160000000000004
2.915
2.866
2.627
2.817
2.843
2.727
3.109
2.952
2.895
2.5580000000000003
2.77
2.827
2.654
2.695
2.6
2.9610000000000003
2.82
2.8
2.842
2.895
3.072
2.935
3.079
2.861
2.931
2.748
2.799
3.009
2.506
2.747
2.817
2.854
2.761
2.685
2.7880000000000003
2.964
2.829
2.9560000000000004
2.863
2.735
2.892
3.169
2.458
2.736
2.9330000000000003
2.9730000000000003
2.902
2.857
2.665
2.927
2.838
2.884
2.77
2.986
3.045
2.799
2.87
2.766
2.86
3.119
2.65
2.687
2.958
2.952
2.875
2.924
2.75
3.237
3.083
2.81
2.928
2.9330000000000003
3.071
2.878
2.835
3.043
2.927
2.92
3.062
2.817
3.169
2.76
2.6710000000000003
2.967
2.875
2.157
2.7880000000000003
2.887
2.6060000000000003
2.866
2.838
3.003
2.815
2.801
2.718
2.861
2.793
2.979
2.802
2.861
2.844
2.555
3.054
2.975
2.904
2.907
3.02
3.054
2.935
2.833
2.841
2.6660000000000004
2.855
2.6630000000000003
2.841
2.8280000000000003
2.852
2.779
3.128
2.84
3.105
2.85
2.872
2.742
2.939
2.9530000000000003
3.005
2.806
2.805
2.5610000000000004
3.026
2.9330000000000003
2.899
2.795
2.906
3.122
2.107
2.949
2.938
2.763
2.928
2.789
3.103
2.779
2.8280000000000003
2.935
2.9130000000000003
2.915
2.8760000000000003
2.516
2.821
2.983
2.7230000000000003
2.914
3.069
3.017
2.762
3.016
2.873
2.741
2.918
2.873
3.127
3.116
2.9560000000000004
2.917
2.759
2.9360000000000004
2.776
2.821
2.667
2.968
2.8110000000000004
2.659
2.761
2.899
2.939
2.7460000000000004
3.045
3.105
2.939
2.967
2.278
2.698
2.8560000000000003
2.906
2.7430000000000003
2.893
2.903
3.111
2.918
2.787
2.773
2.8310000000000004
2.76
2.982
2.8680000000000003
3.062
3.0460000000000003
2.906
2.859
2.002
2.884
2.894
2.886
3.122
2.654
3.022
2.194
2.803
2.785
2.912
2.922
2.795
2.864
3.073
2.999
2.838
2.82
2.678
2.705
2.887
2.8510000000000004
2.951
2.818
3.004
2.778
2.927
2.819
2.834
2.905
3.059
2.7880000000000003
2.858
3.134
2.977
2.987
3.026
2.9330000000000003
2.8560000000000003
2.867
2.9760000000000004
3.077
2.727
2.852
2.894
2.812
2.815
2.87
2.7510000000000003
2.768
3.017
2.857
2.912
3.016
2.932
3.103
2.983
2.7960000000000003
2.962
2.98
2.822
3.075
2.766
2.82
2.694
2.798
3.019
2.86
2.891
3.005
3.042
2.813
2.695
2.841
2.942
2.684
2.748
2.881
2.8480000000000003
2.84
2.907
2.902
3.043
2.957
2.835
2.793
2.926
2.8480000000000003
2.927
2.783
2.9960000000000004
2.858
2.8
2.914
2.942
2.978
2.948
2.96
2.807
2.849
2.8310000000000004
2.6710000000000003
2.823
2.764
2.902
2.794
2.66
2.883
2.7910000000000004
2.78
3.0380000000000003
2.978
2.9730000000000003
3.144
2.749
3.037
2.733
2.9160000000000004
2.877
3.075
2.7910000000000004
2.814
2.823
2.883
2.792
2.984
3.0460000000000003
2.765
2.91
3.016
2.881
2.5580000000000003
2.729
3.037
2.92
2.807
2.638
2.909
2.733
2.7260000000000004
2.735
2.815
3.277
2.88
2.758
2.878
2.878
2.798
2.9330000000000003
3.077
2.874
2.891
2.767
2.988
2.805
2.858
2.7060000000000004
2.834
2.804
2.887
2.661
2.9210000000000003
2.891
2.917
2.873
3.027
3.117
2.8480000000000003
2.797
2.914
2.885
2.869
2.842
3.032
2.8560000000000003
2.96
2.938
2.689
2.819
2.9760000000000004
2.965
2.884
2.992
3.015
2.944
2.724
2.793
2.997
2.658
2.924
3.138
2.717
2.764
3.067
2.987
2.977
2.882
2.77
2.944
2.741
2.942
2.8310000000000004
2.81
2.8080000000000003
2.897
2.6710000000000003
2.929
2.777
2.9610000000000003
2.75
2.687
2.8710000000000004
2.894
3.059
2.846
2.92
2.782
2.8480000000000003
2.925
2.687
3.0460000000000003
2.88
2.8
2.752
2.924
2.867
2.87
2.854
2.879
2.783
3.003
2.886
2.755
2.682
2.87
2.998
2.821
2.9530000000000003
2.798
2.758
3.122
2.947
2.9160000000000004
3.108
2.943
2.756
2.6460000000000004
2.781
2.93
2.908
3.067
2.894
2.835
2.57
2.833
2.837
2.985
2.917
2.945
2.912
2.855
3.079
3.114
2.885
2.619
2.815
3.025
2.861
2.756
2.958
2.908
2.968
3.037
3.042
2.678
2.8080000000000003
3.031
2.849
2.6910000000000003
2.8360000000000003
2.809
2.917
3.031
2.734
2.74
2.963
3.028
2.86
3.0010000000000003
2.78
2.914
2.858
2.775
3.069
2.957
3.209
2.9210000000000003
2.932
2.847
2.826
2.946
2.9810000000000003
2.967
2.717
2.8480000000000003
2.893
2.714
2.829
2.761
3.009
2.832
2.922
2.718
3.042
2.7880000000000003
2.8680000000000003
2.94
2.74
2.844
2.737
2.76
2.853
2.81
2.974
2.834
2.892
3.0610000000000004
2.7510000000000003
3.01
3.024
2.8310000000000004
2.843
2.659
2.81
2.8510000000000004
2.767
3.042
2.978
3.068
2.893
2.83
2.826
2.81
2.8960000000000004
2.803
2.994
2.922
2.8510000000000004
3.07
2.722
2.8110000000000004
2.944
2.786
2.757
2.678
2.634
2.9
2.818
2.945
3.05
2.844
2.824
2.8280000000000003
2.725
2.938
2.949
2.906
2.905
2.631
2.8110000000000004
2.844
2.904
2.714
2.815
2.9560000000000004
2.7960000000000003
2.844
3.064
2.767
2.713
2.944
2.7880000000000003
2.991
2.862
2.769
2.769
2.964
2.975
2.917
3.284
2.792
2.6
2.914
2.964
2.71
2.897
2.839
2.887
2.907
2.997
3.119
3.0780000000000003
2.888
2.874
2.653
2.855
2.994
2.725
3.108
2.69
2.927
2.769
2.846
2.732
2.9
2.839
2.804
3.005
3.007
3.0210000000000004
2.834
2.999
2.736
2.795
2.678
2.556
2.809
3.018
2.886
2.899
2.693
2.872
2.864
2.938
2.88
2.9560000000000004
2.923
2.815
2.85
3.022
2.938
2.944
2.798
2.842
3.043
2.89
2.935
2.73
2.763
2.821
2.777
3.02
2.7230000000000003
2.905
2.823
2.781
2.622
2.974
2.782
2.642
2.783
2.748
2.837
2.957
2.847
2.854
3.039
2.889
2.844
3.014
2.869
2.87
2.784
2.773
2.812
2.901
2.84
3.005
2.999
2.827
2.783
2.821
2.947
2.9330000000000003
3.018
2.847
2.954
1.987
3.011
3.0410000000000004
2.821
2.827
2.905
2.925
2.804
2.85
2.8480000000000003
2.937
2.902
3.05
2.959
2.8960000000000004
2.52
2.865
2.781
2.802
3.055
2.83
3.1
2.966
2.842
2.814
2.797
2.702
2.9530000000000003
2.948
2.942
2.942
2.769
2.758
2.826
2.736
2.8680000000000003
2.852
2.9960000000000004
2.544
2.902
2.777
2.9960000000000004
2.8710000000000004
2.864
2.978
2.967
2.841
2.949
3.085
3.2
3.062
2.727
2.929
2.903
2.917
2.967
2.907
2.932
2.8360000000000003
2.846
2.833
2.895
2.96
2.879
2.937
2.958
2.9730000000000003
2.977
2.8360000000000003
2.766
2.928
2.721
2.8360000000000003
2.75
2.95
2.748
3.154
2.722
2.69
2.624
2.959
2.817
2.952
2.782
2.787
2.48
2.994
2.713
2.919
2.744
3.024
2.79
3.002
2.753
2.787
3.201
3.049
3.048
3.0660000000000003
2.639
2.835
2.891
2.845
2.965
3.075
2.822
3.05
2.857
2.966
3.025
2.854
2.817
3.0380000000000003
2.92
2.812
2.943
2.772
2.605
2.841
2.87
2.777
2.7880000000000003
2.79
2.9330000000000003
2.9530000000000003
2.875
3.0660000000000003
2.8680000000000003
2.797
3.049
2.927
2.971
3.075
2.89
3.05
2.951
2.786
2.935
2.881
2.755
3.155
2.8680000000000003
3.208
2.84
2.786
2.911
2.9160000000000004
2.979
2.653
2.772
2.797
2.911
2.6860000000000004
2.849
2.784
2.843
2.766
2.895
2.86
2.688
2.643
2.785
2.951
2.74
2.712
3.0
3.06
2.86
2.75
2.813
2.982
2.741
2.776
2.853
2.974
2.959
3.176
2.8360000000000003
2.869
2.674
2.728
2.73
2.8510000000000004
3.054
2.835
2.907
2.873
2.922
3.072
2.843
2.964
2.96
2.897
2.688
2.992
2.951
2.7910000000000004
2.195
2.882
2.858
2.897
2.854
2.932
2.99
2.7880000000000003
1.852
2.861
2.962
2.6910000000000003
2.926
2.8480000000000003
2.95
2.926
2.776
1.91
2.977
3.076
3.14
2.874
2.858
2.942
2.9960000000000004
2.968
2.714
2.915
2.928
2.915
2.902
2.854
2.825
3.028
3.029
2.763
2.819
2.9610000000000003
2.898
2.9810000000000003
2.899
2.9960000000000004
2.947
2.84
2.772
2.902
2.687
2.946
2.8510000000000004
2.707
2.968
2.81
2.662
2.6660000000000004
2.617
2.914
2.864
2.912
2.83
2.803
2.8360000000000003
2.914
2.952
2.757
2.809
3.075
3.188
2.803
3.173
2.958
2.943
2.82
2.92
2.991
2.8510000000000004
3.092
2.803
2.877
2.888
2.809
2.94
2.926
2.801
2.7880000000000003
2.812
2.714
2.9160000000000004
2.994
3.02
2.9360000000000004
2.634
2.6910000000000003
2.717
2.998
3.0810000000000004
2.81
2.829
2.659
2.797
2.748
2.528
2.834
2.96
2.943
2.72
2.66
2.978
2.7310000000000003
2.917
2.6860000000000004
2.845
2.91
2.872
2.827
3.2110000000000003
2.81
2.9130000000000003
2.8680000000000003
2.977
3.036
2.753
2.685
2.952
2.732
2.651
3.043
2.9330000000000003
2.875
3.027
2.7710000000000004
3.157
2.919
2.892
2.9410000000000003
3.027
2.963
2.765
2.804
2.645
2.853
3.158
2.643
2.898
2.769
2.437
2.714
2.417
2.872
2.95
2.611
2.917
2.795
2.728
2.657
2.898
2.757
2.879
2.925
3.0380000000000003
2.972
2.824
2.946
2.882
2.6710000000000003
2.734
2.733
2.7960000000000003
2.897
2.918
2.7960000000000003
3.055
3.043
2.9560000000000004
2.878
3.035
2.829
2.662
2.915
3.045
2.787
2.9410000000000003
2.839
2.944
2.886
2.755
3.056
2.885
2.778
2.804
2.852
2.839
2.672
2.759
2.697
2.738
2.927
2.724
2.925
2.904
2.73
2.654
2.88
2.693
3.005
3.073
2.7710000000000004
2.877
2.908
2.696
2.8960000000000004
2.766
2.977
3.063
2.7310000000000003
2.985
2.914
2.839
3.176
2.899
2.963
2.721
2.994
2.7960000000000003
2.804
2.752
3.043
2.96
3.155
2.962
2.98
2.819
2.878
2.651
2.96
2.8280000000000003
2.8280000000000003
3.0860000000000003
2.915
2.884
2.804
3.0210000000000004
2.852
2.909
2.899
2.867
2.81
2.705
2.681
2.7880000000000003
2.756
2.9930000000000003
2.826
2.945
2.845
2.852
2.839
2.616
2.735
2.928
2.937
2.866
2.915
2.8480000000000003
2.9330000000000003
3.002
2.053
2.862
2.894
3.025
3.012
2.806
2.81
3.0460000000000003
2.9930000000000003
2.849
2.785
2.915
3.007
2.708
3.03
