2.64489
2.5129
2.46158
2.48368
2.51959
2.68721
2.58973
2.53674
2.54906
2.54061
2.3002
2.5758
2.59906
2.47037
2.61585
2.68025
2.50857
2.40524
2.65662
2.66882
2.60739
2.51586
2.38579
2.57635
2.59611
2.2152700000000003
2.41187
2.67552
2.67776
2.66571
2.5589
2.47955
2.52354
2.61712
2.6335
2.5733
2.56889
2.29312
2.51646
2.59883
2.64596
2.6652
2.593
2.53413
2.73789
2.7019900000000003
2.5405900000000003
2.47101
2.6720900000000003
2.58469
2.62957
2.7295700000000003
2.5755
2.7119
2.45236
2.53057
2.4737
2.49139
2.72834
2.28898
2.46505
2.6005700000000003
2.52014
2.48201
2.6192
2.53953
2.4743
2.45312
2.63832
2.66847
2.38233
2.53637
2.67277
2.83025
2.6297
2.63078
2.74496
2.59226
2.64498
2.62856
2.40052
2.58598
2.61618
2.63942
2.4068
2.60698
2.60138
2.5798
2.65294
2.4607
2.57761
2.56597
2.73001
2.52758
2.72838
2.57199
2.52734
2.50606
2.57131
2.48149
2.5922400000000003
2.63525
2.58997
2.6101400000000003
2.60554
1.9648
2.71007
2.5599
2.62916
2.52666
2.47432
2.73539
2.66279
2.6191
2.29406
2.57281
2.64693
2.43113
2.62213
2.6152
2.60819
2.53668
2.70559
2.47712
2.45523
2.58211
2.63078
2.64156
2.61301
2.72427
2.39433
2.77375
2.72146
2.46201
2.25979
2.42085
2.5053400000000003
2.41134
2.50101
2.84991
2.5845
2.6467400000000003
2.28341
2.42505
2.42714
2.52295
2.58344
2.54766
2.61515
2.73353
2.6983900000000003
2.53059
2.69955
2.59692
2.632
2.61691
2.56696
2.75781
2.64218
2.5312900000000003
2.62336
2.50024
2.66088
2.28749
2.54155
2.72773
2.51693
2.54128
2.56481
2.55378
2.5109
2.55348
2.72554
2.63713
2.50172
2.61144
2.53238
2.66932
2.61619
2.33471
2.75288
2.66423
2.42219
2.63829
2.59443
2.6214
2.57781
2.65806
2.73898
2.5678400000000003
2.55639
2.6152
2.73928
2.47035
2.55847
2.55749
2.46246
2.59876
2.59082
2.60788
2.59672
2.84742
2.60237
2.46266
2.65045
2.57616
2.65975
2.61012
2.51543
2.64873
2.5793
2.53419
2.46702
2.66073
2.78693
2.44123
2.67965
2.60286
2.59876
2.60782
2.602
2.5893
2.5562400000000003
2.64425
2.54755
2.68715
2.61927
2.53884
2.6389400000000003
2.54871
2.42606
2.50844
2.53805
2.52743
2.5099400000000003
2.64106
2.6493900000000004
2.61861
2.67923
2.30969
2.5398400000000003
2.68343
2.50816
2.53649
2.53011
2.72916
2.60372
2.53498
2.67251
2.6077
2.55198
2.64532
2.68565
2.62165
2.5978
2.63901
2.50186
2.22444
2.66041
2.53991
2.43617
2.5787400000000003
2.53192
2.54271
2.50608
2.5621
2.6572400000000003
2.5821400000000003
2.63757
2.32985
2.53032
2.39834
2.44325
2.55545
2.40753
2.65796
2.65421
2.30757
2.51025
2.52353
2.66052
2.6864
2.54715
2.69786
2.63968
2.55324
2.31235
2.5394
2.48007
2.55561
2.65473
2.5121
2.50549
2.60124
2.61432
2.38243
2.61987
2.47756
2.49863
2.50906
2.59004
2.58501
2.77935
2.51155
2.59321
2.6021400000000003
2.4986200000000003
2.52285
2.50979
2.4635700000000003
2.56907
2.70716
2.61272
2.57535
2.4310400000000003
2.2775
2.50168
2.6278200000000003
2.56983
2.47235
2.6795400000000003
2.57551
2.70373
2.55307
2.61003
2.74256
2.5066900000000003
2.38327
2.68663
2.38789
2.46101
2.59955
2.56495
2.54199
2.41529
2.72792
2.76828
2.68728
2.56889
2.50748
2.70431
2.60901
2.5544
2.69033
2.58715
2.58998
2.52389
2.43446
2.57218
2.44214
2.67504
2.60015
2.55661
2.53779
2.5618
2.78728
2.50583
2.5712200000000003
2.50916
2.60418
2.51156
2.51762
2.5034400000000003
2.9164
2.39433
2.52661
2.62428
2.43313
2.72439
2.48773
2.59461
2.84104
2.38082
2.61276
2.68192
2.54747
2.71687
2.42893
2.68147
2.63679
2.62521
2.74308
2.4451400000000003
2.63534
2.67007
2.76283
2.54566
2.36813
2.63716
2.59456
2.63531
2.61835
2.66299
2.61464
2.82968
2.72538
2.72653
2.58086
2.54162
2.5184
2.49487
2.61899
2.60328
2.40302
2.37083
2.45961
2.65473
2.41842
2.67971
2.67311
2.71101
2.44812
2.46613
2.4389
2.49169
2.76809
2.52813
2.66112
2.67708
2.62811
2.81001
2.7521
2.74502
2.47145
2.6403
2.42906
2.58065
2.69184
2.55412
2.59018
2.68285
2.5731900000000003
2.30032
2.66661
2.7666
2.53525
2.6825900000000003
3.03065
2.51828
2.48285
2.6292
2.57465
2.64433
2.65163
2.56971
2.57724
2.60795
2.54402
2.3605400000000003
2.71335
2.64449
2.56921
2.63007
2.53541
2.72948
2.62607
2.55356
2.5293400000000004
2.6152
2.55131
2.67964
2.58615
2.74142
2.52102
2.55041
2.49216
2.76559
2.63974
2.57633
2.52181
2.61987
2.41204
2.5673
2.6059400000000004
2.67175
2.53821
2.61685
2.45776
2.60936
2.39292
2.64908
2.7232
2.65041
2.69164
2.75918
2.56858
2.6101400000000003
2.50693
2.30969
2.47182
2.53757
2.46298
2.56476
2.57416
2.66296
2.85914
2.49939
2.64672
2.7800700000000003
2.58694
2.87622
2.62151
2.6505400000000003
2.60492
2.66803
2.4693400000000003
2.64214
2.43047
2.51847
2.53806
2.63245
2.36794
2.67248
2.38152
2.60758
2.5609
2.63051
2.44544
2.63466
2.75045
2.59391
2.7641
2.41964
2.57058
2.69893
2.51037
2.69203
2.53487
2.426
2.38773
2.18466
2.56403
2.51937
2.542
2.59329
2.50623
2.70187
2.61639
2.53644
2.75553
2.64734
2.42973
2.48056
2.64635
2.56828
2.72757
2.59605
2.55969
2.69842
2.53978
2.55625
2.68207
2.52523
2.67808
2.55821
2.56324
2.41664
2.6125
2.61976
2.70722
2.69777
2.60296
2.64073
2.64835
2.49436
2.5653200000000003
2.50056
2.6468700000000003
2.76288
2.50085
2.57423
2.49515
2.5449
2.77196
2.34282
2.53857
2.66651
2.7002900000000003
2.27068
2.34118
2.65199
2.56032
2.6993
2.54224
2.3972
2.54869
2.6510700000000003
2.61272
2.63523
2.58124
2.59544
2.58925
2.51989
2.36722
2.43713
2.44049
2.5087900000000003
2.7559400000000003
2.4623
2.36997
2.79615
2.50303
2.52144
2.54956
2.29378
2.64434
2.51759
2.44968
2.36997
2.54766
2.22649
2.52521
2.77038
2.59179
2.39263
2.58226
2.55784
2.61936
2.68281
2.31181
2.63839
2.74978
2.58986
2.67875
2.4666
2.61844
2.5349
2.6507
2.45853
2.5505400000000003
2.57892
2.55043
2.64683
2.46383
2.6518200000000003
2.56138
2.27374
2.64399
2.6519
2.62241
2.6663900000000003
2.63902
2.78242
2.62891
2.54738
2.45143
2.4565200000000003
2.6124
2.6440200000000003
2.67523
2.44136
2.51785
2.63314
2.6562
2.62231
2.38462
2.60602
2.67645
2.42173
2.68323
2.44172
2.6187
2.43966
2.55201
2.59105
2.515
2.55601
2.56439
2.75462
2.64993
2.54005
2.57807
2.63438
2.66998
2.50223
2.51606
2.52936
2.54291
2.67011
2.63268
2.64859
2.57144
2.59428
2.5801
2.52271
2.75654
2.58949
2.59668
2.4024
2.53447
2.50674
2.50077
2.40418
2.38606
2.60178
2.46047
2.52158
2.65753
2.72554
2.6453900000000004
2.40897
2.74951
2.50198
2.73161
2.5664
2.57747
2.76705
2.34281
2.52053
2.55347
2.65147
2.64405
2.52028
2.44782
2.62569
2.52314
2.66263
2.5295400000000003
2.35285
2.59135
2.84411
2.44346
2.49481
2.56308
2.67559
2.6021
2.58113
2.51015
2.75006
2.56419
2.4323
2.5367
2.60358
2.46952
2.65076
2.55498
2.43865
2.43268
2.5529
2.49647
2.5009
2.6548700000000003
2.6415
2.64005
2.6728
2.66914
2.71239
2.70499
2.53227
2.59499
2.52624
2.72264
2.60954
2.51174
2.65489
2.7543
2.6548700000000003
2.80767
2.6138
2.53436
2.48959
2.43152
2.59316
2.5018700000000003
1.959
2.56807
2.70012
2.3546
2.55353
2.40257
2.59301
2.59603
2.58075
2.49071
2.57465
2.56683
2.66182
2.50901
2.69548
2.52264
2.2755400000000003
2.70192
2.47488
2.59459
2.6144700000000003
2.80378
2.75413
2.60569
2.6482
2.33002
2.34285
2.76918
2.50748
2.52694
2.45607
2.66396
2.59068
2.73587
2.5706900000000004
2.83238
2.66303
2.57687
2.40998
2.6930400000000003
2.64624
2.5925
2.5317
2.53897
2.42837
2.59518
2.72083
2.60687
2.48012
2.64321
2.48282
2.13565
2.65849
2.59023
2.52652
2.53663
2.52956
2.77645
2.52125
2.40643
2.4923
2.68349
2.5596400000000004
2.6518
2.3642
2.52583
2.72004
2.51229
2.66298
2.53517
2.62587
2.50675
2.6931
2.57444
2.47012
2.6741900000000003
2.60239
2.53525
2.76103
2.4241200000000003
2.55114
2.53488
2.5906700000000003
2.52067
2.49993
2.3889
2.59291
2.67867
2.63896
2.37532
2.73162
2.79712
2.50096
2.7347900000000003
2.61621
2.57338
2.55025
2.19668
2.461
2.58426
2.6587
2.49642
2.61833
2.52908
2.77251
2.75687
2.6296
2.5186900000000003
2.6863
2.44747
2.6843
2.36605
2.70653
2.4270400000000003
2.6181
2.65449
1.92471
2.64781
2.62672
2.62759
2.7352
2.28443
2.67676
2.29787
2.50871
2.5512900000000003
2.72665
2.67751
2.66892
2.70475
2.84859
2.67212
2.5806
2.58298
2.40037
2.57594
2.53797
2.60763
2.59469
2.87177
2.67322
2.5099400000000003
2.62258
2.63282
2.52327
2.61881
2.54755
2.55563
2.54461
2.78548
2.68349
2.70392
2.75403
2.67953
2.53668
2.5577
2.5754900000000003
2.81351
2.51032
2.53227
2.53603
2.58143
2.52747
2.73048
2.3769
2.48352
2.71036
2.59742
2.67025
2.76352
2.76613
2.55383
2.41819
2.51846
2.6623
2.50507
2.5987
2.89327
2.44268
2.57004
2.48878
2.65457
2.72295
2.56249
2.51061
2.74578
2.47461
2.5615
2.56281
2.62911
2.71213
2.50402
2.56046
2.7046900000000003
2.52674
2.57935
2.6563
2.47378
2.61064
2.73162
2.53654
2.51442
2.61171
2.55476
2.64149
2.4975
2.51417
2.52637
2.52998
2.67707
2.54839
2.76694
2.69405
2.60678
2.59816
2.58853
2.45919
2.51972
2.55126
2.38426
2.61415
2.61849
2.43019
2.61121
2.62655
2.55078
2.65563
2.67919
2.58492
2.7122
2.64447
2.81138
2.43848
2.47994
2.7144
2.71227
2.61463
2.59878
2.55397
2.52927
2.46502
2.68032
2.67865
2.52907
2.65469
2.68851
2.6655
2.34004
2.52828
2.62945
2.46164
2.63371
2.32315
2.6928400000000003
2.47857
2.59603
2.62428
2.54332
2.623
2.71311
2.38015
2.6326
2.58353
2.53423
2.68026
2.73823
2.62122
2.71559
2.64
2.66386
2.62487
2.56797
2.37989
2.53
2.60657
2.66403
2.34964
2.58648
2.51809
2.59576
2.52193
2.56794
2.8051
2.55208
2.6076
2.63536
2.5899
2.7615
2.67582
2.70526
2.57685
2.69983
2.63539
2.5247
2.52219
2.65367
2.68195
2.61412
2.65212
2.71276
2.63283
2.5375400000000004
2.54629
2.56229
2.33163
2.65371
2.65782
2.49377
2.32831
2.56873
2.68125
2.58924
2.57559
2.60021
2.69287
2.53383
2.65157
2.60806
2.39285
2.67861
2.72083
2.49282
2.64554
2.47951
2.53851
2.52337
2.38402
2.55808
2.63095
2.54755
2.43349
2.59479
2.55036
2.6044
2.66841
2.5496
2.4270400000000003
2.58667
2.5442400000000003
2.47454
2.85481
2.57388
2.61175
2.55894
2.59395
2.38979
2.698
2.64551
2.51939
2.45123
2.63565
2.69321
2.5901
2.72848
2.57879
2.56391
2.61131
2.67485
2.65349
2.53957
2.54685
2.5556
2.52452
2.54871
2.62524
2.67471
2.52184
2.69565
2.61445
2.36019
2.68577
2.57647
2.69155
2.72892
2.60393
2.6297200000000003
2.65093
2.7307200000000003
2.69549
2.47664
2.49303
2.54934
2.74328
2.70643
2.55488
2.7138
2.64117
2.66453
2.7586
2.63095
2.5417400000000003
2.5162400000000003
2.6641
2.62733
2.48009
2.64476
2.5899400000000004
2.68349
2.6737
2.49478
2.55335
2.66086
2.69475
2.67117
2.47872
2.5865400000000003
2.6457200000000003
2.53071
2.4527
2.61805
2.65911
2.70797
2.63278
2.66201
2.4936700000000003
2.45141
2.5147
2.6882900000000003
2.76064
2.4710400000000003
2.58773
2.61733
2.49735
2.56407
2.55049
2.7179900000000004
2.62814
2.77863
2.38069
2.7194700000000003
2.50054
2.4313700000000003
2.52057
2.35285
2.61472
2.46811
2.61681
2.66457
2.55977
2.56644
2.68343
2.72935
2.57747
2.3769
2.62174
2.71272
2.61609
2.59871
2.41854
2.5571900000000003
2.40428
2.58154
2.47461
2.65527
2.85638
2.8113
2.48075
2.60547
2.54435
2.65443
2.54563
2.68998
2.6360200000000003
2.664
2.60812
2.63671
2.55409
2.54089
2.37298
2.9053400000000003
2.61217
2.47607
2.40269
2.6291900000000004
2.66534
2.66717
2.56453
2.49825
2.61723
2.47493
2.66248
2.58265
2.58563
2.72601
2.4354400000000003
2.41958
2.47465
2.49302
2.44963
2.50821
2.54213
2.51062
2.4068
2.71447
2.5352
2.30994
2.63146
2.38192
2.71537
2.60298
2.45213
2.5640400000000003
2.66541
2.65254
2.50576
2.88782
2.4733400000000003
2.44026
2.62337
2.66568
2.50712
2.59187
2.56387
2.57265
2.63201
2.61693
2.4681
2.67196
2.64062
2.61311
2.51936
2.73443
2.60623
2.52567
2.75354
2.39835
2.40572
2.54918
2.58562
2.43577
2.59988
2.73172
2.61885
2.59216
2.70753
2.69227
2.64232
2.7382
2.4531400000000003
2.54642
2.45462
2.39028
2.79894
2.65951
2.61385
2.60652
2.59048
2.63175
2.57618
2.62474
2.64476
2.63512
2.73745
2.62893
2.57294
2.7471
2.70487
2.39889
2.5855200000000003
2.41566
2.68858
2.56903
2.61751
2.45995
2.51256
2.5367900000000003
2.44952
2.7551
2.28713
2.72
2.53649
2.60207
2.6078900000000003
2.68791
2.50591
2.57821
2.52151
2.32385
2.6073
2.56007
2.51935
2.54783
2.7235400000000003
2.64571
2.68018
2.66869
2.62317
2.56161
2.56739
2.48747
2.61609
2.71878
2.60133
2.63174
2.64736
2.53166
2.44193
2.48981
2.65248
2.62887
2.55112
2.65899
2.68496
1.63455
2.6835400000000003
2.5832900000000003
2.57674
2.55236
2.73671
2.47678
2.35009
2.58315
2.72378
2.69795
2.40777
2.70938
2.6498
2.6291
2.41472
2.45481
2.62103
2.64432
2.82271
2.6745400000000004
2.6612
2.69998
2.64262
2.60661
2.52667
2.50914
2.68526
2.42405
2.58344
2.62092
2.6722200000000003
2.53001
2.59017
2.56755
2.65571
2.46002
2.67473
2.40964
2.63108
2.45295
2.6171
2.5105
2.44544
2.6718900000000003
2.61771
2.56485
2.67624
2.68954
2.77449
2.70126
2.60207
2.61441
2.67194
2.55804
2.59471
2.5458
2.5806400000000003
2.58106
2.63199
2.6227
2.75396
2.80229
2.6663900000000003
2.63108
2.48165
2.54471
2.6842900000000003
2.62571
2.57817
2.70357
2.41379
2.46711
2.43313
2.58589
2.39242
2.81213
2.55148
2.51722
2.52935
2.63013
2.55347
2.46981
2.60352
2.4218
2.30051
2.67764
2.5836
2.61355
2.55933
2.80867
2.65397
2.73719
2.51666
2.50975
2.73166
2.81072
2.6625
2.6821200000000003
2.49266
2.41627
2.5238400000000003
2.56462
2.58112
2.58735
2.3885
2.63204
2.63576
2.71623
2.59649
2.65844
2.52606
2.77449
2.6663
2.48902
2.61878
2.47666
2.54368
2.57932
2.59269
2.65944
2.41355
2.51976
2.53152
2.58781
2.54067
2.76202
2.56981
2.3222
2.74377
2.67038
2.71002
2.76687
2.61382
2.85474
2.66503
2.6189400000000003
2.67947
2.51183
2.52751
2.73273
2.3567400000000003
2.73338
2.47757
2.48267
2.72786
2.4270400000000003
2.64993
2.54743
2.5301400000000003
2.42468
2.62517
2.44784
2.56368
2.59991
2.48359
2.48329
2.6181
2.52524
2.55511
2.31369
2.57863
2.71342
2.47777
2.22444
2.45304
2.78141
2.43859
2.52195
2.59501
2.5577400000000003
2.49034
2.44396
2.57397
2.58282
2.63023
2.76877
2.56315
2.66233
2.49914
2.50675
2.42992
2.61248
2.48571
2.58586
2.6079
2.65715
2.77127
2.76963
2.41764
2.60107
2.57808
2.6587
2.38306
2.70109
2.67682
2.73548
2.08644
2.59286
2.62781
2.66731
2.47628
2.6318
2.39275
2.52693
1.81606
2.4704900000000003
2.58524
2.55724
2.54324
2.54468
2.67853
2.45923
2.39371
1.5209700000000002
2.49271
2.72555
2.80428
2.4438
2.61148
2.65413
2.6901900000000003
2.46437
2.48035
2.51402
2.8595900000000003
2.45268
2.64527
2.3458900000000003
2.42425
2.63851
2.74128
2.46721
2.60198
2.64532
2.58393
2.6481
2.5338
2.73623
2.67883
2.65634
2.56546
2.50157
2.39676
2.5470900000000003
2.56978
2.53819
2.46437
2.60875
2.33836
2.3969
2.34981
2.64977
2.5699
2.57246
2.57463
2.54967
2.55155
2.43737
2.70076
2.45541
2.52827
2.61913
2.8992
2.58255
2.73917
2.64361
2.60942
2.51988
2.60916
2.57307
2.61068
2.73863
2.61388
2.66804
2.53023
2.60906
2.61248
2.73597
2.58601
2.42663
2.5702
2.52856
2.61528
2.78091
2.71077
2.55322
2.41786
2.55862
2.49945
2.6877
2.57452
2.33104
2.65506
2.55297
2.47269
2.59419
2.25468
2.48207
2.48188
2.63921
2.50379
2.67115
2.5674900000000003
2.5821400000000003
2.59329
2.35067
2.58625
2.79446
2.71091
2.68183
2.65599
2.60967
2.67987
2.3567400000000003
2.53288
2.65556
2.57007
2.3428400000000003
2.65313
2.45165
2.50893
2.69417
2.54736
2.53635
2.66021
2.62219
2.86235
2.55493
2.55133
2.59915
2.5855200000000003
2.66523
2.56873
2.65856
2.44601
2.69613
2.67179
2.3606700000000003
2.6242400000000004
2.5923
2.10869
2.66078
2.2263
2.65632
2.46981
2.29447
2.58835
2.65161
2.54257
2.42946
2.57709
2.56887
2.60795
2.43735
2.8496200000000003
2.62566
2.70279
2.72531
2.63276
2.44
2.52308
2.53173
2.5701
2.54933
2.57848
2.35941
2.68154
2.61064
2.41558
2.60398
2.57388
2.7247
2.54738
2.6136
2.59249
2.53062
2.54608
2.66468
2.64246
2.68149
2.49691
2.80953
2.56308
2.44339
2.45545
2.66918
2.42739
2.5931
2.55433
2.49943
2.5294
2.41801
2.41814
2.61415
2.47866
2.5496
2.45369
2.5973
2.3646700000000003
2.58988
2.69775
2.43647
2.50602
2.61918
2.3787
2.62966
2.61497
2.59304
2.69906
2.54405
2.70254
2.57363
2.41986
2.8281
2.60509
2.63346
2.49563
2.72961
2.5924400000000003
2.61666
2.4482
2.81554
2.54236
2.84901
2.63367
2.4888
2.55598
2.58148
2.51448
2.70212
2.52993
2.49015
2.66715
2.61914
2.62197
2.5747
2.84275
2.47505
2.6452
2.44665
2.52509
2.64576
2.40968
2.58448
2.44567
2.4313700000000003
2.64277
2.64036
2.69368
2.59972
2.6042
2.6098
2.36018
2.2968900000000003
2.60433
2.40732
2.63966
2.7394700000000003
2.40991
2.61263
2.52963
1.7256
2.68652
2.56811
2.77279
2.6186
2.57864
2.5933200000000003
2.67404
2.69767
2.5579
2.5701400000000003
2.4606
2.62672
2.37913
2.64087
