2.50281
2.48073
2.5878
2.47505
2.71283
2.7019
2.5535
1.75128
2.56296
2.62245
2.5897900000000003
2.48595
2.4554400000000003
2.74016
2.72261
2.668
2.45988
2.51073
2.5353
2.37906
2.4657
2.30742
2.52303
2.50718
2.6641
2.69552
2.55435
2.58512
2.62046
2.6774
2.47215
2.5541
2.47224
2.41671
2.44024
2.70488
2.43552
2.56232
2.6377
2.61057
2.54394
2.55864
2.45604
2.66671
2.95474
2.6271400000000003
2.6932400000000003
2.72934
2.6160400000000004
2.56198
2.61247
2.68922
2.61201
2.68017
2.36713
2.72646
2.55715
2.4537400000000003
2.6206
2.69441
2.7251
2.72293
2.59322
2.53004
2.75213
2.3546400000000003
2.67262
2.57803
2.88312
2.56955
2.29911
2.4152400000000003
2.73763
2.49516
2.69048
2.50932
2.6039
2.57796
2.68681
2.66655
2.72899
2.66374
2.39258
2.79727
2.52173
2.38944
2.42606
2.35982
2.5609
2.58562
2.7705900000000003
2.76921
2.50132
2.67205
2.59905
2.70497
2.34911
2.58233
2.46644
2.66318
2.59631
2.60907
2.57661
2.48302
2.55249
2.62502
2.5550200000000003
2.63531
2.54195
2.71194
2.64588
2.70808
2.60822
2.55296
2.59928
2.42964
2.54893
2.57801
2.43772
2.5754200000000003
2.69907
2.44321
2.51008
2.52673
2.49094
2.61448
2.53839
2.63299
2.42465
2.62178
2.51718
2.55295
2.51612
2.60555
2.55915
2.49917
2.6356
2.41352
2.57162
2.52961
2.63345
2.52184
2.60075
2.47752
2.6750700000000003
2.45707
2.65945
2.49594
2.53914
2.52414
2.67046
2.60711
2.46641
2.67703
2.3508400000000003
2.60339
2.6709400000000003
2.44624
2.65207
2.58438
2.63286
2.64531
2.5895900000000003
2.76971
2.58509
2.76402
2.31608
2.63637
2.59304
2.54901
2.59899
2.69069
2.6287700000000003
2.66387
2.65175
2.57337
2.57767
2.56049
2.51935
2.51422
2.46581
2.6719
2.57997
2.41324
2.63547
2.4403200000000003
2.51424
2.53527
2.6304
2.6608
2.44245
2.38631
2.53828
2.56862
2.62703
2.63688
2.67714
2.55297
2.3743
2.43912
2.62564
2.64278
2.67036
2.68418
2.4908
2.57758
2.60562
2.61103
2.51628
2.5475
2.72813
2.74643
2.42538
2.5096
2.50687
2.50329
2.64968
2.5478
2.47559
2.45292
2.55568
2.51681
2.74348
2.7068
2.65142
2.47668
2.48159
2.66116
2.65401
2.5686400000000003
2.62821
2.7378
2.60985
2.77484
2.52508
2.59741
2.64433
2.41754
2.54379
2.43569
2.60406
2.47044
2.492
2.71336
2.56573
2.68538
2.38252
2.67168
2.59577
2.74121
2.55238
2.81456
2.58205
2.70175
2.4330000000000003
2.71078
2.63693
2.53077
2.62569
2.60828
2.48556
2.64746
2.47407
2.56072
2.6828
2.60212
2.67945
2.4952400000000003
2.66414
2.7214
2.72554
2.62497
2.83766
2.73621
2.80282
2.45021
2.49127
2.59906
2.37587
2.60459
2.73766
2.5979400000000004
2.55751
2.61523
2.50443
2.47729
2.5590200000000003
2.52406
2.80711
2.36288
2.56238
2.57983
2.56623
2.69265
2.5800400000000003
2.517
2.79796
2.61591
2.5586
2.67906
2.7235400000000003
2.61233
2.42576
2.3458900000000003
2.66103
2.66229
2.57629
2.7218400000000003
2.57657
2.4325900000000003
2.54697
2.6152
2.63204
2.517
2.6972
2.68061
2.64357
2.67733
2.5877
2.78421
2.59123
2.58715
2.62266
2.3909700000000003
2.4477900000000004
2.8402
2.70561
2.49963
2.50521
2.4097
2.35283
2.49458
2.52371
2.8992
2.4641
2.47509
2.57194
2.53399
2.62194
2.65187
2.55456
2.53159
2.2009
2.7072700000000003
2.61526
2.56127
2.36311
2.80856
2.46738
2.5177
2.52417
2.46656
2.64162
2.51438
2.41558
2.6277
2.61126
2.6057
2.48239
2.74713
2.3719200000000003
2.48585
2.38918
2.56274
2.59601
2.64456
2.39038
2.51548
2.3541
2.6579200000000003
2.60281
2.6048
2.71585
2.66395
2.6186700000000003
2.39836
2.55134
2.57562
2.59117
2.67179
2.67869
2.42606
2.59698
2.66375
2.80941
2.66774
2.64989
2.46121
2.512
2.55096
2.68116
2.53625
2.6497
2.65486
2.63329
2.48575
2.62004
2.47859
2.5577
2.3711
2.44952
2.43835
2.56225
2.55484
2.64303
2.58563
2.54691
2.88823
2.3361400000000003
2.71264
2.56489
2.58346
2.49895
2.7193400000000003
2.63333
2.60128
2.77349
2.61401
2.59967
2.51296
2.52231
2.53706
2.55061
2.6634
2.59316
2.59511
2.59662
2.58326
2.64994
2.45116
2.62061
2.38532
2.47976
2.3088900000000003
2.64356
2.58236
2.63915
2.51804
2.80514
2.60155
2.56193
2.73564
2.64098
2.4528
2.64628
2.49432
2.4849900000000003
2.67561
2.69904
2.64059
2.59462
2.64218
2.34651
2.43814
2.53317
2.50078
2.59557
2.58611
2.73097
2.39664
2.59808
2.68533
