2.311
2.623
2.251
2.476
2.492
2.952
2.724
2.521
1.853
2.417
1.816
2.92
2.323
2.184
2.565
2.6710000000000003
2.582
2.35
2.724
2.997
2.346
2.677
2.083
2.464
2.475
2.279
2.482
2.537
2.95
3.055
2.54
2.642
2.439
2.291
2.678
2.195
2.182
1.793
2.623
2.5380000000000003
2.774
2.6830000000000003
2.489
2.306
2.812
2.813
2.542
2.6830000000000003
2.652
2.609
2.895
2.858
2.557
2.724
2.7510000000000003
1.761
2.335
2.071
2.971
2.529
2.634
2.834
2.563
2.447
2.569
2.532
2.028
2.327
2.899
3.109
2.181
2.543
2.738
2.476
2.807
2.957
3.1260000000000003
2.636
2.4130000000000003
2.404
2.616
2.506
2.708
2.826
2.257
2.6710000000000003
2.559
2.699
3.006
1.996
2.834
2.556
2.269
2.585
2.692
2.318
2.279
2.1180000000000003
2.555
2.196
1.334
2.309
2.8310000000000004
2.667
2.794
1.136
2.9130000000000003
2.617
2.736
2.5340000000000003
2.435
2.593
2.759
2.5810000000000004
1.217
2.736
2.65
2.65
2.655
2.49
2.705
2.682
2.448
2.435
1.988
2.435
2.716
2.681
2.688
2.96
1.846
3.036
2.847
2.438
1.692
2.012
2.526
2.396
2.603
2.699
2.88
2.662
2.32
2.536
2.314
2.829
2.651
2.638
2.617
2.469
2.823
2.375
3.068
2.466
2.85
2.325
2.644
2.434
2.428
2.439
2.835
2.353
2.69
2.45
2.733
2.721
2.357
2.224
2.458
2.869
2.754
2.495
2.524
2.837
2.833
2.62
2.664
2.754
2.842
2.73
2.974
2.419
2.362
2.036
2.753
3.0010000000000003
2.749
2.8080000000000003
2.35
2.895
2.506
2.49
2.477
2.424
2.395
2.698
2.209
2.082
2.545
2.7430000000000003
2.7310000000000003
3.072
2.295
2.263
2.5860000000000003
2.741
2.57
2.736
2.479
2.835
2.465
2.357
2.011
2.75
3.012
2.23
2.977
2.627
2.677
2.971
2.969
2.898
2.009
2.591
2.803
3.303
2.815
2.466
2.6260000000000003
2.709
1.948
2.356
2.36
2.408
2.715
2.84
2.925
2.616
2.609
1.818
2.3080000000000003
2.656
2.607
2.753
2.675
2.986
2.819
2.641
2.245
2.881
2.781
2.879
2.958
2.898
2.609
2.602
2.323
1.371
2.66
2.52
2.162
2.909
2.656
2.572
2.542
2.615
2.906
2.569
2.8360000000000003
2.131
2.198
2.222
2.099
2.667
2.16
2.804
2.9210000000000003
2.177
2.886
2.732
2.262
2.6860000000000004
2.491
2.689
2.0780000000000003
2.105
2.132
2.58
2.9530000000000003
2.593
2.688
2.537
2.361
2.76
2.64
2.392
2.587
2.37
2.016
2.218
2.807
1.983
2.649
1.796
2.738
2.434
2.627
2.317
2.516
2.287
2.523
2.946
2.823
2.307
2.378
1.945
2.189
2.394
2.22
2.072
2.404
2.387
2.852
2.643
2.78
2.862
2.44
1.895
2.5610000000000004
2.491
2.283
2.291
2.5660000000000003
2.353
2.259
2.9810000000000003
2.56
2.73
2.101
2.361
2.914
2.503
2.87
2.912
2.54
2.803
2.55
2.296
2.765
2.46
2.74
2.684
2.588
2.641
2.457
2.531
2.035
2.172
2.576
2.537
2.653
2.622
2.925
2.607
1.846
2.1590000000000003
2.522
1.96
2.529
2.252
2.738
3.0980000000000003
2.212
2.613
2.74
2.713
2.747
2.2840000000000003
2.987
2.73
2.338
2.391
1.483
2.698
2.741
3.161
2.858
2.164
2.934
2.526
2.7430000000000003
2.927
2.093
2.682
2.732
2.623
2.765
2.277
2.61
2.187
2.41
2.769
2.832
1.714
2.389
2.161
2.393
2.213
2.7430000000000003
2.6460000000000004
2.7910000000000004
2.647
2.005
2.05
2.081
2.436
2.339
2.713
2.609
2.7310000000000003
2.915
2.88
2.971
2.4730000000000003
2.827
2.079
2.454
2.347
2.5380000000000003
2.6060000000000003
2.396
2.8
2.175
2.8110000000000004
2.938
2.434
2.587
2.678
1.972
2.562
2.878
2.7880000000000003
2.593
2.673
2.211
2.5980000000000003
2.849
2.705
2.42
2.89
2.531
1.941
2.5810000000000004
2.294
2.627
2.593
2.676
2.5
2.722
2.7880000000000003
2.714
2.622
2.892
2.407
2.395
2.075
2.633
2.379
2.361
2.026
2.623
2.7710000000000004
2.59
2.7260000000000004
2.3
2.576
2.7960000000000003
1.695
2.676
2.013
2.647
2.729
2.702
2.844
2.986
2.0
2.611
1.829
1.818
2.608
2.273
2.709
2.458
2.763
2.786
2.695
2.591
2.698
2.912
2.329
2.784
2.8680000000000003
2.8280000000000003
2.656
2.714
2.499
2.2840000000000003
2.424
2.414
2.641
2.543
2.037
2.834
2.233
2.403
2.406
2.7260000000000004
1.924
2.886
2.763
2.624
2.842
2.434
2.157
2.8510000000000004
2.5860000000000003
2.664
2.597
2.233
2.426
1.759
2.63
2.452
2.505
2.584
2.652
2.924
2.727
2.297
2.949
2.718
2.591
1.753
2.696
2.017
2.401
2.051
2.314
2.813
2.699
2.702
2.665
2.633
2.7
2.679
2.813
2.556
2.963
2.655
2.738
2.805
2.797
2.944
2.923
2.584
2.251
2.655
2.496
2.713
2.636
2.345
2.695
2.721
2.794
2.049
2.53
2.794
2.918
1.988
1.629
2.654
2.624
2.545
2.636
1.533
2.607
2.526
2.359
2.898
2.766
2.564
2.506
2.361
1.148
1.531
2.371
2.749
2.839
2.175
2.048
2.679
2.153
2.624
2.371
2.041
2.829
2.639
2.33
2.048
2.778
1.834
2.387
2.82
1.931
2.211
2.301
2.637
2.713
2.763
1.943
2.656
2.815
2.275
2.659
2.677
2.567
2.489
2.543
2.533
2.562
2.672
2.4330000000000003
2.318
2.205
2.6
2.6710000000000003
1.666
2.701
2.617
2.8480000000000003
2.901
2.5380000000000003
2.595
2.515
2.7430000000000003
1.983
2.557
2.721
2.555
2.911
2.07
2.097
2.462
2.715
2.6
1.86
2.801
2.9960000000000004
2.148
2.784
2.553
2.408
2.564
2.317
2.371
2.376
2.803
2.569
2.393
2.894
2.587
2.073
2.75
2.94
2.437
2.3680000000000003
2.167
2.469
2.904
2.675
2.682
2.765
2.479
2.926
2.51
2.971
2.631
2.658
2.29
2.396
2.732
2.332
2.234
2.262
2.762
1.898
2.555
2.7060000000000004
2.911
2.702
2.317
2.945
2.449
3.179
2.709
2.5340000000000003
2.7910000000000004
1.665
2.7430000000000003
1.866
2.821
2.665
2.35
2.357
2.77
2.531
2.572
2.336
2.241
2.766
3.0610000000000004
2.3040000000000003
2.037
2.884
2.826
2.8160000000000003
2.543
2.579
2.8760000000000003
2.722
2.437
2.63
2.5660000000000003
2.093
2.359
2.376
2.41
2.406
1.567
2.55
2.476
2.496
2.684
2.965
2.692
2.998
2.236
2.546
2.579
2.63
2.2880000000000003
2.709
2.735
2.0980000000000003
2.859
2.806
2.573
2.822
2.815
2.582
2.317
2.0580000000000003
2.86
2.388
2.48
2.24
2.9330000000000003
2.389
2.619
2.173
2.817
2.674
2.386
2.373
2.476
2.709
2.747
2.378
2.754
3.006
1.6909999999999998
2.797
1.997
2.6710000000000003
2.654
2.88
2.844
2.7460000000000004
2.979
2.05
2.222
2.407
2.285
2.588
2.152
2.484
2.592
2.397
2.628
3.154
3.026
2.594
2.236
2.959
2.6830000000000003
2.5580000000000003
2.733
2.43
1.948
2.7430000000000003
3.129
2.354
2.537
2.605
2.147
1.915
2.2230000000000003
2.406
2.261
2.0
2.364
2.7310000000000003
2.392
2.201
2.271
2.948
2.1590000000000003
2.334
2.237
2.8560000000000003
2.754
2.69
2.143
2.106
2.841
2.557
2.821
2.785
2.647
2.8
2.801
2.434
2.962
1.977
2.594
2.458
2.377
2.445
2.229
1.753
2.8
2.849
2.559
2.053
2.965
2.546
1.66
2.798
2.655
2.77
2.193
1.846
2.326
2.587
2.697
2.605
2.681
2.61
2.944
3.015
2.863
2.156
2.778
2.463
2.71
1.888
2.819
1.832
2.582
2.6260000000000003
2.5660000000000003
2.721
2.747
2.802
2.852
1.988
2.039
1.005
2.278
2.679
2.582
2.863
2.694
2.52
3.2230000000000003
2.701
2.655
2.393
2.292
2.762
2.101
2.645
2.543
2.923
2.837
2.6830000000000003
2.908
2.659
2.471
2.749
2.393
2.688
2.45
3.04
2.6010000000000004
2.813
3.0410000000000004
2.696
2.589
2.38
1.946
3.052
1.816
2.301
2.577
2.639
2.741
2.878
1.747
2.219
3.007
2.922
3.007
3.207
2.378
2.28
2.272
2.502
2.682
2.254
2.362
2.802
2.497
2.547
2.475
2.777
2.648
2.52
2.416
2.624
2.334
2.33
2.101
2.401
2.58
2.318
2.904
2.823
2.682
2.616
2.766
1.94
2.426
2.7910000000000004
2.769
2.01
2.721
2.423
2.684
2.528
2.643
2.374
2.587
2.713
2.358
2.814
2.74
2.28
2.367
2.665
2.216
2.5810000000000004
2.655
1.902
2.736
2.74
2.235
2.6060000000000003
2.874
2.812
2.787
2.773
2.197
3.141
2.29
2.371
2.583
2.531
2.235
2.699
2.739
2.957
2.845
2.549
2.4290000000000003
2.603
2.94
2.774
2.655
2.662
2.732
1.749
2.697
2.741
2.29
2.441
1.975
2.759
2.531
2.792
2.68
2.499
2.576
2.867
2.2840000000000003
2.6260000000000003
2.523
2.357
2.894
2.883
2.955
2.265
2.826
2.51
3.05
2.855
1.991
2.82
2.859
2.6630000000000003
2.553
2.6180000000000003
2.488
2.5780000000000003
2.547
2.266
2.6860000000000004
2.715
2.527
2.444
2.81
2.268
2.761
2.555
2.638
2.73
2.405
2.169
2.7310000000000003
2.852
2.532
2.4090000000000003
2.512
2.8480000000000003
2.962
2.779
2.325
2.568
2.142
2.329
2.877
2.277
1.577
2.224
2.889
2.52
2.794
2.904
2.8
2.048
2.672
2.31
2.456
2.76
2.86
2.536
2.4
2.173
2.292
2.241
2.039
2.974
2.6830000000000003
2.393
2.134
2.717
2.281
2.81
2.777
2.213
1.832
2.546
2.69
2.664
2.8110000000000004
2.677
2.521
2.599
2.773
2.181
2.825
2.752
2.415
2.08
2.86
2.103
2.596
2.9160000000000004
2.799
2.784
2.387
2.681
2.387
2.087
2.513
2.605
2.165
2.758
3.11
2.549
2.121
2.879
2.777
2.3
2.639
2.6860000000000004
2.946
2.658
2.376
2.8760000000000003
2.285
3.063
3.047
2.734
2.476
2.727
2.869
2.465
2.699
2.667
2.591
3.0210000000000004
2.988
2.754
2.69
2.651
2.533
2.919
2.065
2.67
2.338
2.588
2.569
2.268
2.757
2.895
2.638
2.742
2.523
2.58
2.594
2.035
2.042
2.597
2.891
2.777
2.925
2.902
2.583
1.981
2.733
2.635
2.8160000000000003
2.404
2.934
2.762
2.103
2.564
2.5860000000000003
3.045
2.563
2.899
1.972
2.787
2.217
2.181
2.68
2.089
2.8510000000000004
2.695
2.638
2.8
2.805
2.73
2.694
3.057
2.844
1.747
2.402
2.881
2.537
2.403
2.449
2.381
2.222
2.7260000000000004
2.334
2.437
3.178
3.015
2.157
2.355
2.576
2.695
2.11
2.915
2.949
2.9410000000000003
2.24
2.905
2.54
2.7460000000000004
1.76
2.911
2.818
2.215
2.087
2.619
2.589
2.94
2.651
2.46
2.207
2.011
2.2230000000000003
2.813
2.525
2.744
2.657
2.331
1.918
2.021
2.357
2.7110000000000003
2.327
2.8110000000000004
2.257
2.503
2.75
1.925
2.549
1.983
2.8710000000000004
2.859
2.4090000000000003
2.728
2.657
2.684
2.309
2.575
2.607
2.298
2.662
2.824
2.547
2.784
2.768
2.879
2.253
2.576
2.1630000000000003
2.061
2.778
2.814
2.511
2.768
2.469
2.687
3.047
2.255
1.831
2.708
2.721
2.58
2.843
2.647
2.699
2.331
2.3040000000000003
2.535
2.712
3.157
2.47
2.927
2.145
2.169
2.676
2.959
2.772
2.814
2.67
3.1460000000000004
2.142
2.6910000000000003
2.784
2.425
2.705
2.432
2.414
2.604
2.931
2.187
2.7
2.007
2.6460000000000004
2.8680000000000003
2.611
2.5660000000000003
2.069
2.633
2.2
3.04
2.667
2.312
2.62
2.543
1.973
2.448
2.624
2.192
2.62
1.554
2.5980000000000003
2.82
2.349
2.357
2.657
2.661
2.749
2.282
2.858
2.532
2.6860000000000004
2.514
2.549
2.8360000000000003
2.6180000000000003
2.478
2.507
1.916
2.572
1.845
2.8680000000000003
2.697
2.313
2.7110000000000003
2.682
0.962
3.015
2.949
2.88
2.835
2.867
2.438
2.099
2.658
3.003
2.935
2.212
2.962
2.6010000000000004
2.5540000000000003
2.176
1.931
2.809
2.9
2.694
2.783
2.562
2.84
2.883
2.266
2.448
2.511
2.843
1.922
2.508
2.824
2.446
2.635
2.8480000000000003
2.593
2.604
2.008
2.864
1.853
3.089
2.36
2.6
2.826
1.924
2.725
2.09
2.297
2.8960000000000004
2.339
2.427
2.8
2.641
2.784
2.21
2.1590000000000003
2.624
2.388
1.955
2.6010000000000004
2.532
2.461
2.893
2.787
2.884
2.915
2.242
2.658
3.072
2.767
2.6260000000000003
2.94
2.61
2.427
1.96
2.32
1.964
3.064
2.635
2.778
2.231
2.451
1.866
1.945
2.662
2.449
2.126
2.752
2.639
2.789
2.616
2.443
2.577
2.8310000000000004
2.489
2.283
2.922
2.753
3.033
2.838
2.758
2.24
2.48
2.464
2.573
2.535
1.796
2.077
1.961
2.863
2.129
2.8710000000000004
1.937
2.768
2.676
2.877
2.295
2.406
1.891
2.373
2.344
2.867
1.999
2.476
1.926
2.34
2.351
2.338
2.835
1.884
2.704
2.806
2.689
3.004
2.247
2.934
2.7960000000000003
2.5580000000000003
2.742
2.402
2.642
2.591
2.228
3.111
2.56
2.537
2.734
2.39
2.6910000000000003
2.363
2.0340000000000003
2.249
2.722
2.22
2.891
2.571
2.549
2.698
2.818
1.794
2.742
2.425
2.505
2.971
2.374
1.371
2.166
3.063
1.63
2.369
2.678
2.06
2.562
2.344
2.699
2.587
2.736
2.543
2.958
2.87
2.464
2.5540000000000003
2.245
2.56
2.572
2.556
2.5780000000000003
2.721
2.759
2.987
2.0980000000000003
2.798
2.7710000000000004
2.5610000000000004
2.324
2.919
2.906
2.774
1.009
2.778
2.757
2.878
2.041
2.907
1.98
2.5860000000000003
2.881
2.502
2.126
2.441
2.218
2.855
2.82
1.951
2.093
1.351
2.333
2.383
2.814
2.09
2.647
2.869
2.937
2.327
3.22
2.0340000000000003
2.906
2.166
2.925
2.071
1.734
2.822
2.943
2.259
2.833
2.824
2.52
2.631
2.737
2.652
2.879
2.872
2.629
2.025
1.881
2.805
2.9160000000000004
2.121
2.327
2.615
1.753
2.112
2.176
2.742
2.624
2.25
2.385
2.253
2.651
2.088
2.256
2.562
2.737
2.394
2.962
2.651
2.852
2.161
2.898
1.886
2.712
2.059
2.772
2.461
2.421
2.998
2.472
2.728
2.609
2.756
2.6180000000000003
2.418
2.301
2.267
2.708
2.829
3.1210000000000004
2.623
1.954
2.613
2.213
2.834
2.219
1.979
2.708
2.272
2.219
2.7910000000000004
1.795
2.22
2.2840000000000003
2.267
2.698
2.577
2.344
2.752
2.63
1.616
2.814
2.6830000000000003
2.28
2.588
2.253
2.653
2.408
2.228
2.047
2.745
2.989
1.869
2.286
2.311
1.496
3.097
2.712
2.22
2.31
2.523
2.874
2.126
2.299
2.824
2.62
2.356
2.245
2.75
2.336
2.884
1.996
2.515
2.494
2.58
1.916
2.742
2.03
2.587
1.9
1.927
2.697
2.622
2.446
2.456
2.722
2.518
2.722
2.231
2.438
2.76
2.518
2.5
2.997
2.425
2.78
2.227
2.35
2.634
2.469
2.032
2.959
2.426
2.148
2.863
2.914
1.995
2.556
2.13
2.37
2.694
2.497
2.324
2.8680000000000003
2.774
2.68
2.8160000000000003
2.363
1.789
2.379
2.504
2.105
2.649
2.759
2.685
2.654
2.442
2.302
2.508
1.986
2.76
2.785
2.911
1.989
2.378
2.806
2.254
2.398
2.819
1.786
2.131
2.58
2.088
2.897
2.279
2.8680000000000003
2.901
2.235
2.9810000000000003
2.496
2.361
1.877
2.994
2.689
2.6010000000000004
2.514
2.9
2.437
2.5980000000000003
2.76
2.4330000000000003
2.675
2.8710000000000004
2.967
2.8760000000000003
2.289
2.541
2.285
2.412
2.752
2.651
2.6630000000000003
2.389
2.039
1.917
2.658
2.4330000000000003
1.7819999999999998
2.88
1.834
1.652
2.008
2.76
2.982
2.2840000000000003
2.838
2.7030000000000003
2.3680000000000003
2.255
2.82
1.967
2.994
2.794
2.027
2.814
1.993
1.137
2.797
2.443
2.555
2.4130000000000003
2.625
2.855
2.872
2.849
2.695
2.444
2.4330000000000003
2.849
2.202
2.847
