2.0469999999999997
2.322
2.156
2.001
1.9040000000000001
2.27
2.219
2.201
2.0780000000000003
2.156
1.67
2.119
2.117
2.061
2.056
2.25
2.193
1.946
2.049
2.25
1.945
2.046
1.96
2.248
2.0869999999999997
1.811
2.104
2.246
2.282
2.209
2.263
2.042
2.075
2.1069999999999998
2.271
2.0669999999999997
2.154
1.974
2.215
2.082
2.06
2.004
2.228
1.96
2.221
1.97
2.18
2.158
2.229
2.256
2.19
2.1519999999999997
2.225
2.298
2.015
1.732
2.0709999999999997
2.012
2.255
2.062
1.881
2.1
2.059
2.198
2.1959999999999997
2.085
1.911
1.902
2.26
2.273
2.057
2.053
2.4330000000000003
2.094
2.089
2.324
2.106
2.158
2.1319999999999997
2.023
1.868
2.021
1.9480000000000002
2.097
1.8090000000000002
2.197
2.2319999999999998
2.463
2.208
2.109
2.123
2.0540000000000003
2.05
2.089
2.202
2.142
1.882
2.079
2.234
2.081
1.9080000000000001
1.922
2.086
2.158
2.205
1.693
2.395
2.167
2.2030000000000003
2.019
1.8359999999999999
2.419
2.0380000000000003
2.097
1.617
2.229
2.1959999999999997
2.063
2.148
2.042
2.205
2.045
2.283
1.946
1.976
2.097
2.126
2.259
2.121
2.224
1.845
1.8969999999999998
2.1590000000000003
1.9769999999999999
1.824
1.811
1.975
2.015
2.124
2.451
2.173
2.003
1.99
2.064
1.882
2.048
2.275
1.996
2.213
2.0069999999999997
2.211
2.199
2.164
2.035
2.312
2.009
2.094
2.2969999999999997
2.068
2.019
2.231
1.929
2.119
2.023
2.074
2.512
2.035
1.85
2.061
2.146
2.22
2.0469999999999997
2.353
2.249
2.2880000000000003
2.2430000000000003
2.184
2.233
2.169
1.865
2.467
1.956
2.079
2.03
2.224
2.084
2.1590000000000003
2.062
2.0669999999999997
2.092
1.946
2.042
2.0
1.9969999999999999
2.149
2.162
1.926
2.033
2.224
2.338
2.246
2.209
2.131
1.8880000000000001
2.085
2.294
2.164
2.3280000000000003
2.275
2.048
2.1919999999999997
2.046
1.929
2.13
2.19
2.1
2.209
2.228
2.2030000000000003
2.276
2.154
2.024
1.964
2.185
2.084
2.171
2.278
1.892
2.204
2.176
1.965
2.104
2.028
2.178
2.15
2.186
2.2359999999999998
2.279
2.261
1.8230000000000002
2.24
2.204
2.105
2.207
2.056
2.351
2.274
2.061
2.1590000000000003
2.228
2.081
2.084
1.973
2.265
2.246
2.248
1.9880000000000002
1.5530000000000002
2.242
1.956
1.848
2.198
2.061
2.099
2.126
2.169
2.202
2.189
2.384
1.926
2.225
1.9140000000000001
1.974
2.141
1.861
2.182
2.253
1.98
2.215
2.2119999999999997
2.14
2.415
1.939
2.335
1.9469999999999998
2.0709999999999997
1.87
1.97
2.191
2.204
2.237
2.009
2.306
2.148
2.113
2.06
2.055
2.064
1.8330000000000002
2.03
2.314
1.777
2.252
1.906
2.021
2.12
2.0669999999999997
2.125
1.9980000000000002
1.858
2.094
2.2359999999999998
2.2640000000000002
2.147
2.041
1.795
2.006
2.117
2.227
2.01
2.161
2.017
2.439
2.334
2.289
2.28
2.055
1.702
2.187
1.848
1.8430000000000002
2.073
2.104
2.184
1.9580000000000002
2.12
2.066
2.198
1.905
1.848
2.0580000000000003
2.082
2.176
2.048
2.051
2.1719999999999997
2.125
1.883
2.0669999999999997
2.069
2.225
2.238
2.083
2.176
1.9509999999999998
2.339
1.82
2.109
2.084
2.155
2.135
2.335
2.121
2.231
1.845
1.954
2.065
2.0
2.286
1.905
2.075
2.224
1.893
2.043
2.291
2.137
2.306
1.921
2.13
2.126
2.306
2.072
1.755
2.313
2.332
2.3890000000000002
2.247
1.906
2.332
2.131
2.407
2.219
1.868
2.198
1.811
2.247
2.327
2.032
2.185
2.084
2.008
2.178
2.162
1.8559999999999999
1.895
1.9880000000000002
2.006
2.043
2.2119999999999997
1.9869999999999999
2.065
2.068
1.906
1.882
2.075
2.2319999999999998
2.2119999999999997
2.161
2.037
1.9409999999999998
2.289
2.167
2.271
2.189
2.129
1.946
1.939
2.151
2.0540000000000003
2.0709999999999997
1.901
2.093
1.85
2.158
2.099
1.692
2.242
2.206
1.909
2.1430000000000002
2.239
1.986
2.272
2.226
1.989
2.2319999999999998
2.3680000000000003
1.969
1.8969999999999998
2.3569999999999998
1.9780000000000002
1.811
2.154
2.115
2.21
2.121
2.032
1.9780000000000002
2.204
2.188
2.129
2.1069999999999998
2.276
2.133
2.188
1.807
1.945
2.141
2.0269999999999997
2.0909999999999997
2.133
2.08
2.233
1.979
2.114
2.12
2.359
1.955
2.074
1.9069999999999998
2.021
2.0709999999999997
2.186
2.46
2.529
1.9240000000000002
2.065
1.9580000000000002
1.8230000000000002
1.9969999999999999
2.177
2.144
2.03
1.986
2.276
2.286
2.125
2.338
2.298
2.156
2.352
2.168
2.193
2.109
2.1919999999999997
2.127
2.188
1.875
1.9769999999999999
2.22
1.982
1.9509999999999998
2.066
1.996
2.0469999999999997
2.025
2.312
1.9169999999999998
2.198
2.209
2.322
2.102
2.079
2.209
2.009
1.966
2.246
2.043
1.993
1.969
1.87
2.1430000000000002
2.154
2.169
2.0540000000000003
2.249
2.358
2.246
2.07
2.219
2.028
2.253
1.979
2.148
2.114
2.122
1.912
2.166
2.359
2.092
2.157
2.108
2.248
2.131
2.082
2.089
2.033
2.256
2.206
2.033
2.225
2.154
2.2969999999999997
2.244
2.162
2.234
2.082
2.241
2.154
2.3040000000000003
2.059
2.064
2.286
2.182
1.9409999999999998
2.16
2.291
2.396
2.086
1.768
2.246
2.122
2.204
1.964
1.8430000000000002
2.0340000000000003
2.17
1.999
2.1519999999999997
2.101
1.91
2.2
1.867
1.577
1.8459999999999999
2.122
2.16
2.229
1.953
1.8459999999999999
2.129
1.8840000000000001
2.005
2.225
1.689
2.2319999999999998
2.174
2.242
1.8459999999999999
1.912
1.91
2.07
2.325
1.98
2.227
1.943
2.2030000000000003
2.19
2.184
2.103
2.365
2.2359999999999998
2.124
2.256
2.016
2.187
2.128
2.168
2.108
1.9609999999999999
2.109
2.116
2.1430000000000002
1.994
2.242
2.1719999999999997
2.156
2.1069999999999998
2.0909999999999997
2.105
2.145
2.3369999999999997
2.113
2.217
1.9809999999999999
2.0269999999999997
2.0669999999999997
2.299
2.373
2.249
1.683
2.146
2.2359999999999998
2.191
2.166
2.052
2.228
1.96
1.9369999999999998
2.164
1.9669999999999999
1.8459999999999999
2.043
2.094
2.164
2.097
2.022
1.975
2.207
1.943
1.986
2.101
2.174
2.213
2.182
2.133
2.072
2.11
2.27
2.149
2.343
2.057
2.033
2.376
2.024
2.249
2.106
2.086
2.025
2.08
2.07
2.205
1.766
2.052
2.06
1.8559999999999999
1.838
2.117
2.259
2.11
1.8230000000000002
2.214
2.036
2.449
1.794
2.142
2.396
1.7409999999999999
2.116
2.024
2.01
2.187
2.136
1.895
2.077
2.248
2.158
1.77
1.761
2.358
2.137
1.781
1.9
2.12
2.153
2.241
2.079
1.989
2.22
2.18
2.089
1.771
2.193
2.037
2.08
2.075
2.02
2.001
2.319
2.002
2.103
2.117
2.1109999999999998
2.199
2.253
2.15
2.0269999999999997
2.239
2.131
2.2569999999999997
2.187
2.24
2.065
2.102
2.088
2.189
2.281
2.184
2.073
2.168
1.8719999999999999
1.926
2.324
2.234
2.108
2.0069999999999997
2.198
1.9480000000000002
2.099
1.935
2.315
1.999
2.222
2.031
2.113
2.2319999999999998
2.117
2.134
2.426
2.144
1.939
2.3209999999999997
2.136
2.022
2.1790000000000003
2.191
1.912
2.0709999999999997
2.269
1.851
1.8419999999999999
2.289
2.077
2.155
1.93
2.127
2.0380000000000003
2.096
2.135
1.86
2.3280000000000003
2.133
1.952
2.332
2.325
2.184
2.26
2.209
1.9380000000000002
2.033
2.38
1.984
2.036
2.2119999999999997
1.879
1.845
1.995
2.095
2.238
2.149
1.9469999999999998
2.313
2.094
1.869
2.028
2.207
2.004
2.211
2.003
2.1630000000000003
2.386
2.1630000000000003
2.158
1.9809999999999999
2.2319999999999998
2.035
2.271
2.029
2.1519999999999997
2.109
2.366
1.692
2.057
1.93
2.102
2.0340000000000003
1.964
2.247
2.0
1.99
2.38
2.208
2.23
1.9180000000000001
2.419
2.221
1.742
2.432
2.18
2.175
2.028
1.882
1.9509999999999998
2.068
2.209
2.128
2.274
2.261
2.391
2.335
2.112
1.995
2.125
1.911
1.9769999999999999
1.819
2.1790000000000003
2.101
2.23
2.131
2.249
2.156
2.229
2.168
2.248
1.9480000000000002
2.0
1.681
2.1719999999999997
1.953
2.149
2.149
2.105
2.138
2.327
2.358
2.068
2.046
1.9169999999999998
2.149
2.055
2.3480000000000003
2.1430000000000002
2.0180000000000002
2.359
2.228
2.258
2.109
2.0380000000000003
2.307
2.149
2.244
1.959
2.379
2.1919999999999997
2.352
2.122
2.362
2.25
2.171
1.974
2.213
2.019
2.131
2.178
2.195
2.043
2.119
1.903
2.0140000000000002
2.278
2.3080000000000003
2.1390000000000002
2.295
2.068
2.0
1.9680000000000002
2.085
2.1519999999999997
1.94
2.1430000000000002
2.287
2.008
2.145
2.062
1.995
2.022
2.051
1.876
2.206
2.182
2.145
1.996
2.283
2.0469999999999997
2.0
2.153
2.349
2.09
2.11
2.158
1.969
2.162
2.339
2.121
1.8419999999999999
2.383
2.12
2.424
2.146
2.228
2.1430000000000002
2.207
2.301
2.186
2.311
2.01
2.138
2.106
2.185
1.8780000000000001
2.031
2.21
1.8840000000000001
2.25
2.1430000000000002
2.0140000000000002
2.218
2.2430000000000003
2.258
2.185
2.3080000000000003
2.08
2.2969999999999997
2.201
2.151
2.01
2.194
1.9609999999999999
2.336
1.9909999999999999
2.245
2.086
2.1430000000000002
2.095
2.29
2.189
2.271
2.181
2.307
2.093
1.883
2.292
2.1590000000000003
1.905
2.181
1.9509999999999998
2.278
2.044
2.17
2.333
2.186
1.956
2.252
1.956
2.211
2.114
2.074
2.334
2.215
1.9180000000000001
2.044
2.569
2.214
2.164
2.0140000000000002
1.9040000000000001
2.068
2.189
2.3209999999999997
1.791
2.189
2.193
2.1919999999999997
2.062
2.3169999999999997
2.334
2.177
2.119
2.2640000000000002
1.9680000000000002
2.017
2.136
2.454
2.16
2.464
2.019
2.234
1.949
2.385
2.2230000000000003
2.0380000000000003
2.114
2.363
2.251
2.185
2.127
1.959
1.963
2.1790000000000003
2.106
2.088
1.815
1.919
2.1519999999999997
2.083
2.039
2.2840000000000003
2.186
1.915
2.155
1.9169999999999998
2.093
2.2640000000000002
2.21
1.9980000000000002
2.302
1.73
2.0069999999999997
2.097
1.874
2.125
2.218
2.149
1.905
2.1519999999999997
2.089
2.227
2.008
1.82
2.101
2.222
2.255
2.015
2.093
2.346
2.161
2.092
2.01
1.7269999999999999
2.376
2.435
2.112
2.135
2.202
2.102
2.1790000000000003
2.411
2.059
2.089
2.141
2.23
2.1830000000000003
2.04
2.0780000000000003
2.086
2.0140000000000002
2.096
2.137
2.189
1.847
2.316
2.245
2.03
2.334
2.096
2.151
2.082
2.121
2.166
2.016
2.315
2.23
2.035
2.101
2.082
2.4459999999999997
2.155
1.979
2.276
2.291
2.354
2.148
2.262
2.0069999999999997
2.242
2.032
2.335
1.943
2.029
2.195
2.345
2.2230000000000003
2.153
2.238
2.127
2.487
2.233
1.8980000000000001
2.2840000000000003
2.123
2.121
2.003
2.099
2.114
2.312
2.354
2.3040000000000003
2.04
1.739
2.108
2.026
2.168
2.057
2.095
2.17
2.154
1.9809999999999999
2.142
2.356
2.11
2.3040000000000003
1.8330000000000002
2.299
2.031
1.9069999999999998
1.98
1.851
2.4090000000000003
2.147
2.1959999999999997
2.174
2.253
2.01
2.352
2.195
2.056
1.903
2.063
2.19
2.198
2.023
1.871
2.0869999999999997
1.8259999999999998
2.103
2.182
2.262
2.044
2.28
1.9680000000000002
2.011
2.066
2.391
2.025
2.248
2.124
2.385
2.282
2.182
2.187
2.104
1.893
2.025
2.04
1.869
1.962
1.921
2.316
2.4
2.081
2.064
2.0909999999999997
1.942
2.233
2.214
2.106
2.099
2.173
2.09
1.796
1.926
1.949
2.162
2.11
2.193
1.8090000000000002
2.358
2.0180000000000002
1.902
2.306
1.9669999999999999
2.281
2.086
2.165
2.194
2.239
2.191
2.185
2.373
2.096
1.96
2.295
2.352
2.0380000000000003
2.262
2.1519999999999997
2.2769999999999997
1.895
2.045
2.044
2.121
2.187
2.278
2.338
2.27
2.13
2.174
2.336
2.105
1.7630000000000001
2.199
2.305
1.882
1.983
2.108
2.2359999999999998
2.045
2.0469999999999997
2.065
2.026
2.2319999999999998
1.851
2.21
1.965
1.876
2.148
2.338
2.2969999999999997
2.149
2.261
2.261
2.127
2.276
2.069
2.187
2.319
2.1430000000000002
2.006
2.29
2.101
1.77
2.233
1.983
2.116
2.16
2.146
2.0669999999999997
2.025
2.105
1.91
2.2
1.881
2.261
2.22
2.217
1.8130000000000002
2.131
2.177
1.986
2.104
1.795
2.112
2.261
1.906
2.255
2.174
2.033
2.147
2.076
2.267
2.2230000000000003
2.131
2.225
2.231
2.342
2.209
2.154
1.956
2.074
1.8330000000000002
2.019
2.2640000000000002
2.208
2.09
2.07
2.141
1.713
2.206
2.1919999999999997
2.127
2.181
2.238
1.8430000000000002
1.916
2.102
2.443
2.21
2.048
2.112
2.057
2.129
2.01
2.053
1.9040000000000001
2.085
1.868
2.242
2.174
2.053
2.1069999999999998
2.061
2.129
2.171
2.324
1.9409999999999998
1.979
2.242
2.207
2.075
2.08
2.173
2.1180000000000003
1.82
2.123
1.778
2.2430000000000003
1.989
2.2319999999999998
2.241
1.9169999999999998
2.233
2.013
2.02
2.188
2.136
2.065
2.197
2.162
2.2680000000000002
2.207
2.1719999999999997
2.0540000000000003
2.359
1.984
2.05
2.166
2.229
2.355
2.356
2.1180000000000003
2.247
2.124
1.834
2.235
2.345
2.18
2.3409999999999997
1.93
1.979
2.0
1.979
2.0780000000000003
2.2319999999999998
2.114
2.14
1.827
2.17
2.024
1.787
2.2769999999999997
2.013
1.758
2.283
2.0980000000000003
2.2640000000000002
2.1430000000000002
2.082
2.114
2.394
2.114
2.08
2.34
2.162
2.255
2.1519999999999997
1.929
1.925
2.079
2.068
2.168
2.177
1.8159999999999998
2.117
2.004
2.3280000000000003
2.125
2.122
2.012
2.226
2.3890000000000002
2.215
2.158
2.045
1.83
2.202
2.229
2.185
2.0140000000000002
2.16
1.9569999999999999
1.943
2.2430000000000003
2.24
2.151
1.849
2.123
2.309
2.202
2.043
2.134
2.458
2.177
2.265
2.198
1.906
2.15
2.237
1.9269999999999998
2.419
1.932
2.109
2.38
1.811
2.056
2.072
1.885
1.905
2.105
1.906
2.0909999999999997
2.233
2.069
2.086
2.383
1.999
2.095
2.045
2.164
2.2640000000000002
1.955
1.5530000000000002
1.953
2.383
1.9340000000000002
2.1109999999999998
2.125
2.157
2.1319999999999997
2.121
2.323
2.169
1.986
2.374
2.154
2.113
2.1430000000000002
2.208
1.992
2.373
2.199
2.092
2.293
2.3040000000000003
2.359
2.309
1.9709999999999999
2.086
2.238
2.228
2.104
2.38
2.2640000000000002
2.331
1.58
2.1430000000000002
2.15
2.339
1.9240000000000002
2.17
1.913
2.057
2.285
2.072
1.9909999999999999
1.98
1.993
2.248
2.188
1.845
2.073
1.505
1.835
2.167
2.343
1.9280000000000002
2.246
2.166
2.358
1.899
2.191
1.864
2.217
1.8840000000000001
2.273
1.713
1.784
2.238
2.186
2.017
2.169
2.0340000000000003
2.287
2.166
2.289
2.286
2.258
2.142
2.012
2.0780000000000003
1.931
2.204
2.244
1.8619999999999999
1.899
1.876
1.9
1.9769999999999999
2.0140000000000002
2.16
2.3209999999999997
2.077
2.084
2.177
2.278
1.9969999999999999
2.095
2.226
1.9140000000000001
2.083
2.355
2.0580000000000003
2.171
2.0269999999999997
2.11
2.025
2.326
1.9040000000000001
2.24
2.235
2.03
2.181
2.064
2.225
2.251
2.309
2.154
1.838
1.8719999999999999
1.81
2.042
2.072
2.27
2.0869999999999997
2.0269999999999997
2.053
1.993
2.175
2.129
1.8980000000000001
2.137
2.153
1.9369999999999998
2.123
1.791
2.079
1.925
2.262
2.0869999999999997
2.105
2.0380000000000003
2.15
2.001
1.952
2.198
1.9880000000000002
2.23
2.1790000000000003
2.228
2.015
2.1519999999999997
1.9269999999999998
2.162
2.173
2.363
1.9380000000000002
2.145
1.984
1.865
2.398
2.327
2.063
2.1180000000000003
2.094
2.201
1.979
2.097
2.255
2.234
2.291
1.92
2.177
1.956
2.239
2.084
2.023
2.229
2.1519999999999997
1.704
2.238
1.705
2.0269999999999997
1.92
1.68
2.16
2.226
2.126
1.909
2.085
1.95
2.331
1.9140000000000001
2.156
2.244
2.214
2.3169999999999997
2.219
2.044
2.27
2.117
2.123
2.251
2.178
1.8630000000000002
2.2680000000000002
2.162
2.016
2.197
2.062
2.085
2.076
2.055
2.15
2.168
2.076
2.056
2.11
2.029
2.221
2.301
2.316
2.008
2.036
2.351
1.9969999999999999
2.121
2.142
2.066
2.081
1.9880000000000002
2.041
2.0980000000000003
1.8980000000000001
2.0140000000000002
2.025
2.28
1.831
2.2319999999999998
2.397
2.041
2.136
2.2359999999999998
1.867
2.084
2.271
1.871
2.085
2.083
2.396
2.234
1.844
2.443
2.03
2.073
2.133
2.2880000000000003
2.055
2.133
2.045
2.27
2.096
2.305
2.204
1.9969999999999999
2.255
2.089
2.117
2.261
1.857
2.325
2.21
2.1959999999999997
2.258
2.204
2.311
2.119
2.1430000000000002
1.952
2.006
1.993
1.986
2.235
1.86
1.9169999999999998
2.173
2.129
2.299
1.912
2.169
2.17
1.8459999999999999
1.979
2.084
1.925
2.3409999999999997
2.024
1.9769999999999999
2.094
1.995
1.535
2.2119999999999997
2.28
2.031
2.097
2.092
2.123
2.367
2.18
2.103
2.0269999999999997
2.0980000000000003
2.376
1.7790000000000001
2.344
