1.986
2.095
1.979
2.032
2.339
2.131
2.042
1.78
2.149
2.372
2.388
2.147
2.208
2.242
2.253
2.2
1.951
2.156
2.215
1.95
1.969
1.923
2.097
2.006
2.287
2.165
2.375
2.216
2.066
2.317
2.137
2.083
2.042
1.834
2.114
2.143
2.064
2.0780000000000003
2.239
2.156
1.908
2.007
2.0380000000000003
2.332
2.022
2.096
2.297
2.46
2.071
2.047
2.306
2.06
2.005
2.029
1.857
2.18
2.059
1.976
2.124
2.08
2.278
2.244
2.13
2.083
2.294
1.763
2.313
2.131
2.099
1.964
2.009
1.986
2.29
1.92
2.309
2.155
2.226
1.954
2.283
2.106
2.372
2.209
2.095
2.161
1.977
1.935
1.897
2.026
2.114
1.956
2.385
2.39
1.969
2.226
2.252
2.021
1.991
2.008
2.1180000000000003
2.207
2.215
2.25
2.047
2.087
2.287
2.181
2.209
2.135
2.252
2.295
2.382
2.242
2.024
2.155
2.3480000000000003
2.13
2.256
2.142
2.047
2.079
2.198
2.079
1.996
2.147
2.148
1.963
2.19
2.309
1.978
2.209
2.106
2.253
2.079
2.033
2.215
1.902
2.174
1.995
2.293
2.084
2.226
1.847
2.166
2.158
2.29
2.11
2.17
2.137
2.119
2.112
2.299
1.955
1.988
2.269
1.804
2.241
2.202
2.057
2.24
2.245
2.138
2.213
2.0
2.383
2.1590000000000003
2.247
2.117
2.053
1.871
2.104
2.239
2.117
2.141
2.191
2.076
2.13
1.948
2.186
1.829
2.055
2.167
2.157
2.012
1.919
1.951
2.025
2.014
2.085
2.144
2.097
2.087
1.833
2.018
2.138
2.342
2.094
2.032
1.909
2.105
2.031
2.151
2.333
2.083
2.369
2.108
2.1630000000000003
2.139
2.225
2.035
2.095
2.392
2.161
2.043
2.014
2.1180000000000003
2.173
2.254
2.066
2.042
1.982
2.019
2.088
2.381
2.249
2.274
1.991
1.776
2.254
2.3040000000000003
2.046
2.074
2.347
2.072
2.343
2.065
2.113
2.107
1.899
2.257
1.939
2.187
2.084
1.887
2.246
2.136
2.221
1.988
2.334
2.198
2.495
2.245
2.115
1.928
2.24
2.201
2.277
2.094
2.292
2.3
1.89
2.015
2.193
1.888
2.066
2.218
2.045
2.0980000000000003
2.229
2.148
2.2230000000000003
2.332
2.0780000000000003
2.228
2.15
2.169
1.699
2.094
2.127
2.025
2.262
2.277
2.162
2.1630000000000003
2.018
1.999
1.821
2.14
2.003
2.572
1.808
2.115
2.321
2.1180000000000003
2.11
2.03
1.882
2.145
1.925
2.212
2.251
2.18
2.108
1.832
1.713
2.244
2.241
2.027
1.993
2.156
1.967
2.052
2.087
2.207
2.175
2.344
2.379
2.375
2.287
2.0780000000000003
2.281
2.162
2.051
2.352
2.002
2.056
2.112
2.174
2.3
1.975
1.879
1.853
2.029
2.131
2.355
1.937
1.913
2.301
2.082
1.94
2.232
2.113
2.272
1.69
2.214
2.05
2.039
1.962
2.31
2.0980000000000003
1.984
2.144
1.985
2.198
1.99
1.894
2.248
2.051
2.09
1.989
2.297
1.957
2.192
1.903
2.062
2.336
2.215
2.117
2.237
2.025
2.117
2.218
2.19
2.35
2.3280000000000003
2.241
2.22
2.119
1.981
1.948
2.084
2.214
1.897
1.92
2.3280000000000003
2.385
2.177
2.1790000000000003
2.082
2.195
2.081
2.132
1.964
2.129
2.226
2.027
1.952
2.176
1.963
2.196
1.912
1.91
1.966
2.03
2.124
1.987
1.993
2.247
2.237
2.259
2.305
1.886
2.171
2.166
2.249
2.192
2.113
2.371
2.148
1.946
2.037
2.044
2.043
1.676
2.154
2.127
2.296
2.19
2.124
2.055
1.868
2.286
1.801
2.055
1.969
2.224
1.867
2.199
1.904
1.943
2.14
2.277
2.224
2.266
2.15
2.277
1.984
2.077
1.813
2.068
2.235
2.04
2.273
1.839
1.875
2.185
2.097
2.256
2.025
2.375
1.981
2.021
2.18
