2.73
2.546
2.66
2.4130000000000003
2.7
2.895
2.708
2.567
2.475
2.74
2.4090000000000003
2.732
2.7430000000000003
2.4930000000000003
2.614
2.62
2.73
2.644
2.822
2.822
2.715
2.545
2.339
2.525
2.431
2.156
2.39
2.644
2.774
2.861
2.649
2.5540000000000003
2.603
2.544
2.6460000000000004
2.745
2.44
2.192
2.76
2.718
2.804
2.962
2.489
2.46
2.69
2.938
2.64
2.642
3.0210000000000004
2.7710000000000004
2.7710000000000004
2.8960000000000004
2.588
2.7710000000000004
2.565
2.546
2.692
2.46
2.854
2.291
2.657
2.739
2.696
2.535
2.752
2.668
2.428
2.437
2.619
2.805
2.397
2.5580000000000003
2.861
3.074
2.875
2.857
2.86
2.719
2.704
2.467
2.634
2.797
2.435
2.756
2.496
2.74
2.695
2.582
2.737
2.522
2.737
2.695
2.665
2.523
2.97
2.543
2.6210000000000004
2.4930000000000003
2.707
2.603
2.508
2.654
2.617
2.762
2.817
1.813
2.893
2.6830000000000003
2.814
2.684
2.7110000000000003
2.81
2.959
2.6710000000000003
2.2230000000000003
2.7910000000000004
2.612
2.515
2.656
2.567
2.701
2.612
2.912
2.604
2.516
2.742
2.804
2.712
2.638
2.923
2.366
2.966
2.722
2.614
2.406
2.542
2.547
2.378
2.57
2.819
2.7110000000000003
2.777
2.148
2.625
2.375
2.491
2.728
2.7710000000000004
2.787
2.801
2.809
2.553
2.9210000000000003
2.7510000000000003
2.865
2.7310000000000003
2.807
2.716
2.715
2.672
2.625
2.56
2.841
2.4930000000000003
2.615
2.904
2.514
2.445
2.346
2.799
2.634
2.611
2.96
2.774
2.5580000000000003
2.64
2.551
2.734
2.5340000000000003
2.319
2.915
2.752
2.377
2.742
2.772
2.799
2.708
2.62
2.867
2.7960000000000003
2.6910000000000003
2.567
2.841
2.311
2.752
2.661
2.4090000000000003
2.419
2.728
2.696
2.6460000000000004
2.882
2.574
2.306
2.909
2.7030000000000003
2.779
2.742
2.674
2.855
2.444
2.474
2.55
2.835
3.0380000000000003
2.346
2.8160000000000003
2.585
2.677
2.675
2.669
2.695
2.316
2.78
2.675
2.739
2.761
2.469
2.679
2.623
2.588
2.665
2.567
2.664
2.697
2.786
2.883
2.708
2.823
2.394
2.583
2.797
2.573
2.643
2.48
2.802
2.879
2.6210000000000004
2.648
2.658
2.715
2.853
2.653
2.77
2.845
2.717
2.438
2.014
2.798
2.745
2.4330000000000003
2.72
2.545
2.613
2.632
2.489
2.864
2.6260000000000003
2.757
2.454
2.4130000000000003
2.407
2.255
2.62
2.401
2.794
2.744
2.338
2.632
2.594
2.859
2.818
2.544
2.873
2.809
2.464
2.345
2.7910000000000004
2.5780000000000003
2.6630000000000003
2.844
2.7230000000000003
2.5780000000000003
2.625
2.6910000000000003
2.47
2.7910000000000004
2.57
2.298
2.541
2.767
2.515
2.963
2.4330000000000003
2.749
2.587
2.576
2.463
2.613
2.5980000000000003
2.69
2.813
2.7310000000000003
2.7110000000000003
2.63
2.354
2.758
2.692
2.713
2.386
2.8280000000000003
2.406
2.84
2.707
2.812
2.911
2.5660000000000003
2.248
2.721
2.462
2.465
2.604
2.624
2.524
2.195
2.9530000000000003
2.795
2.88
2.799
2.562
2.863
2.72
2.66
2.885
2.371
2.5610000000000004
2.672
2.319
2.716
2.641
2.594
2.705
2.605
2.587
2.583
2.833
2.914
2.624
2.615
2.699
2.604
2.643
2.547
2.988
2.366
2.497
2.679
2.361
2.694
2.617
2.79
3.083
2.52
2.756
2.843
2.5780000000000003
2.818
2.689
2.879
2.857
2.6830000000000003
2.818
2.51
2.777
2.882
2.898
2.694
2.532
2.685
2.687
2.775
2.684
2.782
2.766
2.7260000000000004
2.736
2.858
2.519
2.661
2.573
2.611
2.762
2.697
2.482
2.267
2.694
2.8710000000000004
2.234
2.813
2.654
2.806
2.407
2.502
2.35
2.49
2.714
2.744
2.713
2.551
2.8110000000000004
2.965
2.739
3.011
2.584
2.6830000000000003
2.594
2.658
2.8
2.688
2.78
2.602
2.744
2.157
2.794
2.794
2.52
2.699
3.055
2.513
2.641
2.582
2.877
2.763
2.732
2.6
2.496
2.565
2.679
2.548
2.835
2.821
2.637
2.8480000000000003
2.492
2.932
2.748
2.66
2.495
2.6830000000000003
2.548
2.694
2.6060000000000003
2.922
2.572
2.607
2.444
3.0460000000000003
2.615
2.4730000000000003
2.647
2.594
2.33
2.644
2.8360000000000003
2.924
2.599
2.716
2.476
2.632
2.399
2.732
2.95
2.716
2.809
2.979
2.503
2.7230000000000003
2.273
2.394
2.498
2.5610000000000004
2.555
2.5540000000000003
2.724
2.795
2.967
2.551
2.681
2.863
2.564
3.0410000000000004
2.755
2.797
2.807
2.832
2.6260000000000003
2.625
2.465
2.441
2.642
2.737
2.595
2.878
2.468
2.8280000000000003
2.518
2.506
2.24
2.733
3.105
2.692
2.95
2.483
2.644
2.8510000000000004
2.552
2.669
2.812
2.299
2.622
2.125
2.76
2.615
2.7230000000000003
2.6910000000000003
2.585
2.846
2.708
2.466
2.971
2.669
2.589
2.718
2.776
2.551
2.787
2.78
2.781
2.957
2.411
2.653
2.6660000000000004
2.573
2.938
2.638
2.707
2.276
2.776
2.717
2.833
2.846
2.695
2.763
2.824
2.821
2.659
2.641
2.814
2.994
2.4930000000000003
2.599
2.695
2.599
2.958
2.278
2.53
2.8080000000000003
2.838
2.555
2.299
2.761
2.7460000000000004
2.781
2.641
2.361
2.5540000000000003
2.804
2.522
2.858
2.781
2.676
2.625
2.72
2.379
2.547
2.569
2.56
2.837
2.718
2.351
2.79
2.7910000000000004
2.719
2.468
2.415
2.64
2.5660000000000003
2.585
2.351
2.585
2.358
2.7060000000000004
2.885
2.715
2.342
2.7230000000000003
2.707
2.737
2.7510000000000003
2.2230000000000003
2.528
3.024
2.468
2.795
2.657
2.639
2.696
2.7310000000000003
2.489
2.661
2.741
2.427
2.6660000000000004
2.434
2.704
2.696
2.31
2.702
2.774
2.6630000000000003
2.664
2.546
2.968
2.622
2.629
2.497
2.469
2.639
2.727
2.745
2.383
2.623
2.653
2.708
2.709
2.479
2.799
2.745
2.484
2.8
2.662
2.579
2.631
2.73
2.7910000000000004
2.548
2.6630000000000003
2.475
2.94
2.8310000000000004
2.665
2.777
2.775
2.758
2.546
2.532
2.509
2.636
2.77
2.78
2.657
2.5780000000000003
2.677
2.7460000000000004
2.556
2.919
2.774
2.769
2.499
2.693
2.539
2.512
2.52
2.252
2.725
2.547
2.668
2.9730000000000003
2.9410000000000003
2.632
2.442
2.805
2.421
2.7910000000000004
2.727
2.364
2.77
2.333
2.491
2.283
2.9330000000000003
2.697
2.591
2.45
2.617
2.753
2.821
2.584
2.681
2.773
2.958
2.424
2.577
2.604
2.6830000000000003
2.638
2.715
2.697
2.849
2.66
2.286
2.617
2.485
2.445
2.827
2.61
2.549
2.552
2.491
2.653
2.57
2.812
2.698
2.752
2.845
2.8480000000000003
2.7
2.812
2.736
2.59
2.645
2.63
2.825
2.579
2.826
2.925
2.782
2.918
2.835
2.47
2.437
2.459
2.688
2.406
2.619
2.544
2.624
2.443
2.641
2.408
2.652
2.813
2.679
2.294
2.724
2.7
3.074
2.67
2.725
2.709
2.305
2.763
2.52
2.588
2.718
2.954
2.892
2.676
2.938
2.246
2.321
3.01
2.572
2.574
2.616
2.888
2.583
2.6910000000000003
2.756
3.018
2.903
2.81
2.346
2.9130000000000003
2.877
2.7230000000000003
2.602
2.685
2.282
2.635
2.752
2.729
2.5860000000000003
2.802
2.351
2.04
2.8510000000000004
2.5610000000000004
2.79
2.483
2.63
2.907
2.632
2.442
2.481
2.738
2.519
2.903
2.47
2.599
2.862
2.508
2.892
2.51
2.823
2.607
2.998
2.814
2.625
2.804
2.77
2.52
2.798
2.256
2.699
2.58
2.551
2.637
2.2840000000000003
2.36
2.8680000000000003
2.786
2.6910000000000003
2.141
2.838
2.863
2.604
2.705
2.702
2.778
2.594
2.307
2.42
2.801
2.8
2.641
2.656
2.633
2.888
2.922
2.818
2.552
2.89
2.542
2.826
2.239
2.802
2.4730000000000003
2.843
2.881
2.583
2.827
2.735
2.707
2.855
2.265
2.696
2.382
2.79
2.793
2.78
2.77
2.772
2.736
3.0
2.934
2.6260000000000003
2.665
2.26
2.76
2.509
2.7910000000000004
2.795
3.062
2.817
2.676
2.7910000000000004
2.823
2.488
2.702
2.392
2.7060000000000004
2.687
2.805
2.813
2.881
2.886
2.915
2.465
2.604
2.5580000000000003
2.905
2.547
2.756
2.484
2.587
2.6
2.92
2.406
2.402
2.93
2.717
2.814
2.807
3.008
2.47
2.363
2.608
2.7910000000000004
2.469
2.622
3.01
2.334
2.641
2.627
2.725
2.696
2.701
2.675
2.859
2.488
2.574
2.617
2.86
2.8310000000000004
2.564
2.728
2.914
2.7
2.8080000000000003
2.708
2.446
2.4090000000000003
2.759
2.758
2.762
2.658
2.722
2.8310000000000004
2.408
2.635
2.628
2.651
2.994
2.5980000000000003
2.999
2.737
2.609
2.682
2.765
2.508
2.701
2.687
2.512
2.835
2.885
2.5980000000000003
2.748
2.835
2.755
2.878
2.724
2.5
2.7030000000000003
2.758
3.129
2.269
2.374
2.777
2.702
2.732
2.573
2.749
2.5540000000000003
2.617
2.8310000000000004
2.62
2.815
2.754
2.736
2.82
2.428
2.745
2.676
2.514
2.859
2.416
2.86
2.572
2.829
2.766
2.758
2.636
2.829
2.398
2.778
2.704
2.62
2.658
2.883
2.694
2.861
2.699
2.714
2.845
2.639
2.232
2.66
2.8080000000000003
2.7310000000000003
2.396
2.673
2.596
2.655
2.617
2.4330000000000003
2.6830000000000003
2.8080000000000003
2.673
2.491
2.775
2.839
2.7960000000000003
2.9810000000000003
2.662
2.854
2.651
2.659
2.597
2.859
2.889
2.73
2.709
2.736
2.651
2.543
2.715
2.613
2.354
2.766
2.823
2.607
2.351
2.629
2.644
2.594
2.849
2.793
2.8510000000000004
2.64
2.7910000000000004
2.486
2.418
2.908
2.7510000000000003
2.687
2.69
2.318
2.6460000000000004
2.5660000000000003
2.507
2.7460000000000004
2.629
2.392
2.518
2.787
2.689
2.833
2.721
2.656
2.4730000000000003
2.681
2.829
2.6
3.03
2.662
2.866
2.5580000000000003
2.636
2.39
2.819
2.865
2.457
2.483
2.738
2.962
2.6860000000000004
2.844
2.902
2.714
2.62
2.757
2.639
2.522
2.355
2.631
2.376
2.605
2.734
2.715
2.341
2.837
2.722
2.536
2.787
2.782
2.725
2.904
2.571
2.767
2.5610000000000004
2.837
2.745
2.764
2.653
2.729
3.039
2.715
2.658
2.995
2.662
2.777
2.902
2.877
2.78
2.597
2.721
2.693
2.66
2.987
2.651
2.4930000000000003
2.678
2.587
2.6710000000000003
2.589
2.82
2.7460000000000004
2.418
2.718
2.772
2.437
2.426
2.7310000000000003
2.823
2.843
2.756
2.859
2.5780000000000003
2.568
2.6260000000000003
2.779
2.872
2.62
2.729
2.823
2.458
2.737
2.705
2.886
2.722
2.759
2.465
2.878
2.587
2.44
2.461
2.539
2.87
2.582
2.7110000000000003
2.877
2.5780000000000003
2.604
2.888
2.8280000000000003
2.665
2.406
2.701
2.735
2.607
2.839
2.679
2.552
2.365
2.7510000000000003
2.488
2.448
2.792
2.934
2.462
2.752
2.661
2.799
2.747
2.85
2.719
2.727
2.551
2.809
2.613
2.643
2.285
3.075
2.8960000000000004
2.613
2.421
2.885
2.61
2.805
2.557
2.568
2.668
2.696
2.766
2.7060000000000004
2.5610000000000004
3.0860000000000003
2.685
2.293
2.44
2.664
2.584
2.547
2.43
2.6
2.496
3.01
2.635
2.307
2.7310000000000003
2.573
2.779
2.617
2.611
2.695
2.872
2.638
2.6910000000000003
2.969
2.44
2.575
2.869
2.872
2.463
2.797
2.661
2.693
2.73
2.837
2.436
2.807
2.607
2.821
2.5660000000000003
2.874
2.594
2.597
2.879
2.333
2.205
2.639
2.727
2.401
2.753
2.798
2.806
2.337
2.6910000000000003
2.911
2.664
2.862
2.567
2.643
2.548
2.31
2.994
2.908
2.7060000000000004
2.8710000000000004
2.785
2.8
2.692
2.761
2.7110000000000003
2.769
2.94
2.616
2.6260000000000003
2.988
2.8480000000000003
2.373
2.888
2.401
2.919
2.607
2.838
2.543
2.462
2.709
2.299
2.859
2.298
2.923
2.697
2.809
2.91
2.78
2.65
3.017
2.509
2.136
2.643
2.725
2.654
2.597
2.725
2.585
2.634
2.776
2.895
2.552
2.745
2.313
2.7910000000000004
2.874
2.708
2.6710000000000003
2.738
2.521
2.271
2.735
2.705
2.7260000000000004
2.369
2.71
2.8080000000000003
1.416
2.88
2.6910000000000003
2.589
2.694
2.906
2.386
2.276
2.597
2.98
2.9410000000000003
2.357
2.8510000000000004
2.625
2.533
2.495
2.783
2.779
2.821
2.721
2.887
2.545
2.64
2.834
2.447
2.7430000000000003
2.588
2.787
2.384
2.593
2.765
2.843
2.6630000000000003
2.665
2.715
2.773
2.279
2.694
2.219
2.7030000000000003
2.61
2.722
2.5540000000000003
2.24
2.9930000000000003
2.592
2.59
2.924
2.694
2.778
2.803
2.786
2.842
2.912
2.702
2.745
2.5780000000000003
2.378
2.682
2.574
2.833
2.712
2.883
2.792
2.779
2.6460000000000004
2.732
2.515
2.717
2.668
2.838
2.535
2.557
2.361
2.4730000000000003
2.505
3.057
2.652
2.6010000000000004
2.641
2.661
2.283
2.44
2.779
2.402
2.397
2.738
2.753
2.82
2.759
2.8160000000000003
2.846
2.847
2.577
2.614
2.727
2.689
2.7710000000000004
2.8280000000000003
2.685
2.604
2.556
2.477
2.654
2.679
2.403
2.721
2.628
2.814
2.63
2.694
2.698
2.945
2.735
2.719
2.428
2.544
2.358
2.7430000000000003
2.68
2.665
2.21
2.757
2.292
2.834
2.587
2.858
2.662
2.233
2.985
2.732
2.989
2.824
2.681
2.821
2.719
2.61
2.79
2.461
2.714
2.658
2.358
2.85
2.5340000000000003
2.614
2.809
2.459
2.694
2.694
2.371
2.551
2.677
2.6260000000000003
2.674
2.647
2.572
2.487
2.832
2.443
2.695
2.417
2.71
2.77
2.632
2.014
2.665
2.8280000000000003
2.237
2.5660000000000003
2.655
2.553
2.342
2.631
2.5660000000000003
2.662
2.81
2.85
2.5810000000000004
3.026
2.565
2.522
2.589
2.874
2.499
2.7
2.672
2.739
2.866
2.8280000000000003
2.6060000000000003
2.7910000000000004
2.707
2.844
2.421
2.919
2.684
2.934
2.173
2.782
2.775
2.742
2.47
2.7510000000000003
2.356
2.729
2.812
2.343
2.679
2.742
2.5540000000000003
2.5980000000000003
2.772
2.617
2.363
1.356
2.449
2.778
2.892
2.298
2.801
2.761
2.708
2.397
2.681
2.529
3.013
2.263
2.7
2.357
2.402
2.83
2.91
2.52
2.7430000000000003
2.748
2.719
2.784
2.641
2.886
2.819
2.809
2.65
2.54
2.408
2.559
2.781
2.658
2.397
2.885
2.379
2.619
2.298
2.849
2.6910000000000003
2.748
2.786
2.322
2.68
2.612
2.865
2.547
2.5660000000000003
2.7430000000000003
3.033
2.778
2.844
2.7230000000000003
2.674
2.499
2.623
2.324
2.574
2.773
2.614
2.891
2.71
2.8
2.72
2.745
2.713
2.484
2.507
2.611
2.694
2.9410000000000003
2.863
2.63
2.3040000000000003
2.645
2.605
2.814
2.448
2.4090000000000003
2.749
2.773
2.356
2.7460000000000004
2.208
2.574
2.504
2.656
2.739
2.943
2.56
2.675
2.636
2.44
2.656
2.829
2.815
2.817
2.652
2.757
2.74
2.358
2.607
2.849
2.674
2.426
2.678
2.455
2.6
2.905
2.676
2.5660000000000003
2.732
2.89
2.951
2.588
2.614
2.713
2.649
2.805
2.402
2.917
2.644
2.833
2.5780000000000003
2.338
2.684
2.842
2.272
2.6910000000000003
2.313
2.917
2.539
2.341
2.567
2.792
2.59
2.501
2.807
2.639
2.721
2.387
2.998
2.644
2.8960000000000004
2.834
2.9330000000000003
2.525
2.677
2.596
2.676
2.596
2.611
2.376
2.739
2.4090000000000003
2.279
2.669
2.737
2.795
2.632
2.645
2.577
2.737
2.572
2.82
2.878
2.734
2.604
3.007
2.687
2.552
2.447
2.905
2.4290000000000003
2.721
2.738
2.575
2.61
2.282
2.476
2.693
2.443
2.489
2.516
2.804
2.185
2.705
2.833
2.644
2.623
2.623
2.5380000000000003
2.714
2.659
2.523
2.895
2.797
2.7430000000000003
2.745
2.345
3.04
2.737
2.568
2.3080000000000003
2.962
2.772
2.761
2.461
2.935
2.425
3.051
2.6260000000000003
2.324
2.742
2.72
2.415
2.784
2.5540000000000003
2.591
2.701
2.724
2.596
2.804
2.92
2.643
2.73
2.149
2.597
2.783
2.471
2.682
2.506
2.245
2.8480000000000003
2.7960000000000003
2.844
2.625
2.727
2.7230000000000003
2.361
2.3280000000000003
2.4930000000000003
2.403
2.783
3.023
2.338
2.8
2.571
1.4509999999999998
2.744
2.717
2.804
2.749
2.6460000000000004
2.7230000000000003
2.712
2.9930000000000003
2.619
2.678
2.471
2.769
2.425
2.676
