1.815
1.682
1.824
1.722
1.529
2.05
2.046
2.05
1.533
1.863
1.328
1.995
2.015
1.544
1.337
1.644
1.941
1.6780000000000002
1.787
2.155
1.5830000000000002
2.0340000000000003
1.388
1.781
1.558
1.361
1.999
1.71
1.539
2.089
1.919
1.881
1.689
1.758
2.074
1.743
1.847
1.514
1.94
2.051
2.1790000000000003
1.905
1.598
1.443
1.894
1.736
1.882
1.96
2.026
1.936
2.188
1.859
1.973
2.121
1.787
1.431
1.951
1.5659999999999998
1.99
1.517
1.6669999999999998
2.121
1.88
1.706
2.076
1.872
1.528
1.74
2.171
1.858
1.422
1.948
2.071
1.704
1.874
2.087
1.895
1.6740000000000002
1.685
1.675
1.803
1.851
1.534
1.92
1.372
2.077
2.086
1.829
2.095
1.652
1.866
1.751
1.5730000000000002
1.618
2.188
1.6669999999999998
1.58
1.406
1.977
1.717
1.5319999999999998
1.496
2.029
2.024
1.908
1.257
2.114
1.843
2.171
1.952
1.538
2.065
2.036
1.639
1.358
1.892
1.964
1.829
1.756
1.396
2.144
1.995
1.606
1.975
1.567
1.901
2.045
2.222
1.853
2.114
1.605
1.931
1.733
1.435
1.464
1.596
1.467
1.588
1.714
2.1180000000000003
1.935
1.694
1.401
1.837
1.615
2.035
2.063
1.545
1.983
1.734
1.885
1.795
2.009
1.931
1.939
1.715
2.153
1.778
1.546
1.818
2.267
1.454
2.014
1.34
1.895
2.324
1.673
1.519
1.5659999999999998
2.119
1.862
1.634
1.802
2.05
1.951
2.029
1.866
1.825
1.597
1.565
2.326
1.787
1.518
1.518
1.992
1.961
2.067
1.541
1.705
2.016
1.56
1.396
1.433
1.556
1.747
1.989
1.632
1.6980000000000002
2.147
2.13
1.976
1.878
1.631
1.565
1.538
1.901
2.017
2.005
1.916
2.001
1.902
1.586
1.335
2.059
2.027
1.449
2.039
1.977
1.973
2.137
2.008
1.524
1.375
1.717
1.876
1.659
1.913
1.515
1.705
2.13
1.4340000000000002
1.6569999999999998
1.6740000000000002
1.722
1.849
1.946
1.968
1.963
2.2230000000000003
1.569
1.705
2.2430000000000003
1.976
1.884
1.604
2.196
1.923
1.872
1.804
1.994
1.798
2.0340000000000003
1.529
2.046
1.507
2.091
1.514
1.3730000000000002
2.174
1.833
1.445
1.937
1.779
2.025
2.019
2.07
1.957
2.015
2.089
1.4380000000000002
1.594
1.342
1.449
1.658
1.599
1.997
1.813
1.405
1.995
1.795
1.474
1.736
1.493
2.198
1.744
1.4780000000000002
1.409
1.897
1.975
1.717
2.006
1.77
1.587
1.679
1.907
1.596
2.0
1.4980000000000002
1.59
1.833
1.957
1.514
1.956
1.415
1.959
1.766
1.805
1.475
1.547
1.44
1.999
1.968
1.86
1.413
1.743
1.431
1.5590000000000002
2.121
1.749
1.663
1.614
1.5590000000000002
2.015
2.135
2.123
2.168
1.681
1.543
1.714
1.614
1.645
1.66
1.635
2.082
1.48
2.044
1.809
2.095
1.531
1.487
1.92
2.065
1.93
1.974
1.4380000000000002
1.535
1.942
1.39
1.71
1.54
2.053
1.892
1.997
1.947
1.568
1.945
1.41
1.825
1.899
1.839
1.652
1.891
1.985
2.051
1.605
1.711
1.645
1.485
1.938
1.635
1.832
1.732
1.315
2.143
2.069
1.513
2.236
1.867
2.194
1.996
1.795
1.632
1.554
2.02
1.962
2.155
2.089
1.5759999999999998
2.021
2.003
2.158
2.059
1.57
1.949
1.663
1.873
2.119
1.539
1.973
1.539
1.54
1.879
2.093
1.2919999999999998
1.528
1.456
1.87
1.568
1.6840000000000002
1.948
1.962
1.471
1.574
1.491
1.444
1.601
1.599
2.186
1.864
1.932
2.082
1.712
2.07
1.846
1.51
1.505
1.4409999999999998
1.769
1.659
1.7719999999999998
1.644
1.6980000000000002
1.591
2.056
1.939
1.485
1.6780000000000002
1.912
1.527
1.856
2.059
1.784
2.037
1.915
1.683
1.605
2.229
1.974
1.692
2.065
1.925
1.712
1.877
1.64
1.995
2.022
1.619
1.638
2.026
1.872
2.072
1.365
2.056
1.918
1.653
1.4369999999999998
1.771
1.795
1.514
1.409
1.57
1.581
1.916
1.836
1.758
2.093
2.046
1.473
1.794
1.421
1.934
1.998
2.114
2.171
2.4530000000000003
1.592
1.539
1.7380000000000002
1.569
1.467
1.533
1.935
1.507
1.92
2.077
1.955
1.901
2.056
1.935
1.443
1.848
2.108
1.946
2.029
2.0980000000000003
1.769
1.801
1.523
1.6669999999999998
1.986
1.4469999999999998
1.481
1.928
1.589
1.648
1.5719999999999998
1.673
1.586
1.998
1.901
2.037
2.046
1.5490000000000002
1.511
1.619
1.719
2.07
1.31
1.4280000000000002
1.747
1.426
2.022
1.675
2.015
1.554
2.059
2.085
2.107
1.592
2.0580000000000003
1.461
1.916
1.411
2.127
1.68
1.761
1.4980000000000002
2.084
2.004
1.609
2.002
1.5719999999999998
1.811
2.007
1.579
1.949
1.7
1.979
1.924
2.036
2.145
1.92
2.067
2.153
1.97
1.686
2.033
1.997
1.711
2.302
1.484
2.03
1.931
1.98
1.519
1.767
2.025
2.019
1.52
1.495
1.952
1.494
1.469
1.433
1.643
1.645
1.672
1.4680000000000002
2.025
1.837
1.942
2.003
1.873
1.297
1.461
1.74
1.955
2.036
1.394
1.483
1.714
1.33
1.956
1.724
1.459
2.027
1.82
1.636
1.483
1.859
1.494
1.855
2.131
1.587
1.533
1.635
2.04
1.897
2.149
1.535
1.699
2.024
1.543
1.747
1.802
1.992
2.016
1.507
1.739
1.965
1.832
2.121
1.646
1.509
1.984
2.149
1.515
2.03
1.435
1.547
1.969
1.845
1.922
1.6669999999999998
1.617
1.4980000000000002
1.401
2.082
1.787
1.98
1.6740000000000002
1.472
1.797
1.979
2.073
1.45
1.976
1.804
1.514
1.88
1.769
1.477
1.999
1.506
1.828
1.431
1.4369999999999998
1.529
1.821
1.933
1.842
1.505
2.262
2.14
1.746
1.645
1.379
2.043
2.105
1.493
2.008
1.964
1.564
2.102
1.5219999999999998
1.949
1.519
2.1180000000000003
1.922
2.062
1.99
1.783
1.536
1.5930000000000002
2.004
1.511
1.953
1.884
1.971
1.597
1.7480000000000002
2.042
1.53
2.32
1.845
1.514
1.707
1.423
1.878
1.541
1.629
1.876
1.349
1.6130000000000002
1.893
1.948
1.521
1.758
1.529
2.063
1.879
1.504
1.638
1.461
1.712
1.99
1.732
2.004
2.047
2.03
1.531
1.646
2.116
1.628
1.906
1.605
1.715
1.335
1.5619999999999998
1.671
1.884
2.152
1.771
1.836
1.702
2.1
1.6840000000000002
1.94
1.514
2.141
1.611
1.595
1.956
1.5419999999999998
2.043
2.233
1.859
2.152
2.002
1.471
1.5659999999999998
1.5
2.07
1.717
1.384
1.399
1.807
1.6030000000000002
2.085
1.52
2.024
1.519
1.811
1.619
1.913
1.973
2.006
1.787
2.071
2.0
1.479
1.993
1.466
1.874
1.774
2.396
1.7819999999999998
2.009
1.992
1.483
1.2990000000000002
1.815
1.773
1.953
1.643
1.556
1.685
1.536
2.006
1.589
2.147
1.964
1.4780000000000002
2.219
2.056
1.972
2.161
1.915
1.622
1.632
2.147
1.6369999999999998
1.934
1.887
1.538
1.357
1.523
1.7009999999999998
1.875
1.686
1.4380000000000002
2.345
1.814
1.365
1.471
1.8
1.825
1.857
1.725
1.983
2.025
1.956
1.776
1.4240000000000002
2.17
1.789
2.265
1.922
1.833
1.87
1.971
1.485
2.166
1.801
1.953
1.639
1.595
1.69
1.531
1.494
2.095
1.969
1.766
1.621
2.168
1.847
1.596
1.939
2.055
1.829
1.5219999999999998
1.5759999999999998
1.636
2.0
2.012
2.044
1.725
2.085
2.107
2.122
1.942
1.558
2.033
1.781
2.012
1.625
1.891
1.715
1.794
2.092
1.374
1.839
2.086
1.919
2.013
1.462
1.715
1.412
1.656
1.946
1.808
1.927
2.043
1.83
2.178
2.101
2.081
1.5
1.523
2.13
1.664
2.132
2.0380000000000003
1.633
1.967
1.936
2.007
2.043
1.87
2.096
1.51
1.924
1.589
2.124
2.087
2.073
2.036
2.124
1.681
1.608
1.54
1.514
1.556
1.591
2.07
1.987
1.806
1.951
1.4680000000000002
1.4269999999999998
2.045
2.019
2.009
2.106
1.568
1.624
1.477
2.025
2.064
1.489
1.494
1.793
1.508
1.966
1.874
1.921
1.375
1.453
1.487
2.162
1.63
1.805
1.472
1.914
1.494
1.518
1.965
2.193
1.934
1.961
1.788
1.599
1.704
1.89
1.963
1.555
2.07
1.767
2.05
1.827
2.086
1.4369999999999998
1.961
1.832
1.721
2.107
1.709
1.648
1.619
2.0
1.525
1.586
2.04
1.592
1.993
1.945
1.571
1.861
1.955
1.883
1.938
2.188
1.597
2.13
1.856
1.699
1.514
1.533
1.599
1.905
2.066
2.023
1.855
1.969
1.464
1.94
2.073
2.026
2.084
1.78
1.7009999999999998
1.304
1.962
1.673
1.384
1.879
1.358
1.959
1.853
2.009
2.212
2.05
1.537
2.172
1.578
1.912
1.471
1.59
2.033
2.105
1.366
1.645
2.096
1.724
1.786
1.6840000000000002
1.517
1.999
2.016
2.385
1.644
2.012
1.94
2.042
1.816
1.652
2.105
1.991
1.662
1.751
1.888
1.7619999999999998
1.5519999999999998
2.295
1.404
2.0540000000000003
1.658
1.453
1.5590000000000002
2.149
1.938
1.945
1.889
2.173
1.981
2.0340000000000003
1.836
1.5659999999999998
1.494
1.94
2.043
1.666
1.416
1.41
2.053
1.58
1.883
2.049
2.03
1.597
1.739
1.694
1.672
1.935
1.88
1.725
1.699
1.504
1.74
1.6980000000000002
1.581
2.028
1.7519999999999998
1.51
1.416
1.976
1.798
2.031
1.97
1.737
1.715
1.924
2.029
1.876
2.09
2.0540000000000003
1.4580000000000002
1.76
1.961
1.538
2.111
1.951
1.868
1.44
1.999
1.56
1.692
2.1
2.073
1.885
1.545
1.923
1.57
1.611
1.817
1.957
1.571
2.016
1.909
2.108
1.4680000000000002
1.994
2.096
1.47
1.854
1.589
1.952
2.083
1.587
1.841
1.829
2.114
2.114
1.909
2.107
1.891
2.032
1.705
1.983
2.006
1.686
2.048
2.084
2.192
2.033
1.993
1.529
2.059
1.614
1.928
1.79
1.839
1.649
1.578
1.995
1.534
2.077
2.134
1.538
1.855
2.124
1.682
1.526
1.702
1.855
1.915
1.97
2.032
1.598
1.4680000000000002
1.836
1.882
1.446
1.669
2.018
2.072
1.71
1.971
1.564
1.968
2.107
2.145
1.425
2.04
1.564
1.405
1.57
1.464
1.979
1.996
1.834
2.008
1.963
1.988
2.029
1.974
1.729
1.4680000000000002
1.55
1.74
1.892
1.668
1.807
1.671
1.47
2.105
1.63
1.803
1.83
2.009
1.462
1.487
1.85
2.08
1.4280000000000002
1.888
2.0780000000000003
2.206
1.731
2.041
1.706
1.851
1.398
1.923
1.918
1.6230000000000002
1.429
1.85
1.833
2.147
2.035
1.982
1.524
1.346
1.618
2.015
1.464
1.869
1.739
1.432
1.579
1.418
1.541
1.919
1.663
2.013
1.372
2.0780000000000003
1.981
1.304
1.981
1.411
2.012
1.659
1.648
1.796
2.168
1.939
1.872
1.731
1.598
1.732
2.089
2.06
1.658
2.006
1.96
2.319
1.6469999999999998
1.864
1.524
1.633
1.894
2.031
1.668
2.052
1.513
2.011
1.925
1.756
1.414
2.011
1.834
1.464
2.008
1.7990000000000002
2.15
1.497
1.834
2.173
2.09
2.205
1.92
2.12
1.653
1.2990000000000002
1.919
2.241
2.018
1.958
2.154
1.931
1.6880000000000002
2.02
2.017
1.881
2.066
1.673
1.402
2.026
1.994
1.495
1.692
1.564
2.123
1.988
2.036
1.864
1.551
1.919
1.554
2.08
1.471
1.729
1.528
1.851
1.73
1.968
1.48
1.5
1.706
1.426
1.844
2.017
1.408
1.3730000000000002
1.557
1.795
2.15
1.863
2.0540000000000003
1.919
2.129
1.744
2.01
2.061
2.063
2.083
1.692
1.594
1.481
1.571
2.043
1.505
1.4369999999999998
1.99
1.873
1.138
1.98
1.998
1.982
2.0980000000000003
2.125
1.482
1.588
2.0340000000000003
2.137
2.086
1.587
1.963
1.533
1.681
1.6469999999999998
1.445
1.898
2.117
1.3130000000000002
2.064
1.5930000000000002
1.579
2.107
1.444
1.818
2.103
1.897
1.411
1.466
1.953
1.971
1.533
2.114
1.77
1.836
1.465
1.913
1.47
2.029
1.638
2.055
2.037
1.586
1.982
1.732
1.5530000000000002
1.904
1.577
1.581
2.104
2.0380000000000003
2.0780000000000003
2.018
1.69
1.841
1.565
1.594
1.842
2.105
1.966
1.808
1.865
1.955
2.123
1.525
1.781
1.746
1.96
1.991
2.208
1.445
1.4
1.485
1.528
1.5419999999999998
2.09
2.035
1.932
1.599
1.46
1.541
1.348
2.19
1.341
1.379
2.099
1.973
2.024
1.96
1.723
1.592
2.103
1.753
1.4509999999999998
1.897
1.784
2.012
1.991
2.026
1.649
1.644
1.616
1.908
1.661
1.547
1.591
1.641
1.754
1.768
2.101
1.618
2.101
1.79
1.849
1.493
1.821
1.403
1.68
1.459
1.622
1.679
1.971
1.588
1.62
1.781
1.986
1.975
1.324
1.753
2.126
1.999
2.192
1.726
2.059
2.215
1.692
2.162
1.3159999999999998
1.941
1.872
1.3430000000000002
2.129
1.535
1.973
2.274
1.51
1.5719999999999998
1.831
1.717
1.504
2.111
1.6969999999999998
2.048
1.863
1.961
1.7990000000000002
2.072
1.404
2.089
1.74
1.523
2.031
1.636
1.3730000000000002
1.591
2.0
1.519
1.69
1.966
1.601
1.464
1.5490000000000002
1.898
1.923
1.983
1.686
1.866
2.039
1.643
2.02
1.876
2.083
1.666
1.962
1.979
2.009
1.709
2.127
1.689
2.11
2.109
2.059
1.643
2.136
2.141
2.042
1.3430000000000002
2.042
1.965
2.008
1.47
2.033
1.4
1.621
1.399
1.805
1.406
1.825
1.409
1.892
1.96
1.574
1.6
1.039
1.414
1.675
2.106
1.426
2.046
1.999
1.971
1.484
1.758
1.361
2.135
1.418
1.998
1.418
1.485
2.067
1.966
1.555
1.936
1.828
1.943
1.911
2.18
2.165
2.031
2.056
1.741
1.6880000000000002
1.561
2.117
1.909
1.556
1.484
1.723
1.396
1.567
1.5619999999999998
1.846
1.954
1.565
1.6269999999999998
1.7819999999999998
2.037
1.711
1.591
1.6030000000000002
1.934
1.4169999999999998
1.518
1.952
2.049
1.66
2.009
1.681
2.077
1.4240000000000002
1.945
1.668
1.509
1.993
1.857
2.032
1.873
2.009
1.791
1.368
1.372
1.404
1.497
1.923
2.036
1.638
1.651
1.973
1.526
2.047
1.432
1.36
2.012
1.997
1.484
1.85
1.491
1.642
1.638
1.804
1.897
2.162
1.631
1.881
1.716
1.216
2.052
1.7180000000000002
1.886
2.047
1.555
1.933
1.774
1.3430000000000002
1.66
1.767
2.277
1.497
2.004
1.5630000000000002
1.513
2.146
2.009
1.511
1.828
1.491
1.97
1.793
1.4580000000000002
1.962
1.809
2.224
1.443
2.139
1.608
2.121
1.6909999999999998
1.524
2.0
1.933
1.385
2.258
1.442
2.023
1.462
1.338
1.952
2.006
2.0
1.588
1.928
1.5759999999999998
1.807
1.579
1.794
1.853
1.7480000000000002
1.72
1.942
1.841
2.023
1.565
1.787
2.066
1.832
1.376
1.888
1.704
1.507
1.988
1.869
1.4780000000000002
1.568
1.472
1.747
1.943
1.821
1.852
2.045
1.934
2.048
2.234
2.064
1.5219999999999998
1.659
1.983
1.4880000000000002
1.984
2.033
1.655
1.912
1.386
1.618
1.624
1.686
1.6269999999999998
1.867
2.1630000000000003
1.716
1.582
2.096
1.936
1.571
2.069
1.4280000000000002
1.575
1.847
1.707
1.879
1.556
1.997
1.898
1.476
2.048
1.845
1.521
1.724
2.234
1.968
1.836
1.675
2.125
1.558
2.1830000000000003
2.018
1.461
1.953
2.02
1.689
1.891
1.774
1.842
1.82
1.74
2.135
1.949
2.133
1.507
1.734
1.389
1.506
1.471
1.45
2.101
1.5659999999999998
1.4269999999999998
1.6669999999999998
1.995
2.0380000000000003
1.683
1.911
1.959
1.803
1.461
1.915
1.475
2.015
2.005
1.506
1.531
1.45
1.163
2.14
1.978
1.465
1.607
1.65
2.068
2.122
2.129
2.0540000000000003
1.554
1.541
1.951
1.493
1.979
