1.615
1.801
1.945
1.867
2.172
2.113
1.999
1.4
1.948
1.952
2.182
2.036
1.952
2.254
2.173
2.1590000000000003
1.751
2.226
2.019
1.807
1.952
1.77
2.194
1.999
1.901
2.102
2.041
2.026
2.064
2.211
1.925
1.98
2.095
1.866
1.987
2.089
1.765
2.2840000000000003
2.156
2.005
1.801
2.065
1.879
2.178
1.853
1.994
2.26
2.21
1.88
1.719
2.123
2.172
1.876
1.94
1.555
2.379
1.926
1.606
2.158
1.972
1.846
2.111
1.892
1.854
2.068
1.58
2.237
2.0540000000000003
2.498
1.901
1.833
2.041
2.166
1.673
2.2
1.963
2.095
1.6840000000000002
2.145
2.091
2.169
2.154
1.957
2.157
1.837
1.98
1.786
2.114
1.944
1.926
2.167
2.3280000000000003
1.788
1.954
2.25
2.044
1.871
1.773
2.06
2.1
2.265
2.032
1.734
1.992
2.088
1.934
1.929
2.019
1.885
2.2
2.318
2.003
2.074
2.037
2.129
1.972
2.064
2.169
1.987
1.66
1.802
1.95
1.873
1.778
2.148
1.995
2.024
2.267
1.868
2.009
1.932
2.157
1.877
1.894
1.922
1.958
2.022
1.67
2.178
1.877
1.93
1.636
2.234
1.981
2.109
2.053
1.831
1.778
1.715
1.854
1.981
1.692
1.929
2.297
1.485
2.043
2.122
1.569
2.08
2.151
1.994
2.175
1.693
2.287
1.974
2.065
1.853
1.92
1.617
2.024
2.057
2.346
2.024
2.023
2.045
1.887
1.891
1.963
1.829
1.771
1.763
1.984
2.128
1.871
1.852
1.885
1.96
2.03
2.143
2.218
2.085
1.717
1.793
1.707
2.022
2.109
2.044
1.872
1.876
1.864
1.964
2.157
1.511
2.257
2.032
2.169
2.075
2.006
1.804
1.969
2.108
2.115
1.845
1.951
2.042
1.896
2.075
1.959
1.742
1.957
1.779
1.986
2.276
2.133
2.086
1.84
1.505
2.048
2.045
1.7819999999999998
1.736
2.315
1.949
2.156
1.941
2.1
2.27
1.696
2.111
1.878
2.05
1.913
1.901
2.075
1.932
1.977
1.862
2.084
2.085
2.221
2.069
1.83
1.765
2.195
2.0340000000000003
1.899
2.091
2.258
2.132
2.016
2.016
2.052
1.903
1.836
2.189
2.071
2.199
2.077
2.039
2.147
2.28
1.803
2.0540000000000003
1.989
1.964
1.778
1.863
2.03
1.938
1.94
2.2030000000000003
1.99
2.032
1.9
1.997
1.867
1.795
2.145
2.335
1.368
2.052
2.166
1.831
2.049
1.976
1.612
1.926
1.531
2.115
2.16
1.755
1.918
1.788
1.581
2.313
2.168
1.921
1.664
1.905
1.951
2.046
1.942
1.984
1.837
2.145
2.136
2.25
2.164
1.925
2.166
2.061
1.856
1.969
1.837
1.987
2.36
2.184
1.944
1.663
1.69
1.62
1.854
1.937
2.228
1.829
1.914
2.198
2.004
1.869
1.793
1.908
2.1630000000000003
1.712
2.349
2.154
1.889
1.607
2.109
1.998
1.723
2.052
1.8
2.242
1.778
1.826
2.061
1.888
2.068
1.796
2.344
1.785
1.92
1.768
1.932
2.131
1.947
1.992
2.126
1.91
1.929
1.972
2.22
2.008
2.108
2.225
1.857
1.868
2.001
2.014
1.813
2.19
1.786
1.857
2.152
1.909
2.084
2.113
1.87
2.071
2.0780000000000003
2.143
1.941
1.777
1.998
1.992
1.746
1.996
1.7819999999999998
2.053
1.899
1.888
1.764
1.878
1.99
2.0380000000000003
1.842
2.013
2.112
1.79
2.404
1.908
1.887
1.848
2.192
2.136
2.049
2.157
1.817
1.974
1.837
2.12
1.776
1.3869999999999998
1.914
2.065
2.2430000000000003
2.05
1.826
1.994
1.963
2.128
1.581
1.963
1.739
2.037
1.976
2.2030000000000003
1.857
2.2
2.141
2.142
2.064
2.086
2.092
2.103
1.811
1.853
1.842
2.052
2.107
1.908
2.044
1.739
1.858
2.026
2.142
2.132
1.982
2.116
1.986
2.103
2.138
