2.064
1.903
2.09
2.032
1.783
2.154
1.974
2.101
1.915
2.121
1.635
2.046
2.014
1.834
1.897
2.205
1.985
1.824
2.124
2.055
1.6909999999999998
1.998
1.579
2.268
1.644
1.855
2.079
2.138
2.009
2.168
2.045
1.961
1.736
1.95
2.149
1.931
1.932
1.6569999999999998
1.941
1.92
2.322
2.037
1.978
1.86
2.167
2.172
2.059
2.044
2.116
1.968
2.136
2.173
2.107
2.207
1.833
1.642
1.893
1.885
2.164
1.704
1.816
2.0540000000000003
1.982
1.929
2.1790000000000003
1.997
1.743
1.912
2.148
2.209
1.832
1.99
2.274
1.896
2.138
2.234
2.047
1.848
2.091
2.209
1.898
1.887
1.868
2.062
1.599
1.988
2.212
2.094
2.2230000000000003
2.021
2.105
1.953
1.933
1.885
2.207
2.011
1.528
2.01
2.091
1.857
1.711
1.64
2.005
2.015
2.167
1.464
2.195
2.035
2.019
2.004
1.824
2.104
2.134
1.801
1.349
2.073
2.075
1.915
2.122
1.982
2.198
2.177
1.963
1.861
1.962
2.188
1.967
2.205
1.994
2.109
1.751
2.026
2.093
1.888
1.6840000000000002
1.839
1.787
1.925
1.968
2.011
2.192
1.84
1.884
1.854
2.05
1.937
2.184
2.097
2.177
1.818
2.207
1.913
1.907
1.97
2.134
1.99
2.041
2.096
1.786
2.107
1.895
1.711
2.026
1.652
1.955
2.331
1.877
2.018
1.857
2.124
1.981
1.969
2.25
2.201
1.985
2.302
2.11
2.033
2.063
1.904
2.239
1.8
1.74
1.846
2.143
1.878
2.175
2.136
2.07
1.961
1.756
1.982
1.892
1.816
1.914
2.104
1.709
1.88
1.991
2.097
2.106
2.093
1.79
2.079
1.774
2.103
2.016
2.177
2.021
2.16
2.201
1.887
1.731
2.124
2.187
1.892
2.188
2.24
2.109
2.184
2.277
1.936
1.672
2.0540000000000003
2.096
2.184
2.114
1.826
2.014
1.97
1.663
2.015
1.923
1.973
1.869
2.106
2.253
2.164
2.119
1.709
1.801
2.246
2.004
2.049
1.791
2.254
2.143
1.99
2.069
2.074
1.959
1.964
2.135
2.096
2.009
2.144
1.755
1.248
2.119
1.878
1.568
1.983
2.046
1.922
2.079
2.165
1.958
2.128
2.152
1.778
1.863
1.669
1.706
2.009
1.711
2.138
2.032
1.729
2.043
2.121
1.897
1.991
1.994
2.317
1.958
1.908
1.785
1.915
1.993
2.101
2.256
1.959
2.041
1.968
2.216
1.928
2.037
1.999
1.756
2.049
2.176
1.6880000000000002
2.214
1.759
2.204
2.12
1.868
1.817
1.93
1.778
1.897
2.201
1.99
1.806
1.982
1.692
1.889
1.997
2.084
1.813
2.007
1.795
2.125
2.135
2.089
2.278
2.0
1.675
1.88
1.681
1.54
1.955
1.97
2.104
1.721
1.941
2.0540000000000003
2.217
1.84
1.67
1.959
2.184
1.949
1.995
1.856
1.897
2.027
1.757
2.056
1.848
2.274
2.081
2.056
1.944
1.963
2.076
1.6869999999999998
1.984
2.059
2.28
1.823
2.061
2.148
2.224
1.751
1.902
2.063
1.607
2.122
1.796
2.112
2.029
1.646
2.07
2.286
2.052
2.242
1.797
2.143
1.999
2.141
2.242
1.634
2.294
2.138
2.052
2.047
1.963
2.162
2.095
2.167
2.16
1.924
2.075
1.824
2.028
2.272
1.696
2.079
1.785
1.771
2.136
1.915
1.55
1.848
1.761
1.906
1.74
1.961
1.976
2.085
2.013
1.7080000000000002
1.568
1.894
2.174
1.875
2.212
1.837
1.987
2.0340000000000003
1.876
2.126
2.006
1.83
1.921
1.947
2.149
2.035
2.09
1.899
2.083
1.7009999999999998
2.105
2.062
1.6369999999999998
2.152
2.109
1.897
1.963
2.128
1.931
2.069
1.917
2.275
1.836
2.23
1.957
1.763
2.093
2.019
1.709
2.237
1.886
2.147
2.095
1.935
1.777
1.974
2.048
1.995
1.897
2.205
2.077
2.101
1.545
1.93
2.061
1.693
1.71
2.035
2.091
2.115
2.066
1.944
2.072
2.101
1.663
1.943
1.703
2.0
2.108
2.139
2.088
2.451
1.636
1.822
2.046
1.709
1.844
2.006
2.079
1.911
1.959
2.262
2.042
1.952
2.151
2.162
1.943
2.061
2.096
2.157
1.99
2.157
2.008
2.2
1.702
1.7480000000000002
2.087
1.882
1.826
2.303
1.844
1.82
2.094
2.026
1.751
2.26
2.216
2.086
2.256
2.02
1.938
1.944
1.89
2.144
1.834
1.565
1.789
1.617
2.195
1.91
2.291
1.727
1.977
2.217
2.116
1.857
2.064
1.94
1.979
1.751
2.136
1.757
1.965
1.735
1.94
2.137
1.976
1.967
2.036
2.107
2.049
1.971
1.859
1.83
2.136
2.025
2.257
2.004
2.169
2.134
2.139
2.06
2.207
2.164
2.087
1.875
2.087
1.886
1.863
2.061
2.338
1.634
2.096
2.305
2.138
1.853
1.622
2.071
1.905
1.951
1.787
1.709
1.894
1.847
1.813
2.18
1.964
1.999
1.919
2.006
1.359
1.533
1.836
2.021
2.191
1.801
1.5759999999999998
1.981
1.686
1.945
2.17
1.5519999999999998
2.224
2.258
1.885
1.5759999999999998
1.865
1.702
2.035
2.164
1.948
1.893
1.99
2.0
1.955
2.233
1.835
2.145
2.06
1.847
2.208
1.813
2.003
2.04
2.177
1.896
2.02
2.003
1.884
2.119
1.834
2.083
2.001
1.846
2.207
1.867
2.046
2.142
2.094
2.158
2.067
1.876
1.852
1.801
2.193
2.082
2.114
1.548
2.004
1.902
2.017
2.114
1.754
2.001
2.11
2.07
2.206
1.879
1.7180000000000002
2.042
2.135
2.015
1.713
2.02
1.833
1.974
2.196
1.928
1.913
2.115
2.204
2.04
2.095
1.54
1.919
2.2
2.131
2.12
2.055
1.923
2.237
1.921
2.053
1.891
2.085
1.958
2.171
1.986
2.139
1.777
1.865
1.976
1.517
1.855
2.144
2.202
1.984
1.734
2.196
1.836
2.217
1.935
2.059
2.251
1.727
1.968
1.597
2.072
2.234
2.005
1.816
2.143
1.907
1.945
1.766
1.739
2.161
2.171
1.702
1.745
1.984
2.026
2.071
1.988
1.888
2.108
2.1790000000000003
1.734
1.851
1.994
1.899
2.237
2.076
2.042
1.907
1.867
1.933
2.049
2.097
1.868
2.121
1.914
2.124
1.944
2.005
1.735
2.277
1.736
2.006
1.848
1.714
2.248
2.37
2.05
2.125
2.087
1.844
1.726
1.918
2.313
2.129
2.023
2.001
2.126
2.041
2.082
1.898
2.075
1.805
2.199
1.862
1.926
2.135
1.931
1.989
2.2880000000000003
2.103
1.83
2.071
1.716
2.0
1.915
2.059
2.008
2.094
2.142
1.711
1.604
2.116
1.971
1.977
1.957
2.12
1.966
1.896
2.039
1.793
2.364
2.035
1.987
2.172
2.338
2.073
2.135
1.921
1.6130000000000002
1.992
2.129
1.91
1.901
2.002
1.751
1.775
1.897
1.837
1.909
2.184
1.682
2.253
2.011
1.551
1.703
2.254
1.791
2.418
2.013
2.064
2.175
2.138
1.951
1.859
2.05
2.033
2.105
2.016
1.895
1.864
2.1180000000000003
1.6369999999999998
2.072
1.786
2.008
1.983
1.786
1.976
1.913
1.846
2.124
2.209
2.169
1.7519999999999998
2.168
2.114
1.839
2.131
2.1630000000000003
2.037
1.6969999999999998
1.878
1.732
2.047
1.946
2.072
2.178
1.985
2.207
2.152
2.016
1.753
2.0340000000000003
2.047
2.048
1.575
2.117
1.837
2.059
2.094
2.195
2.0780000000000003
2.174
2.027
2.242
1.781
1.743
1.7180000000000002
1.865
2.0540000000000003
2.108
2.061
2.036
2.305
2.334
2.069
2.087
1.879
1.901
2.084
1.7819999999999998
2.136
2.206
2.134
2.102
2.101
2.049
2.161
2.037
2.191
1.742
2.09
1.893
2.149
2.126
2.265
2.164
2.29
1.942
2.057
1.813
1.965
2.047
1.812
2.081
2.1180000000000003
2.088
2.022
1.67
1.833
2.264
2.162
2.15
2.149
1.936
1.735
1.6840000000000002
1.828
1.913
1.707
2.051
2.092
1.784
2.024
1.758
2.01
1.756
1.998
1.663
2.212
1.888
2.001
1.903
2.01
2.041
1.921
2.005
2.245
1.87
2.003
2.185
1.916
1.837
2.066
2.015
1.887
2.077
1.995
2.162
2.041
1.998
1.859
2.176
2.168
2.069
2.169
1.917
1.829
1.859
2.085
1.649
1.857
2.081
1.766
2.191
2.085
1.892
2.101
2.067
2.11
2.032
2.2430000000000003
1.781
2.234
2.036
2.21
1.763
1.937
1.842
2.281
2.049
2.123
2.153
2.009
1.883
2.157
2.046
2.11
2.201
2.081
2.073
1.879
2.0980000000000003
2.106
1.825
2.023
1.656
2.1180000000000003
2.035
2.005
2.238
2.228
1.985
2.157
1.826
2.207
1.903
2.04
2.051
2.207
1.767
1.957
2.364
1.982
2.104
1.97
1.854
2.049
2.0980000000000003
2.186
1.843
2.1180000000000003
2.032
2.106
1.943
1.969
2.175
2.096
2.128
1.928
2.091
1.769
1.909
2.233
1.861
2.275
1.905
2.017
1.87
2.177
2.013
1.993
1.984
2.31
2.087
2.002
1.959
1.984
1.884
1.991
2.178
1.83
1.617
1.933
2.142
1.7619999999999998
2.039
2.018
2.173
1.74
1.896
1.834
2.003
2.035
2.17
1.968
2.198
1.58
1.778
1.995
1.665
2.09
2.18
1.742
1.767
1.95
1.952
2.122
1.862
1.778
1.837
1.949
2.072
2.007
1.998
2.083
1.946
2.042
2.123
1.655
2.174
2.127
2.067
1.731
2.024
2.072
1.978
2.241
2.051
1.946
1.783
2.197
1.716
1.723
1.99
1.927
1.868
1.997
2.031
2.057
1.636
2.126
2.189
1.916
2.323
2.065
2.145
1.907
1.899
1.991
2.003
2.124
2.0980000000000003
1.877
2.071
2.019
2.22
1.939
2.013
2.32
2.07
2.081
2.287
2.172
2.051
2.087
1.894
2.211
1.926
2.094
2.113
2.028
1.908
1.7009999999999998
1.94
2.113
2.134
2.188
1.775
2.01
2.076
1.804
1.693
2.154
1.993
2.06
2.093
2.16
1.83
1.787
1.97
1.962
1.929
1.99
1.997
2.276
2.103
2.107
1.809
2.069
2.023
2.208
1.561
1.991
1.754
1.7819999999999998
1.924
1.859
2.125
2.055
1.906
1.896
2.09
1.941
2.081
2.015
1.814
1.67
1.874
2.116
1.954
1.936
1.804
1.965
1.541
2.162
1.888
2.012
2.13
2.143
1.919
1.963
1.992
2.217
1.818
2.115
2.066
2.347
2.096
2.234
2.062
1.913
1.578
1.655
1.939
1.828
1.615
1.944
2.264
2.327
1.957
1.971
2.225
2.001
1.888
2.092
2.047
2.0
1.923
1.87
1.601
1.724
1.844
2.096
1.745
1.984
1.599
2.178
1.962
1.7819999999999998
2.158
1.721
2.302
2.145
1.894
2.112
2.079
2.12
1.753
2.186
2.004
2.014
2.295
2.15
1.935
2.102
1.908
2.084
1.871
1.917
1.986
1.87
2.072
2.081
2.085
2.02
1.6840000000000002
2.056
2.21
1.989
1.683
1.987
2.015
1.882
2.119
2.231
2.155
1.661
2.05
1.922
2.169
2.066
1.977
2.035
1.817
1.74
2.212
2.282
2.155
1.911
2.17
2.186
1.766
2.117
2.226
2.181
2.441
2.041
2.136
2.241
2.136
1.606
2.221
1.711
2.157
2.047
2.107
1.876
1.808
2.131
1.888
2.171
1.685
2.398
1.914
2.1630000000000003
1.854
2.115
1.881
2.022
1.925
1.495
2.037
2.062
1.661
2.02
2.3080000000000003
1.846
2.219
1.7380000000000002
1.991
2.173
2.15
1.924
2.104
2.191
2.037
2.01
1.824
1.703
1.7719999999999998
1.776
2.253
1.983
1.885
2.048
2.197
1.485
1.98
2.039
1.832
2.149
2.085
1.611
1.735
2.088
2.264
2.202
1.742
2.218
1.866
1.913
2.026
1.713
1.965
1.976
1.821
2.423
1.943
1.889
2.099
1.779
2.1830000000000003
1.911
2.091
1.619
1.732
2.053
2.122
1.843
2.045
1.986
2.282
1.699
2.215
1.462
2.222
2.067
1.949
2.035
1.751
1.999
1.972
1.975
1.995
2.208
1.898
2.089
1.885
2.14
2.14
1.825
1.877
2.015
1.8
1.987
2.301
2.133
2.0380000000000003
2.097
2.085
2.113
1.959
1.976
2.095
2.123
2.052
2.115
1.884
1.64
1.607
1.807
1.837
2.326
2.096
2.005
1.895
1.942
1.597
1.557
2.191
1.658
1.608
2.301
2.0
2.085
1.984
1.907
2.162
2.2840000000000003
1.924
1.886
2.458
1.945
2.139
2.145
1.905
1.689
1.794
1.789
2.061
2.024
1.765
2.037
1.889
2.023
1.83
2.128
1.5659999999999998
2.209
2.02
2.013
2.138
1.929
1.904
1.968
2.112
1.997
1.884
2.105
1.794
1.86
1.959
1.994
2.033
1.659
2.189
2.186
2.129
2.2230000000000003
2.036
2.342
2.172
1.968
2.222
1.796
1.924
2.033
1.7180000000000002
2.213
1.868
1.982
2.364
1.726
1.861
1.927
1.662
1.621
2.008
1.966
1.958
2.027
1.91
1.823
2.209
1.807
2.195
1.953
1.949
2.169
1.871
1.248
1.924
2.257
1.887
1.778
2.045
1.947
1.7009999999999998
1.858
2.0
1.971
2.037
1.928
2.083
2.011
2.04
2.152
1.852
2.2430000000000003
1.984
2.081
2.052
2.12
2.358
2.151
1.895
1.933
2.136
2.046
2.026
2.248
2.142
2.189
1.409
1.975
2.276
2.184
1.531
2.0540000000000003
1.7819999999999998
1.975
2.311
1.822
1.847
2.053
1.888
1.894
2.002
1.825
1.79
1.233
1.88
1.887
2.12
1.992
2.109
2.022
2.205
1.75
2.111
1.6230000000000002
2.33
1.5930000000000002
2.097
1.581
1.5519999999999998
2.147
1.998
1.7919999999999998
2.201
2.0580000000000003
2.198
1.968
2.256
2.086
2.064
2.156
1.847
2.076
1.843
2.013
1.968
1.873
1.75
1.982
1.641
2.072
2.003
2.048
2.065
1.906
2.124
1.873
2.131
1.993
1.961
1.914
2.105
1.866
2.228
2.0380000000000003
2.283
1.681
2.15
1.878
2.105
1.6669999999999998
2.105
1.995
2.008
2.063
1.872
2.198
2.362
2.152
2.172
1.455
1.938
1.864
2.167
1.957
2.242
2.053
1.838
2.003
1.904
2.277
1.836
1.798
1.974
1.958
1.765
2.011
1.695
1.879
1.96
1.913
1.975
2.107
1.838
1.934
2.0780000000000003
1.499
1.987
1.907
1.837
2.141
1.965
2.088
2.091
1.7180000000000002
1.944
1.943
2.117
1.6869999999999998
2.092
2.003
1.556
2.273
2.125
1.847
1.923
1.96
2.111
1.768
1.897
2.056
1.946
2.335
1.817
2.176
1.6969999999999998
2.264
1.813
1.949
2.066
2.053
1.846
2.036
1.51
2.0380000000000003
1.827
1.3119999999999998
2.1180000000000003
2.022
1.973
1.775
1.893
1.764
2.295
1.759
2.019
2.011
1.881
2.242
1.883
1.875
2.014
1.959
1.968
2.121
2.121
1.495
2.043
1.837
1.539
2.115
1.927
1.907
1.967
1.998
2.182
1.991
2.05
1.998
1.958
2.186
1.955
2.261
2.112
1.66
1.887
2.119
1.886
1.948
1.939
1.881
2.088
1.76
1.928
1.927
1.761
2.009
1.848
1.997
1.6969999999999998
1.974
2.176
2.061
2.281
2.204
1.663
2.057
2.134
1.617
2.103
1.741
2.116
2.091
1.703
1.908
1.951
1.892
2.037
2.111
2.125
2.02
1.833
2.246
1.828
2.229
2.175
1.802
2.123
2.087
2.1830000000000003
2.186
1.87
2.032
2.157
2.218
2.25
1.969
2.401
1.908
1.989
1.685
1.757
1.786
1.812
2.207
1.569
1.5730000000000002
1.956
2.209
2.195
1.915
2.0980000000000003
2.106
1.6669999999999998
1.924
2.091
1.551
2.161
2.258
1.65
2.122
1.675
1.5019999999999998
2.084
1.977
1.776
1.903
1.974
2.247
2.271
2.25
2.148
1.768
1.961
2.12
1.895
2.141
