2.713
2.637
2.546
2.471
2.5540000000000003
2.892
2.653
2.6719999999999997
2.335
2.8080000000000003
2.181
2.707
2.79
2.574
2.721
2.508
2.67
2.592
2.7969999999999997
2.761
2.521
2.64
2.146
2.73
2.392
1.9040000000000001
2.406
2.682
2.667
2.7880000000000003
2.738
2.5660000000000003
2.6489999999999996
2.533
2.6830000000000003
2.557
2.574
2.0980000000000003
2.633
2.7
2.7510000000000003
2.8739999999999997
2.5839999999999996
2.4219999999999997
2.638
2.859
2.59
2.5669999999999997
2.812
2.68
2.766
2.813
2.739
2.843
2.647
2.454
2.469
2.416
2.806
2.259
2.436
2.7230000000000003
2.7560000000000002
2.5639999999999996
2.65
2.6910000000000003
2.396
2.5660000000000003
2.6860000000000004
2.833
2.425
2.506
2.903
2.78
2.859
2.764
2.843
2.5780000000000003
2.762
2.54
2.44
2.763
2.431
2.786
2.335
2.805
2.727
2.733
2.699
2.18
2.6839999999999997
2.58
2.687
2.6239999999999997
2.912
2.6310000000000002
2.4819999999999998
2.5469999999999997
2.68
2.633
2.364
2.654
2.6189999999999998
2.7539999999999996
2.806
1.745
2.719
2.6710000000000003
2.718
2.7710000000000004
2.4130000000000003
2.883
2.853
2.5610000000000004
1.8519999999999999
2.761
2.6630000000000003
2.525
2.839
2.431
2.694
2.5580000000000003
2.63
2.583
2.47
2.72
2.786
2.783
2.6289999999999996
2.841
2.358
2.9810000000000003
2.839
2.247
2.151
2.468
2.592
2.226
2.6189999999999998
2.787
2.597
2.662
2.063
2.515
2.456
2.542
2.742
2.639
2.785
2.773
2.826
2.5540000000000003
2.8789999999999996
2.648
2.739
2.6510000000000002
2.755
2.915
2.821
2.613
2.653
2.4859999999999998
2.82
2.272
2.716
2.96
2.43
2.419
2.267
2.7039999999999997
2.662
2.3280000000000003
2.935
2.763
2.4859999999999998
2.701
2.537
2.827
2.803
2.416
2.935
2.6239999999999997
2.1430000000000002
2.4090000000000003
2.773
2.92
2.717
2.698
2.742
2.638
2.63
2.431
2.775
2.3609999999999998
2.698
2.68
2.197
2.455
2.551
2.688
2.685
2.957
2.529
2.4419999999999997
2.6319999999999997
2.697
2.7560000000000002
2.8080000000000003
2.623
2.813
2.67
2.407
2.378
2.8310000000000004
2.92
2.438
2.8680000000000003
2.6510000000000002
2.773
2.8289999999999997
2.715
2.667
2.251
2.714
2.588
2.8480000000000003
2.665
2.5989999999999998
2.785
2.5340000000000003
2.418
2.717
2.556
2.645
2.612
2.77
2.7680000000000002
2.728
2.7239999999999998
2.063
2.447
2.541
2.528
2.6510000000000002
2.693
2.687
2.7089999999999996
2.695
2.655
2.7060000000000004
2.71
2.707
2.641
2.77
2.615
2.7710000000000004
2.499
1.6480000000000001
2.77
2.665
2.2640000000000002
2.611
2.772
2.6189999999999998
2.5839999999999996
2.8089999999999997
2.87
2.722
2.6069999999999998
2.513
2.303
2.353
2.2880000000000003
2.577
2.15
2.773
2.9810000000000003
2.227
2.647
2.634
2.6719999999999997
2.824
2.625
2.7939999999999996
2.7510000000000003
2.381
2.35
2.763
2.6210000000000004
2.7289999999999996
2.904
2.781
2.613
2.6319999999999997
2.6319999999999997
2.52
2.755
2.465
2.375
2.457
2.616
2.52
2.8280000000000003
2.395
2.7030000000000003
2.661
2.424
2.467
2.5789999999999997
2.419
2.766
2.8930000000000002
2.697
2.478
2.563
1.9909999999999999
2.694
2.701
2.7439999999999998
2.227
2.75
2.552
2.806
2.713
2.6910000000000003
2.923
2.5340000000000003
1.992
2.661
2.603
2.32
2.611
2.6289999999999996
2.541
2.253
2.898
2.864
2.716
2.524
2.247
2.698
2.739
2.673
2.844
2.307
2.705
2.655
2.367
2.806
2.56
2.6510000000000002
2.7910000000000004
2.738
2.568
2.544
2.759
2.522
2.742
2.68
2.819
2.6069999999999998
2.668
2.6489999999999996
2.7880000000000003
2.358
2.53
2.807
2.359
2.883
2.582
2.727
2.7560000000000002
2.299
2.555
2.803
2.662
2.833
2.582
2.841
2.847
2.545
2.8080000000000003
2.109
2.6039999999999996
2.9010000000000002
2.946
2.5540000000000003
2.4530000000000003
2.784
2.7110000000000003
2.7289999999999996
2.7089999999999996
2.523
2.815
2.822
2.8110000000000004
2.875
2.239
2.574
2.499
2.535
2.633
2.7430000000000003
2.408
2.396
2.41
2.539
2.414
2.737
2.772
2.741
2.526
2.51
2.295
2.428
2.8080000000000003
2.519
2.8110000000000004
2.546
2.74
3.034
2.911
2.9189999999999996
2.6039999999999996
2.622
2.4419999999999997
2.681
2.678
2.8280000000000003
2.888
2.773
2.7230000000000003
2.191
2.8160000000000003
2.827
2.303
2.7689999999999997
3.065
2.325
2.5989999999999998
2.687
2.855
2.78
2.716
2.551
2.701
2.614
2.616
2.415
2.784
2.734
2.583
2.779
2.545
2.861
2.705
2.6889999999999996
2.398
2.801
2.59
2.7569999999999997
2.421
2.87
2.608
2.688
2.178
2.86
2.7239999999999998
2.452
2.494
2.739
2.468
2.7260000000000004
2.802
2.873
2.617
2.839
2.333
2.647
2.238
2.772
2.8289999999999997
2.636
2.714
2.905
2.4
2.552
2.377
2.063
2.469
2.545
2.5810000000000004
2.62
2.6430000000000002
2.8080000000000003
2.945
2.589
2.7560000000000002
2.9989999999999997
2.585
2.8539999999999996
2.733
2.832
2.766
2.818
2.583
2.728
2.26
2.301
2.647
2.665
2.535
2.891
2.283
2.687
2.6239999999999997
2.6839999999999997
2.077
2.655
2.985
2.6710000000000003
2.966
2.61
2.58
2.74
2.563
2.772
2.681
2.219
2.2769999999999997
2.015
2.463
2.705
2.67
2.544
2.548
2.844
2.845
2.4530000000000003
2.903
2.782
2.588
2.391
2.866
2.472
2.6830000000000003
2.536
2.7310000000000003
2.89
2.546
2.6439999999999997
2.761
2.557
2.71
2.661
2.7030000000000003
2.408
2.715
2.718
2.813
2.675
2.843
2.7089999999999996
2.802
2.6689999999999996
2.6010000000000004
2.4730000000000003
2.7239999999999998
2.877
2.577
2.614
2.6439999999999997
2.605
2.864
2.1959999999999997
2.6060000000000003
2.799
2.786
2.414
2.338
2.8280000000000003
2.5660000000000003
2.668
2.411
2.2880000000000003
2.548
2.764
2.336
2.8160000000000003
2.747
2.6860000000000004
2.6689999999999996
2.734
2.063
2.423
2.559
2.659
2.845
2.2569999999999997
2.234
2.7230000000000003
2.322
2.6189999999999998
2.4930000000000003
2.392
2.697
2.5340000000000003
2.354
2.234
2.608
2.046
2.639
2.887
2.642
2.2640000000000002
2.41
2.6519999999999997
2.873
2.737
2.115
2.6210000000000004
2.761
2.616
2.762
2.5839999999999996
2.654
2.6430000000000002
2.813
2.474
2.638
2.6860000000000004
2.5340000000000003
2.819
2.314
2.77
2.638
1.996
2.827
2.715
2.6319999999999997
2.7319999999999998
2.569
2.858
2.603
2.6660000000000004
2.424
2.443
2.738
2.661
2.792
2.4330000000000003
2.533
2.6319999999999997
2.725
2.9
2.0869999999999997
2.8369999999999997
2.9189999999999996
2.45
2.758
2.602
2.551
2.516
2.718
2.7880000000000003
2.609
2.509
2.5860000000000003
2.801
2.656
2.7289999999999996
2.5660000000000003
2.761
2.5780000000000003
2.667
2.627
2.455
2.699
2.74
2.705
2.835
2.675
2.602
2.762
2.565
2.9930000000000003
2.448
2.782
2.517
2.659
2.449
2.502
2.354
2.521
2.78
2.325
2.733
2.818
2.7889999999999997
2.766
2.431
2.87
2.2119999999999997
2.86
2.7230000000000003
2.592
2.823
2.13
2.658
2.105
2.76
2.7489999999999997
2.673
2.474
2.653
2.7510000000000003
2.737
2.478
2.31
2.867
2.9339999999999997
2.475
2.417
2.407
2.883
2.6489999999999996
2.6889999999999996
2.72
2.8139999999999996
2.7260000000000004
2.332
2.673
2.569
2.4619999999999997
2.83
2.591
2.609
2.5069999999999997
2.47
2.4859999999999998
2.576
2.863
2.67
2.677
2.763
2.8539999999999996
2.444
2.886
2.753
2.63
2.4130000000000003
2.929
2.765
2.225
2.73
2.912
2.781
2.7969999999999997
2.822
2.463
2.528
2.447
2.653
2.516
2.702
2.702
2.872
2.529
2.6260000000000003
2.521
2.734
2.783
2.588
2.471
2.6289999999999996
2.767
2.8289999999999997
2.611
2.694
2.705
2.096
2.802
2.358
2.5839999999999996
2.61
2.86
2.824
2.698
2.795
2.2319999999999998
2.186
2.758
2.524
2.596
2.468
2.784
2.6430000000000002
2.6210000000000004
2.759
2.79
2.8930000000000002
2.694
2.535
2.76
2.88
2.695
2.6439999999999997
2.67
1.9680000000000002
2.761
2.827
2.609
2.583
2.821
2.414
1.99
2.6710000000000003
2.398
2.665
2.577
2.391
2.9330000000000003
2.483
2.256
2.385
2.863
2.407
2.415
2.329
2.639
2.742
2.556
2.6689999999999996
2.293
2.825
2.4330000000000003
2.8339999999999996
2.6910000000000003
2.6260000000000003
2.835
2.717
2.303
2.813
2.4219999999999997
2.6319999999999997
2.603
2.504
2.504
2.2969999999999997
2.2159999999999997
2.656
2.898
2.694
2.042
2.841
2.861
2.39
2.867
2.635
2.6919999999999997
2.517
2.056
2.377
2.7230000000000003
2.7569999999999997
2.7039999999999997
2.662
2.693
2.935
2.891
2.766
2.488
2.781
2.528
2.656
2.116
2.758
2.404
2.8169999999999997
2.752
2.6060000000000003
2.825
2.7230000000000003
2.76
2.801
2.251
2.574
1.983
2.535
2.627
2.725
2.8139999999999996
2.6210000000000004
2.813
2.8939999999999997
2.8569999999999998
2.682
2.641
2.298
2.734
2.447
2.773
2.66
2.985
2.73
2.545
2.839
2.795
2.6830000000000003
2.6660000000000004
2.178
2.6489999999999996
2.611
2.8080000000000003
2.7969999999999997
2.78
2.9210000000000003
2.752
2.542
2.6510000000000002
2.426
2.7769999999999997
2.3369999999999997
2.5810000000000004
2.517
2.674
2.653
2.3819999999999997
2.4459999999999997
2.278
2.9219999999999997
2.67
2.787
2.9560000000000004
2.767
2.438
2.414
2.6719999999999997
2.762
2.262
2.78
2.8310000000000004
2.353
2.738
2.542
2.81
2.6460000000000004
2.7710000000000004
2.565
2.819
2.244
2.658
2.517
2.773
2.818
2.499
2.713
2.861
2.721
2.6460000000000004
2.784
2.298
2.48
2.739
2.603
2.418
2.685
2.707
2.6860000000000004
2.4459999999999997
2.642
2.503
2.622
2.8110000000000004
2.635
2.9189999999999996
2.84
2.6630000000000003
2.753
2.7510000000000003
2.29
2.6719999999999997
2.68
2.383
2.733
2.8510000000000004
2.37
2.6460000000000004
2.755
2.73
2.79
2.785
2.559
2.7680000000000002
2.687
2.7239999999999998
2.28
2.4330000000000003
2.702
2.8110000000000004
2.715
2.678
2.786
2.5989999999999998
2.5839999999999996
2.8489999999999998
2.577
2.7689999999999997
2.8110000000000004
2.842
2.8539999999999996
2.298
2.6289999999999996
2.787
2.35
2.6639999999999997
2.254
2.818
2.553
2.667
2.742
2.667
2.707
2.86
2.4090000000000003
2.773
2.739
2.612
2.82
2.945
2.9139999999999997
2.802
2.734
2.7319999999999998
2.753
2.5980000000000003
2.269
2.614
2.838
2.772
2.358
2.735
2.591
2.636
2.74
2.562
2.5540000000000003
2.6260000000000003
2.53
2.6210000000000004
2.795
2.7539999999999996
2.515
2.87
2.75
2.8760000000000003
2.645
2.6919999999999997
2.66
2.802
2.8169999999999997
2.6689999999999996
2.781
2.77
2.6430000000000002
2.605
2.57
2.551
2.303
2.764
2.8480000000000003
2.539
1.788
2.716
2.7710000000000004
2.6460000000000004
2.8539999999999996
2.838
2.823
2.596
2.494
2.3569999999999998
2.322
2.8310000000000004
2.889
2.612
2.803
2.2880000000000003
2.388
2.467
2.351
2.714
2.685
2.178
2.311
2.714
2.7560000000000002
2.714
2.804
2.485
2.404
2.7119999999999997
2.698
2.565
2.82
2.6289999999999996
2.701
2.6639999999999997
2.589
2.1719999999999997
2.6710000000000003
2.8760000000000003
2.609
2.355
2.693
2.659
2.7510000000000003
2.7960000000000003
2.77
2.7239999999999998
2.292
2.773
2.6060000000000003
2.387
2.49
2.656
2.54
2.5980000000000003
2.715
2.772
2.3609999999999998
2.7960000000000003
2.6719999999999997
2.358
2.695
2.656
2.8560000000000003
2.9339999999999997
2.7039999999999997
2.7739999999999996
2.426
2.9339999999999997
2.7310000000000003
2.6639999999999997
2.573
2.695
2.895
2.5869999999999997
2.65
2.885
2.739
2.787
2.955
2.7489999999999997
2.715
2.6839999999999997
2.635
2.741
2.536
2.8489999999999998
2.716
2.735
2.609
2.479
2.741
2.761
2.7439999999999998
2.8
2.302
2.701
2.86
2.279
2.2359999999999998
2.519
2.8280000000000003
2.827
2.7239999999999998
2.773
2.5610000000000004
2.227
2.677
2.798
2.891
2.38
2.687
2.7880000000000003
2.5810000000000004
2.725
2.6860000000000004
2.737
2.658
2.877
2.424
3.016
2.384
2.502
2.405
2.325
2.7889999999999997
2.57
2.714
2.862
2.5989999999999998
2.658
2.8489999999999998
2.8789999999999996
2.474
2.4459999999999997
2.614
2.815
2.4930000000000003
2.787
2.4730000000000003
2.549
2.39
2.772
2.244
2.7
2.992
2.949
2.29
2.852
2.688
2.7880000000000003
2.693
2.89
2.841
2.761
2.897
2.7710000000000004
2.53
2.6319999999999997
2.069
2.988
2.728
2.488
2.327
2.8480000000000003
2.824
2.569
2.667
2.475
2.667
2.491
2.622
2.6860000000000004
2.7560000000000002
2.863
2.616
2.414
2.322
2.4459999999999997
2.5
2.5660000000000003
2.545
2.539
2.335
2.824
2.657
2.279
2.6439999999999997
2.335
2.784
2.68
2.417
2.6180000000000003
2.739
2.78
2.541
2.927
2.553
2.3930000000000002
2.792
2.787
2.524
2.7739999999999996
2.661
2.675
2.6910000000000003
2.741
2.464
2.636
2.576
2.7680000000000002
2.676
2.77
2.5839999999999996
2.613
2.859
2.455
2.102
2.66
2.62
2.491
2.736
2.906
2.7230000000000003
1.983
2.645
2.785
2.694
2.97
2.569
2.661
2.167
2.24
2.8480000000000003
2.86
2.678
2.655
2.7439999999999998
2.825
2.267
2.782
2.7089999999999996
2.655
2.812
2.7110000000000003
2.585
2.9189999999999996
2.9019999999999997
2.391
2.572
2.1830000000000003
2.83
2.7689999999999997
2.783
2.569
2.3819999999999997
2.642
2.1630000000000003
2.9130000000000003
2.148
2.815
2.575
2.702
2.67
2.778
2.7089999999999996
2.319
2.698
2.049
2.6910000000000003
2.665
2.494
2.6630000000000003
2.7
2.7689999999999997
2.675
2.7319999999999998
2.853
2.6460000000000004
2.8089999999999997
2.515
2.763
2.798
2.6439999999999997
2.668
2.6210000000000004
2.6239999999999997
2.342
2.602
2.707
2.506
2.25
2.75
2.8
1.127
2.8139999999999996
2.685
2.6319999999999997
2.597
2.8489999999999998
2.562
2.372
2.74
2.866
2.9010000000000002
2.373
2.8789999999999996
2.696
2.437
2.541
2.414
2.7289999999999996
2.693
2.7089999999999996
2.647
2.628
2.741
2.764
2.292
2.6180000000000003
2.7239999999999998
2.83
2.1590000000000003
2.3609999999999998
2.7260000000000004
2.798
2.6
2.69
2.7260000000000004
2.679
2.206
2.719
2.122
2.839
2.537
2.525
2.6060000000000003
2.077
2.852
2.346
2.695
2.7439999999999998
2.54
2.552
2.7430000000000003
2.7710000000000004
2.736
2.843
2.6069999999999998
2.7239999999999998
2.4730000000000003
2.457
2.574
2.68
2.7969999999999997
2.759
2.7460000000000004
2.835
2.717
2.541
2.546
2.859
2.6839999999999997
2.7430000000000003
2.8819999999999997
2.524
2.218
2.359
2.404
2.4459999999999997
2.92
2.7430000000000003
2.5069999999999997
2.416
2.714
2.105
2.208
2.875
2.479
2.47
2.799
2.695
2.721
2.69
2.787
2.8080000000000003
2.792
2.638
2.5660000000000003
2.74
2.826
2.7039999999999997
2.6660000000000004
2.585
2.381
2.4859999999999998
2.515
2.66
2.596
2.356
2.8689999999999998
2.3609999999999998
2.696
2.399
2.8160000000000003
2.533
2.917
2.885
2.589
2.725
2.516
2.398
2.5540000000000003
2.702
2.793
2.251
2.472
2.148
2.5669999999999997
2.707
2.866
2.6860000000000004
2.065
2.875
2.819
2.8680000000000003
2.8339999999999996
2.634
3.005
2.763
2.634
2.662
2.6239999999999997
2.63
2.79
2.3209999999999997
2.855
2.488
2.523
2.863
2.4659999999999997
2.7089999999999996
2.764
2.31
2.364
2.6710000000000003
2.572
2.591
2.715
2.608
2.591
2.67
2.4459999999999997
2.707
2.363
2.765
2.714
2.571
1.6480000000000001
2.374
2.799
2.155
2.611
2.67
2.375
2.555
2.342
2.5839999999999996
2.773
2.657
2.78
2.7689999999999997
2.898
2.591
2.6689999999999996
2.4819999999999998
2.718
2.487
2.678
2.6719999999999997
2.75
2.9160000000000004
2.83
2.384
2.699
2.7489999999999997
2.779
2.292
2.912
2.779
2.835
1.8880000000000001
2.635
2.602
2.8280000000000003
2.162
2.388
2.2030000000000003
2.609
2.687
2.438
2.467
2.508
2.523
2.539
2.787
2.464
2.367
1.1420000000000001
2.439
2.7510000000000003
2.7760000000000002
2.365
2.766
2.688
2.898
2.415
2.6180000000000003
2.45
2.9560000000000004
2.0869999999999997
2.827
2.169
2.305
2.806
2.8510000000000004
2.384
2.701
2.7430000000000003
2.7310000000000003
2.7110000000000003
2.74
2.85
2.7769999999999997
2.822
2.6910000000000003
2.51
2.2230000000000003
2.6689999999999996
2.61
2.591
2.415
2.826
2.211
2.443
2.3080000000000003
2.6430000000000002
2.7430000000000003
2.67
2.655
2.622
2.702
2.4659999999999997
2.541
2.674
2.6180000000000003
2.162
2.883
2.81
2.83
2.697
2.716
2.483
2.695
2.694
2.8089999999999997
2.615
2.421
2.861
2.653
2.6860000000000004
2.7319999999999998
2.761
2.778
2.25
2.535
2.443
2.7569999999999997
2.793
2.88
2.611
2.365
2.6830000000000003
2.6310000000000002
2.721
2.508
2.256
2.847
2.6889999999999996
2.146
2.7319999999999998
2.009
2.4530000000000003
2.497
2.61
2.6660000000000004
2.822
2.475
2.35
2.702
2.004
2.642
2.85
2.9210000000000003
2.778
2.69
2.738
2.752
2.3209999999999997
2.397
2.842
2.7039999999999997
2.344
2.648
2.391
2.531
2.8510000000000004
2.676
2.43
2.674
2.718
2.87
2.326
2.445
2.763
2.741
2.807
2.4859999999999998
2.8539999999999996
2.654
2.782
2.6910000000000003
2.485
2.781
2.815
2.164
2.841
2.086
2.8089999999999997
2.512
2.205
2.6889999999999996
2.8110000000000004
2.5869999999999997
2.5789999999999997
2.698
2.73
2.7260000000000004
2.342
3.01
2.6630000000000003
2.667
2.658
2.9010000000000002
2.465
2.551
2.5780000000000003
2.781
2.694
2.736
2.333
2.779
2.48
2.205
2.6439999999999997
2.758
2.658
2.524
2.7760000000000002
2.7230000000000003
2.6719999999999997
2.546
2.6860000000000004
2.755
2.86
2.634
2.932
2.657
2.436
2.5069999999999997
2.802
2.3569999999999998
2.735
2.79
2.6510000000000002
2.6919999999999997
2.302
2.447
2.654
2.4619999999999997
2.6239999999999997
2.511
2.764
1.99
2.7880000000000003
2.748
2.6910000000000003
2.312
2.633
2.088
2.715
2.449
2.447
2.8930000000000002
2.635
2.783
2.741
2.3680000000000003
2.8789999999999996
2.764
2.655
1.841
2.84
2.622
2.75
2.399
2.965
2.455
3.111
2.695
2.47
2.577
2.687
2.516
2.8510000000000004
2.5789999999999997
2.5380000000000003
2.6439999999999997
2.682
2.68
2.625
2.8539999999999996
2.515
2.573
2.21
2.775
2.7539999999999996
2.162
2.679
2.299
2.155
2.867
2.83
2.818
2.5610000000000004
2.713
2.765
2.388
2.296
2.613
2.283
2.781
2.926
2.197
2.716
2.238
1.256
2.825
2.562
2.787
2.6689999999999996
2.53
2.7739999999999996
2.781
2.7739999999999996
2.66
2.105
2.559
2.819
2.228
2.59
