1.503
1.682
1.865
1.681
2.116
2.0380000000000003
1.733
1.233
1.529
1.636
2.2
1.746
1.7990000000000002
1.767
2.091
2.081
1.6469999999999998
1.961
1.994
1.5319999999999998
1.589
1.4880000000000002
1.598
1.94
1.617
2.042
2.168
2.055
2.056
2.139
1.804
1.933
2.046
1.609
1.885
1.954
1.463
1.617
2.194
1.97
1.802
2.043
1.859
2.042
1.879
1.602
2.0780000000000003
2.182
1.6880000000000002
1.659
2.131
1.764
1.538
1.871
1.399
2.097
2.048
1.4369999999999998
1.672
2.148
1.964
2.0340000000000003
1.558
1.5619999999999998
1.433
1.224
1.968
1.987
1.91
1.919
1.3769999999999998
1.42
2.02
1.6
1.845
1.796
2.029
1.494
2.01
2.1180000000000003
2.077
2.093
1.528
1.7180000000000002
1.967
1.5759999999999998
1.474
1.463
1.579
1.746
2.198
2.083
1.5319999999999998
1.934
1.935
1.436
1.58
1.626
1.867
1.5590000000000002
1.994
2.017
1.403
1.659
2.043
1.4469999999999998
2.049
1.942
2.167
2.13
2.149
1.655
2.107
1.648
2.042
1.852
2.061
2.03
1.609
1.487
1.823
1.925
1.625
1.5219999999999998
1.886
1.624
1.984
1.973
1.6980000000000002
1.931
1.795
2.168
1.481
1.536
1.848
1.751
1.918
1.455
2.019
1.91
1.861
1.4680000000000002
1.774
1.907
1.969
1.582
1.643
1.51
1.4980000000000002
1.912
1.599
1.59
1.803
2.253
1.51
1.6909999999999998
1.915
1.516
2.186
1.851
1.4880000000000002
2.15
1.386
2.096
2.0
2.037
1.499
1.64
1.707
1.649
1.814
1.74
1.879
1.96
1.722
1.475
1.4680000000000002
2.008
1.358
1.561
1.47
1.534
1.797
1.493
2.061
1.873
1.51
1.847
1.999
2.0
1.836
1.514
1.314
1.487
2.005
2.0780000000000003
1.564
1.952
1.692
1.513
1.964
2.051
1.425
2.216
2.108
1.616
1.931
1.6230000000000002
1.61
1.55
2.182
2.0980000000000003
1.443
1.336
1.948
1.845
1.945
1.633
1.4980000000000002
1.875
1.492
2.265
1.915
2.015
2.002
1.5590000000000002
1.666
1.935
2.018
1.523
1.663
2.047
1.816
1.913
1.83
1.965
1.666
1.511
1.992
1.557
1.973
1.7619999999999998
1.891
2.172
1.64
1.764
1.5319999999999998
2.086
2.032
2.17
2.072
1.639
1.439
2.057
1.641
1.533
2.199
1.991
2.132
1.535
1.973
1.939
1.535
1.704
1.659
1.819
1.692
1.988
2.015
2.012
2.089
1.702
1.7480000000000002
1.789
2.042
1.243
1.652
1.932
1.489
1.569
1.899
1.867
2.042
1.565
1.489
1.629
1.459
1.5630000000000002
2.36
1.257
2.021
2.055
1.5659999999999998
2.122
1.521
1.454
1.788
1.494
1.829
2.045
1.59
1.931
1.516
1.418
2.101
1.919
1.604
1.649
1.473
1.622
1.545
1.885
1.864
1.457
1.968
1.96
1.925
2.056
1.729
2.167
1.958
1.4380000000000002
2.032
1.467
1.968
1.767
1.851
1.56
1.391
1.384
1.3230000000000002
1.648
2.033
1.518
1.335
1.586
2.102
1.467
1.601
1.588
1.74
2.161
1.455
1.608
1.714
1.804
1.568
2.091
1.81
1.539
1.61
1.665
2.17
1.617
1.827
2.116
1.632
1.997
1.8
2.175
1.489
1.831
1.536
1.974
1.882
2.051
1.61
1.941
1.54
1.611
1.808
2.029
2.0380000000000003
2.108
1.947
1.619
1.85
1.881
1.77
1.6909999999999998
2.167
1.474
1.707
1.989
2.094
1.75
1.923
1.897
2.037
2.123
2.001
1.584
1.765
1.453
2.007
1.592
2.086
1.55
1.768
1.622
1.554
1.383
1.624
1.934
1.983
1.5930000000000002
1.942
1.901
1.6569999999999998
1.547
1.645
1.972
1.628
2.205
1.995
1.922
2.141
1.929
1.924
1.587
1.795
1.918
1.5830000000000002
1.844
1.964
2.157
2.084
1.5590000000000002
1.67
1.496
2.172
1.382
1.499
1.639
2.01
1.749
2.004
1.471
1.717
1.744
2.092
1.926
2.017
1.937
1.967
1.942
1.676
1.777
1.656
1.806
1.958
1.803
1.4580000000000002
1.4169999999999998
1.939
2.019
2.114
1.578
2.014
1.707
1.95
1.962
