3.1710000000000003
2.946
2.995
2.799
3.152
3.414
2.901
1.863
3.011
3.204
2.859
2.935
3.016
3.029
3.266
3.028
3.051
3.134
3.111
3.003
2.881
2.8280000000000003
3.032
2.9130000000000003
2.9810000000000003
3.213
2.915
2.991
3.264
3.143
2.968
3.075
2.886
2.87
2.852
2.979
2.978
2.965
3.204
2.968
2.929
2.995
2.8110000000000004
3.254
3.4530000000000003
3.241
3.1010000000000004
3.345
3.216
3.2310000000000003
3.193
3.092
3.265
3.235
3.105
2.997
3.164
2.841
2.911
3.235
3.127
3.341
3.0780000000000003
3.415
3.543
2.765
3.012
3.2260000000000004
3.398
3.055
2.817
2.764
3.179
2.967
3.235
2.857
3.08
3.017
3.0780000000000003
3.103
3.002
3.089
2.749
3.353
2.748
2.6460000000000004
3.221
2.864
2.917
2.995
3.147
3.224
2.86
3.199
3.1710000000000003
3.142
2.938
3.249
2.862
3.17
3.14
3.254
3.344
2.821
3.054
3.224
2.968
3.039
2.901
3.188
2.975
3.511
2.93
3.119
3.261
2.968
2.674
3.063
2.901
3.35
3.172
2.9210000000000003
2.859
3.0610000000000004
2.737
3.426
3.053
2.872
3.0660000000000003
3.312
3.051
3.11
3.394
3.109
2.982
3.037
3.096
3.049
2.6630000000000003
2.905
3.35
3.03
3.167
2.85
2.984
2.895
3.259
3.144
3.012
3.0380000000000003
3.055
3.152
2.948
3.115
3.185
3.199
3.188
2.975
2.975
3.093
3.2710000000000004
3.207
3.179
2.742
3.0980000000000003
2.943
2.68
3.056
3.282
2.912
3.123
3.018
3.16
3.21
3.057
3.0980000000000003
3.095
2.797
3.143
2.6910000000000003
2.891
3.189
3.333
3.083
3.138
2.85
3.262
3.156
3.003
3.005
2.845
2.975
2.988
3.237
2.954
3.2030000000000003
2.952
3.013
2.994
2.733
3.104
3.047
3.131
3.208
3.185
3.043
3.007
3.222
2.986
3.352
3.175
3.375
2.724
3.31
2.96
2.925
3.059
3.087
3.215
2.631
3.04
2.9610000000000003
3.249
3.111
2.988
3.003
3.189
3.229
2.642
3.472
3.337
3.0410000000000004
3.036
3.281
2.857
3.214
2.978
3.152
3.01
3.05
3.009
2.545
3.005
3.33
2.995
3.016
2.7460000000000004
3.122
2.934
3.114
2.9610000000000003
3.29
3.165
3.115
2.81
3.0
3.198
3.01
3.137
2.9610000000000003
3.0010000000000003
3.13
3.217
3.172
3.214
3.28
3.239
3.112
3.2230000000000003
3.152
2.881
3.228
3.4610000000000003
3.306
3.213
2.708
3.1860000000000004
3.037
3.113
3.358
3.283
2.919
2.959
3.325
3.161
3.047
2.943
2.86
3.155
2.7510000000000003
2.943
3.108
2.928
3.273
3.124
3.12
3.408
3.419
3.151
2.986
3.201
2.9930000000000003
2.721
3.015
2.87
3.34
3.314
3.221
3.04
2.833
3.0660000000000003
2.86
3.06
2.9
3.147
3.044
3.162
3.031
2.804
3.22
2.932
3.259
3.167
2.919
3.195
3.3080000000000003
3.199
2.795
3.298
3.073
2.8710000000000004
2.857
2.95
3.564
2.86
2.7030000000000003
2.959
3.0610000000000004
2.957
3.214
3.03
2.9360000000000004
2.531
3.235
3.248
3.094
3.077
2.776
2.595
3.184
3.1910000000000003
2.8510000000000004
3.099
3.284
2.792
3.159
3.21
3.1010000000000004
2.861
3.155
2.827
3.045
2.947
2.907
2.8710000000000004
3.346
2.5810000000000004
2.98
2.667
3.22
2.888
3.069
3.079
3.115
3.014
3.092
2.928
3.0460000000000003
3.027
3.407
3.152
3.221
3.245
3.109
3.282
3.143
3.235
2.84
2.8
3.149
3.276
2.874
3.143
3.0410000000000004
2.988
2.904
3.141
3.155
2.972
2.7310000000000003
3.102
2.852
3.022
2.802
3.237
2.9
2.9930000000000003
3.399
2.773
3.014
3.14
3.05
3.027
3.195
3.036
3.108
3.3080000000000003
3.05
2.926
2.68
3.022
2.962
2.855
3.339
3.075
2.879
2.892
3.152
3.355
2.774
3.055
3.141
3.236
2.732
3.2510000000000003
3.018
2.8760000000000003
2.968
3.394
3.109
3.123
3.0980000000000003
3.278
2.97
2.863
3.105
2.964
3.124
3.267
2.9560000000000004
2.893
2.7910000000000004
2.71
2.764
2.903
3.0860000000000003
2.9810000000000003
3.208
2.88
2.612
3.259
3.245
