3.051
2.151
2.67
2.451
2.777
2.721
2.508
2.046
2.857
2.563
2.411
1.987
1.453
2.5610000000000004
2.69
2.737
2.813
2.7910000000000004
2.84
2.572
2.5540000000000003
2.25
2.418
2.59
2.576
2.2430000000000003
2.267
2.53
2.553
2.713
2.65
2.803
2.418
2.456
2.495
2.572
2.637
2.299
2.351
2.576
2.6630000000000003
1.89
2.303
2.692
2.718
2.628
2.533
2.332
2.869
2.71
2.5610000000000004
2.463
2.661
2.7030000000000003
2.503
2.7030000000000003
2.657
2.862
2.55
2.7710000000000004
2.7260000000000004
2.882
2.852
2.653
2.895
2.537
2.415
2.37
2.758
2.346
2.567
2.71
2.825
2.721
2.639
2.787
2.713
2.674
2.402
2.432
2.411
2.739
2.745
2.595
2.397
2.399
2.472
2.411
2.5340000000000003
2.483
2.702
3.006
2.551
2.148
2.386
2.414
2.432
2.347
2.636
2.986
2.687
2.551
2.874
2.472
2.293
2.741
2.408
2.967
2.474
2.825
2.527
2.766
2.461
2.352
1.7619999999999998
2.438
2.838
2.234
2.322
2.722
3.159
2.866
2.474
3.292
2.594
2.415
2.498
2.202
2.559
2.506
2.505
2.498
2.7
2.688
2.665
2.604
2.617
2.608
2.281
2.616
2.767
2.866
2.5610000000000004
2.422
2.057
2.167
2.379
2.565
2.841
1.509
2.519
2.717
2.588
2.555
2.324
2.364
2.61
2.451
2.441
2.218
2.524
2.399
2.461
2.515
2.381
2.57
2.444
2.704
2.785
2.351
2.47
2.478
2.547
2.582
2.339
2.752
2.69
2.521
2.7
2.872
2.169
2.281
2.347
2.8510000000000004
2.472
2.747
2.881
2.783
2.44
2.614
2.363
2.608
2.293
2.236
2.525
2.619
2.5610000000000004
2.737
2.65
2.517
2.569
2.925
2.7430000000000003
2.476
2.954
2.366
2.491
2.741
2.638
2.644
2.627
2.9210000000000003
2.6060000000000003
2.347
2.7230000000000003
2.486
2.785
2.616
2.463
2.74
2.437
2.71
2.417
2.441
2.809
2.567
2.6860000000000004
2.442
2.704
2.932
2.747
2.563
2.439
2.628
2.463
2.531
2.658
2.62
2.55
2.389
2.375
2.416
2.469
2.569
2.4530000000000003
2.424
2.6180000000000003
1.715
2.5
2.461
2.595
3.037
2.792
3.048
2.644
2.9130000000000003
2.505
2.421
2.474
2.804
2.544
2.674
2.563
2.372
2.505
2.311
3.018
2.447
2.62
2.6910000000000003
2.484
2.866
3.198
2.612
2.8560000000000003
2.825
2.749
2.4330000000000003
2.588
2.69
2.459
2.2230000000000003
2.495
2.742
2.614
2.458
3.013
2.424
2.752
2.5540000000000003
2.379
2.526
2.649
2.588
2.5610000000000004
2.862
2.794
2.545
2.299
2.437
2.865
2.891
2.24
2.582
2.444
2.268
2.648
2.665
2.582
2.394
2.5660000000000003
2.298
2.629
2.648
2.6910000000000003
2.625
2.287
2.589
2.1
2.491
2.5780000000000003
2.861
2.632
2.105
2.226
2.52
2.509
2.4330000000000003
2.5660000000000003
2.551
2.525
2.585
2.647
2.673
2.8
2.546
2.412
2.212
2.383
2.987
2.766
2.526
2.515
2.492
2.384
2.331
2.052
2.875
2.399
2.568
2.355
2.411
2.8480000000000003
3.032
2.49
2.692
2.482
2.57
2.615
2.643
2.407
2.518
2.378
2.338
2.323
2.6460000000000004
2.241
2.4730000000000003
2.268
2.652
2.692
2.356
2.602
2.793
2.551
2.324
2.734
2.46
2.447
2.8960000000000004
2.661
2.472
2.78
2.6660000000000004
2.5540000000000003
2.427
2.736
2.204
2.694
2.425
2.416
2.52
2.735
2.494
2.362
2.438
2.309
2.3280000000000003
2.63
2.7460000000000004
2.389
2.187
2.617
2.444
2.439
2.34
1.942
2.874
2.436
2.889
2.497
2.699
2.783
2.729
2.57
2.313
2.225
2.648
2.544
2.391
2.51
2.674
2.594
2.589
2.463
2.414
2.366
2.457
3.092
2.412
2.619
2.567
2.5
2.143
2.487
2.99
2.446
2.475
2.64
2.635
2.215
2.518
2.356
2.619
2.386
2.346
2.546
3.025
2.654
2.659
2.509
2.481
2.4290000000000003
2.2430000000000003
2.3080000000000003
2.53
2.3080000000000003
2.778
2.466
2.186
2.617
2.401
