2.59675
2.4418900000000003
2.5929
2.45439
2.81921
2.72581
2.54461
1.87773
2.52538
2.56507
2.58982
2.4529400000000003
2.53159
2.76959
2.74
2.72223
2.40833
2.69785
2.5780000000000003
2.35303
2.53338
2.2763400000000003
2.4845900000000003
2.51532
2.61341
2.73247
2.58655
2.61124
2.6471400000000003
2.69531
2.53614
2.59262
2.54869
2.35881
2.50979
2.68746
2.40527
2.5405
2.66683
2.57849
2.58867
2.57177
2.4345
2.69651
2.8214200000000003
2.63608
2.75025
2.7609
2.61251
2.50677
2.63839
2.6845
2.60652
2.74368
2.40424
2.74559
2.5969
2.45085
2.63625
2.70684
2.72791
2.74676
2.56598
2.55809
2.76392
2.44971
2.70432
2.65453
2.8647
2.43793
2.33443
2.43848
2.7965
2.46831
2.66779
2.51173
2.66523
2.55331
2.6973
2.66742
2.77237
2.71672
2.39335
2.78153
2.56168
2.51629
2.45968
2.40172
2.56517
2.50912
2.79241
2.78988
2.48617
2.67404
2.65366
2.7356
2.39615
2.55512
2.53459
2.75497
2.57934
2.6116900000000003
2.57976
2.44785
2.5747400000000003
2.63806
2.56935
2.6751
2.51324
2.78027
2.71924
2.70543
2.66142
2.55134
2.57449
2.44082
2.63273
2.61815
2.5099
2.54909
2.72737
2.45276
2.4824900000000003
2.53116
2.55294
2.61651
2.59148
2.62412
2.45276
2.64384
2.5206
2.58147
2.57353
2.60589
2.60439
2.56815
2.66456
2.39925
2.58964
2.53297
2.64185
2.46164
2.57205
2.51366
2.73916
2.46982
2.69824
2.51633
2.5346
2.488
2.6391
2.57154
2.50139
2.67401
2.29762
2.57887
2.7234
2.43453
2.68603
2.59613
2.66838
2.65947
2.59495
2.87626
2.63937
2.75785
2.37025
2.69501
2.50266
2.53269
2.63332
2.6163
2.62954
2.6606400000000003
2.62818
2.5594900000000003
2.5865
2.63308
2.62107
2.53551
2.46707
2.61767
2.58543
2.51822
2.62283
2.49061
2.46952
2.56855
2.64081
2.67739
2.45145
2.38285
2.52049
2.57678
2.65646
2.62622
2.66384
2.51196
2.3597900000000003
2.42308
2.63818
2.68503
2.57202
2.73457
2.58209
2.56585
2.65924
2.62586
2.49797
2.55318
2.76019
2.75812
2.4471700000000003
2.54516
2.5556400000000004
2.49804
2.68799
2.63984
2.4601900000000003
2.49242
2.52078
2.5685
2.77197
2.74095
2.6688400000000003
2.49738
2.45635
2.6955
2.66024
2.56608
2.58164
2.76939
2.6224
2.78413
2.51549
2.63326
2.63453
2.42878
2.64352
2.48018
2.6284400000000003
2.50696
2.54576
2.74855
2.5683700000000003
2.6518900000000003
2.38907
2.62932
2.61941
2.80874
2.59686
2.84905
2.54841
2.69562
2.46935
2.6943900000000003
2.58316
2.58676
2.63725
2.57058
2.50831
2.67192
2.43857
2.55249
2.69601
2.6425400000000003
2.64705
2.5937
2.70901
2.76202
2.76825
2.57128
2.8977
2.68856
2.84298
2.46285
2.53344
2.59578
2.37427
2.63237
2.74313
2.6024
2.5811900000000003
2.65376
2.44745
2.44998
2.5501400000000003
2.5451200000000003
2.86585
2.33715
2.58375
2.66724
2.54251
2.65987
2.53898
2.51253
2.77511
2.53657
2.56538
2.67591
2.72326
2.61848
2.39028
2.32916
2.71675
2.65472
2.54125
2.6086400000000003
2.54996
2.43634
2.53763
2.60086
2.67221
2.50607
2.7327
2.73963
2.6387400000000003
2.66583
2.58949
2.77967
2.60689
2.51923
2.69386
2.37827
2.35345
2.79484
2.78923
2.49623
2.45489
2.41451
2.24397
2.47196
2.52745
2.8919200000000003
2.48169
2.44245
2.63579
2.46657
2.64642
2.64441
2.59534
2.58774
2.10713
2.67901
2.56766
2.5362
2.36574
2.78727
2.50346
2.52535
2.5057400000000003
2.4647
2.70481
2.55836
2.4671
2.62891
2.60125
2.6124
2.4822
2.78464
2.37578
2.49041
2.40967
2.541
2.57155
2.70043
2.35666
2.54911
2.38394
2.70739
2.58047
2.64007
2.74684
2.72102
2.66382
2.40329
2.62241
2.60624
2.61621
2.59113
2.77658
2.45968
2.61643
2.69366
2.8384
2.71763
2.70311
2.48651
2.57458
2.54071
2.6857
2.54225
2.51355
2.64936
2.63656
2.46498
2.62822
2.48332
2.59029
2.39513
2.40855
2.4996
2.56314
2.60659
2.6477
2.54255
2.5523
2.87304
2.37868
2.7378
2.57579
2.59313
2.54165
2.74953
2.68907
2.62951
2.86897
2.5874200000000003
2.58473
2.48188
2.55612
2.5051400000000004
2.3976900000000003
2.60984
2.59413
2.64961
2.63301
2.57824
2.64993
2.46285
2.6737
2.38279
2.51267
2.24402
2.69237
2.54934
2.66467
2.53667
2.82879
2.6257
2.59725
2.68655
2.6658
2.52755
2.66023
2.4992
2.47758
2.65782
2.65088
2.62711
2.6205
2.64072
2.32765
2.34853
2.5855
2.55806
2.60164
2.59187
2.80479
2.43549
2.60701
2.66421
