2.596
2.511
2.761
2.491
2.952
2.855
2.492
1.703
2.516
2.5610000000000004
2.595
2.419
2.656
2.773
2.858
2.752
2.478
2.634
2.628
2.319
2.773
2.314
2.449
2.527
2.7710000000000004
2.749
2.649
2.797
2.738
2.806
2.604
2.665
2.736
2.225
2.609
2.891
2.211
2.6460000000000004
2.684
2.633
2.778
2.866
2.617
2.6460000000000004
2.974
2.741
2.736
2.7710000000000004
2.8
2.562
2.728
2.872
2.759
2.827
2.301
2.825
2.741
2.918
2.6710000000000003
2.855
2.7710000000000004
2.8
2.659
2.502
2.832
2.616
2.9160000000000004
2.818
2.778
2.489
2.31
2.295
2.859
2.565
2.787
2.501
2.775
2.555
2.849
2.685
3.0610000000000004
2.885
2.461
2.843
2.734
2.571
2.437
2.602
2.592
2.459
2.951
2.8160000000000003
2.525
2.912
2.687
3.013
2.447
2.353
2.602
2.765
2.65
2.661
2.624
2.391
2.695
2.732
2.676
2.846
2.592
2.874
2.728
2.623
2.797
2.532
2.665
2.609
2.865
2.6710000000000003
2.67
2.642
2.8110000000000004
2.5580000000000003
2.4530000000000003
2.648
2.512
2.79
2.7710000000000004
2.765
2.6010000000000004
2.8080000000000003
2.58
2.762
2.7230000000000003
2.612
2.72
2.573
2.794
2.347
2.647
2.61
2.822
2.341
2.737
2.7030000000000003
2.877
2.371
2.9960000000000004
2.484
2.52
2.535
2.854
2.546
2.477
2.629
2.192
2.525
2.9530000000000003
2.385
2.837
2.735
2.761
2.802
2.633
2.922
2.9
2.927
2.318
2.964
2.523
2.513
2.692
2.674
2.8710000000000004
2.762
2.568
2.46
2.653
2.71
2.7230000000000003
2.577
2.372
2.809
2.679
2.57
2.76
2.625
2.6180000000000003
2.62
2.7430000000000003
2.845
2.572
2.385
2.591
2.756
2.809
2.664
2.819
2.716
2.175
2.323
2.886
2.834
2.747
2.877
2.624
2.483
2.886
2.841
2.496
2.412
2.797
2.862
2.594
2.477
2.712
2.637
2.832
2.8280000000000003
2.401
2.627
2.555
2.641
2.872
2.955
2.604
2.7310000000000003
2.377
2.894
2.728
2.651
2.701
2.932
2.768
2.785
2.716
2.845
2.548
2.424
2.783
2.489
2.76
2.357
2.661
3.032
2.557
2.58
2.214
2.849
2.707
2.998
2.855
2.907
2.559
2.862
2.522
2.939
2.713
2.724
2.806
2.907
2.458
2.832
2.504
2.6910000000000003
2.902
2.7230000000000003
2.7
2.6860000000000004
2.7960000000000003
2.859
2.732
2.539
2.971
2.893
3.07
2.524
2.543
2.634
2.184
2.5540000000000003
2.91
2.687
2.8480000000000003
2.781
2.474
2.498
2.526
2.5540000000000003
2.9760000000000004
2.2840000000000003
2.643
2.823
2.814
2.824
2.712
2.477
2.917
2.667
2.692
2.696
3.005
2.619
2.5780000000000003
2.357
2.753
2.678
2.71
2.732
2.617
2.7230000000000003
2.5860000000000003
2.639
2.68
2.523
2.782
2.954
2.669
2.81
2.968
2.8080000000000003
2.665
2.371
2.764
2.432
2.379
2.922
2.955
2.518
2.514
2.4930000000000003
2.2030000000000003
2.4290000000000003
2.631
3.033
2.211
2.467
2.694
2.562
2.6180000000000003
2.636
2.702
2.596
2.157
2.5540000000000003
2.685
2.866
2.2430000000000003
3.0210000000000004
2.53
2.616
2.532
2.687
2.769
2.799
2.599
2.715
2.782
2.6460000000000004
2.503
2.823
2.367
2.603
2.344
2.5540000000000003
2.594
2.759
2.251
2.602
2.4330000000000003
2.806
2.655
2.815
2.8280000000000003
2.948
2.7710000000000004
2.3040000000000003
2.958
2.7060000000000004
2.783
2.5780000000000003
2.88
2.437
2.675
2.785
2.948
2.775
2.785
2.576
2.58
2.6210000000000004
2.774
2.7460000000000004
2.734
2.59
2.827
2.478
2.659
2.498
2.719
2.279
2.299
2.5860000000000003
2.622
2.67
2.7910000000000004
2.738
2.592
2.9360000000000004
2.269
2.662
2.631
2.739
2.676
2.8160000000000003
2.777
2.6710000000000003
3.072
2.471
2.794
2.523
2.516
2.607
2.456
2.759
2.752
2.6910000000000003
2.759
2.5810000000000004
2.774
2.514
2.777
2.565
2.362
2.305
2.794
2.636
2.696
2.543
2.77
2.729
2.698
2.759
2.64
2.5340000000000003
2.759
2.639
2.463
2.5980000000000003
2.758
2.692
2.709
2.712
2.245
2.582
2.701
2.739
2.699
2.826
3.077
2.573
2.653
2.62
