3.057
2.678
2.954
2.9210000000000003
3.039
2.994
2.9160000000000004
2.266
2.911
3.032
2.919
2.9130000000000003
2.818
3.097
3.008
2.955
2.962
2.842
2.799
2.898
2.76
2.7110000000000003
2.955
2.627
3.23
3.049
2.892
2.948
3.087
3.1830000000000003
2.792
2.946
2.915
2.667
2.917
2.989
2.773
3.02
3.0780000000000003
3.144
2.912
2.91
2.775
2.971
3.294
3.115
3.124
3.1010000000000004
2.87
3.032
2.858
3.049
2.911
3.204
2.882
2.982
2.932
2.879
2.952
3.06
2.9
3.112
3.0980000000000003
3.009
3.247
2.715
3.024
2.903
2.9930000000000003
2.803
2.762
2.72
2.986
3.082
3.187
2.926
3.054
3.065
3.039
3.103
3.107
3.012
2.699
3.253
2.8480000000000003
2.704
3.047
2.7430000000000003
2.809
3.003
3.099
3.119
2.982
3.054
2.986
3.109
2.926
3.22
2.8
3.079
2.95
2.99
2.91
2.823
2.877
3.1860000000000004
2.902
3.0380000000000003
2.87
3.037
2.982
3.119
3.006
2.817
3.047
2.864
2.902
2.8110000000000004
2.95
3.004
2.874
2.725
2.812
3.122
2.822
3.026
2.789
2.873
2.769
3.0810000000000004
2.87
2.8360000000000003
3.044
2.959
3.031
2.847
3.005
3.02
2.96
2.929
3.2310000000000003
3.1660000000000004
2.72
2.6710000000000003
2.997
2.893
3.139
2.8360000000000003
3.143
2.735
3.0980000000000003
3.262
2.799
2.954
3.028
2.918
3.052
2.9160000000000004
2.966
2.8510000000000004
2.937
2.9730000000000003
3.292
3.105
2.867
3.197
2.63
3.082
3.0460000000000003
3.1060000000000003
2.915
2.982
3.0580000000000003
2.989
2.914
2.963
3.112
3.063
3.266
2.914
2.886
3.227
2.957
3.009
3.0010000000000003
2.678
2.865
3.091
3.011
3.013
2.76
2.784
2.992
3.196
3.04
2.886
2.869
2.911
2.818
2.881
3.0460000000000003
3.0210000000000004
3.091
3.013
2.949
3.059
3.018
3.059
2.784
2.967
3.201
3.071
2.777
2.975
2.838
2.758
3.018
3.033
2.866
2.814
3.039
2.8280000000000003
3.087
3.205
2.968
2.891
3.152
3.318
3.044
2.9810000000000003
3.147
2.994
2.958
3.188
2.73
2.9410000000000003
3.148
2.873
2.833
2.795
2.942
2.9610000000000003
2.817
3.1010000000000004
2.9410000000000003
2.988
2.8710000000000004
3.054
2.927
3.065
2.97
3.104
3.104
3.017
2.8960000000000004
3.177
3.011
2.829
3.102
2.984
2.787
3.015
3.027
2.984
3.188
3.016
3.254
2.969
3.003
3.075
3.261
2.997
3.361
3.219
3.286
2.7510000000000003
2.899
3.2030000000000003
2.9330000000000003
2.917
3.151
2.962
2.82
2.979
2.659
2.982
2.762
3.056
3.193
2.803
2.7460000000000004
3.022
2.734
3.064
3.083
2.874
3.112
3.114
2.846
2.988
3.019
3.02
2.805
2.873
2.982
3.094
2.786
3.18
3.084
2.838
2.8680000000000003
3.076
3.0660000000000003
2.785
3.088
3.0660000000000003
2.812
3.064
2.9210000000000003
3.188
2.9810000000000003
3.196
3.077
2.839
2.94
3.233
3.107
2.864
2.846
2.867
2.814
2.922
2.8360000000000003
3.346
2.922
2.894
2.907
2.793
2.969
3.088
3.027
2.87
2.451
3.136
2.918
2.779
2.982
3.19
2.864
2.901
3.0
2.783
2.987
2.98
2.739
3.03
3.026
2.866
2.8310000000000004
3.304
2.7510000000000003
2.824
2.9130000000000003
2.873
2.918
3.168
2.806
2.855
2.6710000000000003
2.998
2.945
2.843
3.105
3.1460000000000004
2.999
2.766
2.962
2.878
3.144
3.268
3.027
3.047
3.087
3.1910000000000003
3.185
3.017
3.032
2.863
2.801
2.8960000000000004
3.132
2.844
3.089
2.992
2.95
3.048
3.07
2.776
2.864
2.894
2.922
2.857
2.906
2.925
3.035
2.959
2.967
3.177
2.825
3.259
2.884
2.967
2.87
3.009
3.085
3.056
3.3
3.022
2.95
2.86
2.8760000000000003
2.9130000000000003
3.062
3.056
2.938
2.912
2.914
3.172
3.107
2.809
2.889
2.803
2.8680000000000003
2.742
2.9960000000000004
2.879
3.029
2.834
3.227
3.097
2.975
3.227
2.988
2.787
2.857
2.911
2.8110000000000004
3.177
3.119
2.962
2.977
2.864
2.805
2.909
2.884
2.8680000000000003
2.987
2.904
3.181
2.776
3.074
3.075
