2.861
2.439
2.572
2.763
2.994
2.7
2.805
2.676
2.757
2.562
2.504
2.661
2.5660000000000003
3.014
2.68
2.76
2.905
2.7910000000000004
2.875
2.822
2.919
2.847
2.735
2.8560000000000003
2.8510000000000004
2.725
2.76
3.015
3.044
3.014
2.594
2.63
2.822
2.652
2.865
2.782
2.835
2.33
2.76
2.826
2.801
2.756
2.661
2.739
3.149
3.189
2.903
2.817
2.957
2.664
2.799
2.9560000000000004
2.889
2.755
2.614
2.705
2.497
2.7710000000000004
2.92
2.48
2.478
2.784
2.775
2.997
2.835
2.572
2.555
2.76
2.899
3.016
2.863
2.658
2.7910000000000004
3.17
2.826
3.174
2.935
2.895
3.055
3.045
2.514
2.754
3.084
2.903
3.0980000000000003
2.8080000000000003
2.624
2.749
2.863
2.712
2.736
2.765
2.965
2.507
2.739
2.964
3.1
2.619
2.705
2.634
3.1660000000000004
3.175
2.969
2.753
2.725
2.11
2.735
2.7110000000000003
2.6660000000000004
2.734
2.685
2.826
2.698
2.989
2.39
2.738
2.9130000000000003
2.685
2.437
2.901
2.783
2.874
3.5010000000000003
2.533
2.884
2.911
2.847
2.79
2.8080000000000003
2.85
2.733
3.095
3.022
2.652
2.773
2.873
2.983
2.418
2.855
3.24
2.907
2.858
2.589
2.574
2.638
2.638
2.745
2.901
2.888
3.24
2.824
2.596
2.738
2.798
2.7910000000000004
2.846
2.802
2.887
2.849
2.595
3.054
2.795
2.631
2.405
2.51
2.905
2.822
3.253
3.042
2.857
2.564
2.5780000000000003
2.9960000000000004
2.794
2.6460000000000004
2.745
2.714
2.756
2.8280000000000003
2.527
2.895
3.22
2.7430000000000003
2.857
2.764
2.815
2.717
2.879
2.802
2.914
2.968
2.901
3.305
2.7
2.476
2.753
2.8
3.04
2.468
2.689
2.937
3.21
2.656
2.58
2.8310000000000004
2.658
2.84
2.702
2.617
3.011
2.891
2.879
2.867
2.898
3.094
2.867
2.833
2.784
2.777
2.758
2.615
2.63
2.886
3.014
2.643
3.005
2.7710000000000004
2.8160000000000003
2.974
2.724
2.777
2.882
2.482
2.869
2.658
2.483
2.88
3.01
2.855
2.9530000000000003
2.835
2.739
2.4930000000000003
2.813
2.557
2.958
2.729
2.506
2.977
2.727
2.891
2.915
3.072
2.568
2.7960000000000003
3.067
2.803
2.685
2.801
2.885
2.681
2.614
2.564
2.57
2.574
2.69
2.825
2.801
2.9330000000000003
2.361
2.897
2.812
2.568
2.898
2.908
2.903
3.1180000000000003
2.707
2.665
2.595
2.947
2.906
2.707
2.789
2.875
2.754
2.793
2.6710000000000003
2.518
2.762
2.769
2.613
2.592
2.942
2.813
2.593
2.645
2.54
3.013
2.559
2.784
2.776
2.897
3.002
2.847
2.8480000000000003
2.907
2.732
2.627
2.5580000000000003
2.619
2.91
2.737
2.878
2.697
2.524
2.729
2.866
2.7710000000000004
2.637
2.814
3.13
3.007
2.738
2.753
2.928
2.943
2.8760000000000003
3.0980000000000003
2.75
2.9530000000000003
2.647
2.688
2.744
2.829
2.925
3.1710000000000003
2.715
2.64
2.676
3.157
2.668
2.608
2.8710000000000004
2.822
2.825
2.8110000000000004
3.031
2.592
2.521
2.776
2.926
2.805
2.727
2.63
3.114
3.048
2.729
2.8080000000000003
2.945
2.6460000000000004
2.773
2.491
3.097
2.733
2.5780000000000003
2.668
2.905
2.854
2.74
2.759
3.026
2.619
2.625
3.016
2.597
2.772
2.5580000000000003
2.702
2.768
2.859
2.927
2.79
2.698
2.9960000000000004
2.799
2.521
2.531
2.8360000000000003
2.9330000000000003
2.754
2.799
3.174
2.752
2.97
3.124
2.835
2.945
2.935
2.548
2.923
3.023
2.647
2.8
2.676
2.781
3.093
2.803
2.787
2.767
2.935
2.565
3.007
2.7
2.881
3.116
2.774
3.0
2.9730000000000003
3.042
3.003
3.278
3.043
2.61
2.7060000000000004
2.733
2.779
3.0780000000000003
2.846
2.919
3.01
2.54
2.697
2.8480000000000003
2.787
3.0
3.028
3.4
2.887
2.592
2.945
2.8110000000000004
2.92
2.867
2.866
2.813
2.765
2.669
2.482
2.757
2.632
2.885
2.594
2.365
3.005
3.051
2.576
2.937
2.88
2.963
2.832
3.03
2.937
2.84
2.718
3.02
3.309
3.233
2.9760000000000004
3.054
3.002
2.814
2.929
2.959
2.977
2.658
2.818
2.823
2.716
2.804
2.906
2.958
2.924
2.901
2.919
2.8110000000000004
2.964
2.935
2.9530000000000003
2.781
2.782
2.588
2.7230000000000003
2.864
2.65
3.2310000000000003
2.658
2.939
2.8710000000000004
2.764
3.283
2.853
2.725
2.774
2.782
2.952
2.965
3.141
2.785
2.729
2.9410000000000003
2.559
2.781
2.487
2.8080000000000003
2.48
2.817
2.945
2.752
2.76
2.655
2.889
2.965
2.614
2.972
2.806
2.929
2.619
2.672
2.507
2.381
2.8710000000000004
2.818
2.762
2.75
2.537
2.885
2.57
2.778
3.056
2.768
2.631
2.511
2.79
2.964
2.8280000000000003
2.7060000000000004
2.627
2.957
2.725
2.669
2.878
2.61
2.919
2.728
2.611
2.514
2.6910000000000003
2.669
2.756
2.989
2.752
2.8110000000000004
2.774
2.682
2.835
2.525
2.79
3.3760000000000003
2.667
2.7960000000000003
2.635
2.526
2.946
2.611
2.86
2.635
2.866
2.54
2.56
2.859
2.954
2.8160000000000003
2.694
2.685
2.59
2.923
2.939
2.782
2.677
2.925
2.786
2.673
2.395
2.657
2.572
2.7510000000000003
2.969
2.937
2.396
3.1260000000000003
2.84
2.752
2.872
2.713
2.724
2.755
2.613
2.396
2.815
2.655
2.741
2.9160000000000004
2.709
2.511
2.891
2.7260000000000004
2.7030000000000003
2.932
2.605
2.939
3.188
2.929
3.17
2.567
2.719
2.549
2.845
2.701
2.738
2.732
2.8760000000000003
2.845
2.992
2.614
2.562
2.523
2.759
3.089
2.849
2.853
2.881
2.794
3.076
2.8510000000000004
2.845
2.8360000000000003
2.924
3.056
2.825
2.93
2.786
2.79
3.032
2.692
2.5980000000000003
2.707
2.884
2.747
2.812
2.781
3.065
2.532
2.807
2.708
2.526
2.696
2.86
3.12
2.81
2.556
2.74
2.803
2.783
2.769
2.607
2.8960000000000004
2.772
2.741
2.636
2.81
2.762
2.832
2.636
2.632
2.982
3.05
2.628
2.481
2.573
2.636
2.562
2.471
2.7230000000000003
2.734
2.589
2.544
3.053
2.907
2.891
2.729
2.9410000000000003
2.739
2.7460000000000004
2.94
2.494
3.096
2.443
2.724
2.938
2.824
2.689
2.469
2.912
2.637
2.605
2.797
2.945
2.61
2.757
3.545
2.7460000000000004
2.906
2.908
2.905
2.7230000000000003
2.596
2.701
2.841
2.5610000000000004
2.798
2.919
2.7460000000000004
2.7
2.866
2.604
2.594
2.898
2.445
2.451
2.633
2.7260000000000004
2.823
2.858
2.757
2.8960000000000004
3.38
3.008
2.749
2.67
2.642
2.697
2.833
2.905
2.905
3.003
2.812
3.179
2.7430000000000003
3.164
3.084
2.641
2.8360000000000003
2.93
2.14
2.56
3.0780000000000003
2.5580000000000003
2.62
2.63
2.635
3.0010000000000003
2.766
2.88
2.737
2.764
2.8110000000000004
2.657
2.9930000000000003
2.687
2.577
3.026
2.797
2.687
2.7230000000000003
3.002
2.87
2.645
2.709
2.777
2.775
3.079
2.787
2.458
2.5810000000000004
2.937
2.648
3.117
2.761
3.224
2.798
2.8560000000000003
2.725
2.951
2.7230000000000003
2.812
2.495
2.767
2.806
2.874
2.6460000000000004
2.926
2.515
2.8680000000000003
2.709
2.631
2.8960000000000004
2.775
2.787
2.869
2.7230000000000003
2.934
2.8760000000000003
2.6010000000000004
2.772
2.7430000000000003
2.7710000000000004
2.842
2.532
2.655
2.6860000000000004
2.514
3.012
2.777
2.729
2.844
2.804
2.9360000000000004
2.499
2.83
2.846
3.0
3.065
2.881
2.804
2.74
2.701
2.804
2.818
2.489
2.747
2.773
3.067
2.607
2.526
3.035
2.617
2.824
2.798
2.894
3.133
2.832
2.513
2.985
3.082
2.722
2.661
2.7880000000000003
3.0
2.842
2.739
2.5980000000000003
2.967
2.7230000000000003
2.945
2.885
3.165
2.806
2.943
2.914
2.215
2.802
2.85
2.889
2.8
2.38
3.034
2.681
2.545
2.6630000000000003
3.173
2.902
2.729
2.923
3.165
2.882
2.5340000000000003
2.923
2.937
2.789
2.688
2.8480000000000003
2.7460000000000004
3.36
2.908
2.694
2.934
2.839
2.8110000000000004
2.699
3.016
2.633
2.645
3.102
2.886
2.7310000000000003
2.889
2.718
2.699
2.841
2.7910000000000004
3.266
2.556
2.604
2.6830000000000003
2.637
2.826
2.835
2.798
2.754
2.72
2.7
2.782
2.862
3.048
2.59
2.82
2.651
2.8310000000000004
3.128
2.91
3.274
2.55
2.657
2.758
2.894
3.1
2.749
2.699
2.968
2.8080000000000003
2.583
2.76
2.792
2.8960000000000004
2.669
2.745
2.8560000000000003
2.563
2.622
2.681
2.939
3.116
2.838
2.821
2.577
2.623
2.7
2.863
2.71
2.583
2.6260000000000003
2.762
2.846
3.03
2.835
3.168
2.759
3.1630000000000003
2.635
2.84
2.86
2.799
2.643
2.595
2.8510000000000004
2.704
2.907
2.6010000000000004
2.529
2.741
2.737
2.935
2.68
2.939
2.886
2.7310000000000003
2.679
3.247
2.611
3.0
2.815
2.568
2.86
2.582
2.624
3.003
2.769
2.9160000000000004
2.599
2.529
2.7310000000000003
2.685
2.644
2.883
2.807
2.738
2.768
2.754
2.767
2.749
2.573
3.184
2.922
2.639
2.787
2.908
2.8160000000000003
2.9930000000000003
2.959
2.908
2.781
2.688
3.0210000000000004
2.909
2.662
2.501
2.6630000000000003
2.939
3.044
2.609
2.918
2.715
2.975
2.574
2.756
3.035
2.8710000000000004
3.133
3.233
2.784
2.8710000000000004
3.21
2.806
2.927
2.748
2.659
2.639
2.576
2.77
2.684
2.805
2.951
2.94
2.758
2.832
2.613
2.899
2.556
2.787
2.843
2.483
2.864
3.029
2.9
3.149
2.9410000000000003
2.728
2.82
2.733
2.84
2.946
2.786
2.768
2.917
2.655
2.8
3.276
2.8760000000000003
2.766
2.426
2.7060000000000004
2.814
3.016
2.802
2.664
2.753
2.849
2.926
2.73
2.806
2.591
2.57
2.81
3.258
2.738
2.881
2.64
3.012
2.738
2.712
2.886
2.616
2.672
2.8310000000000004
3.138
2.664
2.862
2.67
2.73
3.124
2.714
2.952
3.24
3.048
2.826
2.664
2.755
2.716
2.773
2.774
2.7960000000000003
2.735
2.838
2.765
2.744
2.667
2.7710000000000004
2.813
2.997
2.96
2.832
2.949
2.657
2.649
2.6860000000000004
3.076
3.2960000000000003
2.837
3.143
3.0010000000000003
3.088
2.806
2.77
2.611
2.551
3.1
2.611
2.552
3.175
2.53
2.91
2.8080000000000003
2.655
2.642
2.804
2.673
2.939
2.733
2.652
2.9160000000000004
2.8110000000000004
2.673
2.845
2.829
2.71
2.665
2.776
2.782
3.011
2.565
2.906
3.143
2.728
2.7
2.803
2.72
2.823
2.905
2.934
2.902
2.95
2.989
2.8710000000000004
2.6260000000000003
2.7230000000000003
2.603
2.708
2.78
2.79
2.822
2.957
2.625
2.687
2.989
2.715
2.977
2.798
2.815
2.8310000000000004
2.757
2.701
2.385
2.693
3.053
2.622
2.8080000000000003
3.063
3.008
3.049
2.777
2.677
2.582
2.541
2.999
2.87
2.7260000000000004
2.882
2.603
2.728
2.92
2.717
2.528
3.34
2.789
2.769
2.513
2.77
2.688
2.705
2.8080000000000003
2.697
2.585
2.833
2.899
2.722
2.7880000000000003
2.991
2.66
2.552
2.574
2.992
2.754
2.802
2.778
1.999
3.0980000000000003
2.8
2.883
2.885
2.754
2.9210000000000003
2.893
2.768
2.361
2.741
2.917
2.86
2.883
3.44
2.49
2.611
2.943
3.049
2.852
2.682
2.479
2.5780000000000003
3.017
2.745
2.827
2.709
2.764
2.85
2.968
2.919
3.069
2.728
2.9730000000000003
2.464
2.73
2.6910000000000003
2.903
2.585
2.655
3.087
2.963
3.044
3.103
2.825
2.673
2.8680000000000003
2.471
2.898
2.6830000000000003
2.589
3.185
2.659
2.838
2.982
2.785
2.764
2.64
2.777
2.999
2.98
2.903
2.9360000000000004
2.91
2.786
2.794
2.7110000000000003
2.609
2.707
2.847
2.7
2.8110000000000004
2.477
3.065
2.5980000000000003
2.747
3.095
2.627
3.347
3.1180000000000003
2.784
2.952
2.982
2.61
2.85
2.688
2.727
2.982
2.68
3.173
2.702
2.91
3.185
3.12
3.059
2.929
2.79
2.713
3.005
2.84
2.892
2.758
2.6180000000000003
2.9760000000000004
2.8480000000000003
2.783
2.6260000000000003
2.8960000000000004
2.704
3.073
2.8480000000000003
2.715
2.155
3.062
2.765
2.6710000000000003
2.764
2.756
2.8960000000000004
2.6460000000000004
2.5380000000000003
2.907
2.7960000000000003
2.602
2.8080000000000003
2.774
2.905
2.594
3.269
2.865
2.7960000000000003
2.985
2.859
2.964
2.829
2.5980000000000003
2.707
2.705
2.457
2.73
2.679
3.164
2.792
3.177
2.556
2.787
2.9610000000000003
2.7230000000000003
2.842
2.7910000000000004
2.614
2.814
2.7110000000000003
2.844
2.461
2.945
2.804
3.045
2.567
2.755
3.16
2.985
2.909
2.624
2.681
2.974
2.764
2.772
2.75
2.879
2.772
2.75
2.747
2.905
3.617
2.929
2.6660000000000004
2.324
2.83
2.779
2.727
2.67
2.821
2.637
2.474
2.905
2.7430000000000003
2.6830000000000003
3.196
2.584
2.513
2.551
2.885
2.938
3.032
2.733
2.879
2.506
3.028
2.7710000000000004
2.8710000000000004
2.435
3.264
2.7710000000000004
3.04
2.684
2.932
3.089
3.5780000000000003
2.827
3.015
2.704
2.468
2.776
2.698
2.78
2.764
2.5810000000000004
2.906
3.135
2.891
2.95
2.615
2.7260000000000004
3.097
2.927
2.807
2.963
2.414
2.619
2.634
2.625
2.926
2.854
2.801
2.97
2.904
2.69
2.988
2.629
2.459
3.009
2.873
2.9530000000000003
2.983
2.91
3.142
2.927
2.824
2.773
2.547
2.861
3.071
2.604
2.87
2.529
2.638
2.865
2.7
2.794
2.6180000000000003
3.124
2.841
2.6710000000000003
2.661
2.59
2.785
2.595
2.9
2.733
2.8
2.553
2.306
2.924
3.054
2.657
2.685
2.764
2.994
2.705
2.637
2.6910000000000003
2.888
2.763
2.603
2.5
2.778
3.01
3.181
2.716
2.892
2.642
2.643
2.623
2.6860000000000004
3.007
2.94
2.807
2.865
2.763
2.909
2.51
2.776
2.843
2.73
2.531
2.756
2.945
2.7310000000000003
2.3
2.792
2.829
2.945
2.864
2.773
2.798
2.741
1.904
2.582
3.093
2.652
2.379
2.692
2.695
2.944
2.454
1.781
2.458
3.149
3.3360000000000003
2.986
2.782
2.775
2.814
2.945
2.611
2.888
2.9410000000000003
3.133
3.0
2.741
2.7510000000000003
2.754
2.797
2.781
2.757
2.809
2.599
2.724
2.698
2.878
2.652
2.869
2.882
2.647
2.235
2.611
2.693
2.805
2.945
2.8280000000000003
2.426
2.565
2.623
2.925
2.765
2.874
2.7510000000000003
2.714
2.69
2.63
2.994
2.592
2.854
3.032
3.3160000000000003
2.7260000000000004
2.8710000000000004
2.66
2.767
2.894
2.651
2.803
2.841
3.232
2.593
2.826
2.497
2.502
2.483
3.0580000000000003
2.95
2.922
2.617
2.684
2.6710000000000003
2.713
2.849
2.813
2.535
2.541
2.734
2.881
3.1180000000000003
2.533
2.823
2.782
2.8560000000000003
2.783
2.344
2.926
2.75
2.605
2.662
2.773
3.003
2.885
2.957
2.573
2.715
3.0010000000000003
2.924
3.028
2.964
2.593
3.152
2.604
2.905
3.122
2.652
2.58
2.898
2.573
2.675
2.827
2.704
2.833
3.089
3.1060000000000003
3.016
2.858
3.018
2.733
2.821
2.838
2.883
2.947
2.527
2.878
2.653
2.363
2.702
2.8480000000000003
2.109
2.987
2.397
2.951
2.6630000000000003
2.6710000000000003
2.812
2.834
2.781
2.632
2.719
2.9960000000000004
2.644
2.784
3.5610000000000004
2.9560000000000004
2.928
3.0210000000000004
3.004
2.674
2.6660000000000004
2.705
2.745
2.641
2.627
2.665
2.971
3.116
2.61
2.8480000000000003
2.725
3.406
2.641
2.756
2.987
2.715
2.718
2.832
2.74
2.795
2.628
2.885
2.738
2.481
2.7910000000000004
2.803
2.829
2.665
2.636
2.6910000000000003
2.644
2.943
2.5340000000000003
2.7710000000000004
2.8560000000000003
2.792
2.813
2.824
2.523
2.747
2.7260000000000004
2.66
2.903
3.125
2.464
3.035
2.9130000000000003
2.825
2.954
2.83
2.677
2.944
2.645
3.58
2.775
2.593
2.858
2.9130000000000003
2.741
1.973
2.769
3.711
2.919
2.922
2.878
3.052
2.7460000000000004
2.895
2.917
2.766
2.801
2.762
2.779
2.899
2.7110000000000003
2.582
3.24
2.53
2.725
2.755
2.6260000000000003
3.006
2.5980000000000003
2.832
2.858
2.669
2.7960000000000003
2.945
2.888
2.846
3.125
2.907
2.556
2.431
2.972
2.855
2.934
3.071
2.678
2.619
2.729
2.242
2.843
2.822
3.522
3.027
2.651
2.677
2.842
2.7460000000000004
2.6630000000000003
2.714
2.656
2.745
2.403
2.975
