3.096
2.732
2.741
2.501
3.095
2.795
2.432
2.242
2.705
3.344
2.507
2.89
2.785
2.914
2.667
2.6710000000000003
2.784
2.698
2.579
2.68
2.715
2.687
2.759
2.782
2.795
3.142
2.753
2.594
2.7880000000000003
2.7060000000000004
2.609
2.701
2.736
2.725
2.522
2.834
2.474
2.5980000000000003
2.879
2.7460000000000004
2.502
2.729
2.532
2.6210000000000004
3.318
2.7310000000000003
2.817
2.982
2.9330000000000003
2.854
2.589
2.855
2.882
2.735
2.912
3.068
2.615
2.656
2.66
2.658
3.08
2.966
2.899
3.204
3.276
3.084
2.651
2.978
3.437
2.632
2.758
2.713
2.872
2.944
3.014
2.592
2.725
2.81
2.736
2.7060000000000004
2.969
3.175
2.3680000000000003
2.8360000000000003
2.645
2.545
2.693
2.61
2.894
2.627
2.935
2.817
2.553
3.006
2.747
2.978
2.63
2.679
2.679
2.954
2.783
2.813
2.664
2.872
2.735
2.713
2.777
2.759
2.615
2.8760000000000003
2.838
2.892
2.776
2.824
2.745
2.577
2.661
2.612
3.071
2.757
3.168
2.843
2.649
2.807
2.802
2.795
2.652
2.6830000000000003
2.86
2.8
2.758
2.66
2.773
2.572
2.92
2.792
2.83
2.59
2.585
2.559
2.94
2.774
2.963
2.617
2.805
2.943
2.821
2.593
2.7310000000000003
2.521
2.9210000000000003
2.833
2.469
2.748
2.702
2.6830000000000003
2.847
2.76
2.857
2.736
2.617
2.909
2.859
2.9410000000000003
2.79
2.673
2.384
2.8760000000000003
2.825
2.66
2.616
2.643
2.952
2.822
3.361
2.576
2.613
2.544
2.74
2.8110000000000004
2.462
2.954
3.027
2.801
2.781
2.476
2.738
2.668
2.768
2.773
2.668
2.888
2.824
2.7030000000000003
2.884
2.8680000000000003
3.179
2.818
2.747
2.665
2.968
2.872
3.0380000000000003
2.787
2.676
2.724
2.747
2.9130000000000003
2.7060000000000004
2.937
2.882
2.885
2.428
2.735
2.63
2.595
2.955
3.003
2.9560000000000004
2.88
2.6630000000000003
2.532
2.884
2.804
2.849
2.66
2.793
2.819
2.904
2.9330000000000003
2.894
3.054
2.914
3.182
2.525
2.934
2.963
3.0
2.889
2.498
2.982
2.85
2.526
2.971
2.915
3.051
2.442
3.006
2.565
2.738
2.954
3.391
2.684
2.918
2.772
2.838
2.719
2.568
2.891
2.887
2.644
2.87
3.109
2.93
2.98
2.745
2.797
2.844
2.835
2.727
2.912
2.934
3.444
3.202
2.924
2.208
3.037
2.754
2.679
3.217
2.833
2.793
2.658
2.8760000000000003
2.768
2.443
2.826
2.801
3.029
2.899
2.645
2.692
3.242
2.931
2.62
2.748
3.176
3.014
2.656
2.757
2.884
2.728
2.624
2.741
2.741
2.809
3.072
3.035
2.935
2.614
2.687
2.66
2.845
2.994
2.8280000000000003
2.83
2.997
3.108
2.7230000000000003
2.832
2.8160000000000003
2.822
2.635
2.28
2.864
2.768
2.781
2.727
2.769
2.886
2.864
2.7230000000000003
2.694
3.3160000000000003
2.478
2.3480000000000003
2.775
2.642
2.945
2.929
2.942
2.784
3.092
2.888
2.969
2.76
2.497
2.9960000000000004
2.7
2.923
2.215
2.764
2.8160000000000003
3.104
2.481
2.6830000000000003
2.8280000000000003
2.767
2.639
2.8510000000000004
2.5540000000000003
2.635
2.824
2.901
2.733
2.97
2.466
2.91
2.762
2.807
2.8280000000000003
2.526
2.676
2.9810000000000003
2.776
2.842
2.818
2.603
2.884
2.653
2.911
2.693
2.651
2.815
2.932
2.825
2.647
2.528
2.925
2.616
2.922
2.532
2.727
2.893
2.7460000000000004
2.604
2.824
2.7
2.713
2.557
2.747
3.016
2.627
2.679
3.002
2.724
2.591
3.619
2.914
3.19
2.782
2.911
2.7430000000000003
2.958
2.5980000000000003
2.783
2.982
2.798
2.768
2.689
2.823
2.61
2.622
3.0980000000000003
2.768
2.619
2.887
3.097
2.526
2.704
2.585
3.198
2.9930000000000003
2.3280000000000003
2.684
3.056
2.909
2.7030000000000003
2.96
2.753
2.701
3.17
2.9960000000000004
2.63
2.858
2.774
2.67
2.9960000000000004
3.029
2.7110000000000003
2.957
2.8760000000000003
2.564
2.563
2.7
2.908
2.867
2.907
2.969
2.582
2.7880000000000003
2.797
