2.8560000000000003
2.825
2.757
2.939
2.88
2.822
2.964
2.809
2.96
2.679
2.778
2.829
2.92
2.866
2.914
2.887
2.84
2.721
2.9960000000000004
3.084
3.077
2.805
2.937
2.832
3.124
2.968
2.698
2.897
2.951
2.844
2.857
2.693
2.922
3.0410000000000004
3.107
3.035
2.854
2.77
2.661
2.965
2.954
2.802
2.918
2.984
2.988
3.141
2.864
2.74
3.034
2.875
2.8510000000000004
2.841
2.954
3.083
2.595
2.997
2.756
3.143
3.112
2.719
2.7060000000000004
2.951
2.867
2.874
2.945
2.861
2.689
2.744
2.994
3.097
3.047
2.7710000000000004
3.064
3.04
2.991
2.745
3.094
3.109
3.162
3.124
2.727
2.912
3.169
3.052
2.978
2.888
2.99
2.843
3.002
3.0580000000000003
2.955
2.812
3.0810000000000004
2.677
3.087
2.914
2.995
2.97
2.917
2.857
3.07
3.062
2.773
2.859
3.0010000000000003
2.286
2.954
3.0860000000000003
3.006
2.9610000000000003
2.798
2.999
2.9360000000000004
3.173
2.986
2.855
3.012
2.812
3.024
3.289
2.866
2.892
3.144
2.812
2.814
2.821
2.944
2.927
2.834
3.03
2.827
3.1
2.93
2.85
2.919
2.8280000000000003
3.089
2.813
2.809
3.465
3.006
2.983
2.793
2.817
2.862
2.8710000000000004
2.985
2.835
2.792
3.159
3.115
2.814
2.984
2.882
2.975
2.947
2.76
3.155
2.891
2.867
2.96
3.037
3.122
2.8710000000000004
2.923
2.914
3.0380000000000003
2.979
3.114
3.0210000000000004
2.769
2.93
2.951
2.905
2.887
3.008
2.962
2.787
3.007
2.6060000000000003
2.92
3.148
2.979
3.0980000000000003
2.997
2.955
2.977
2.907
3.281
2.857
3.015
3.289
2.91
2.968
2.951
2.739
2.878
2.917
2.897
2.872
2.898
3.317
2.821
3.161
3.404
2.966
2.841
2.966
2.909
3.002
2.758
3.05
3.077
2.964
2.943
2.903
2.932
2.844
2.944
2.9810000000000003
2.821
3.045
2.9930000000000003
3.109
2.912
3.41
2.943
2.924
3.068
2.844
3.272
2.802
2.7
2.714
2.882
2.929
2.934
2.951
3.0010000000000003
2.892
2.883
2.974
2.967
2.77
2.79
2.986
2.862
2.681
2.978
2.988
3.04
3.071
3.175
3.008
2.911
3.014
2.9560000000000004
2.809
2.839
2.833
2.855
2.98
2.887
2.814
2.719
2.799
2.734
2.818
3.156
2.61
2.915
3.0660000000000003
2.914
2.775
2.882
3.048
2.972
2.612
2.844
3.042
3.056
2.9960000000000004
2.764
3.065
3.0410000000000004
3.071
2.857
3.028
2.8280000000000003
2.9730000000000003
2.833
2.6660000000000004
2.9960000000000004
2.843
2.977
2.727
2.9530000000000003
3.024
2.881
2.7880000000000003
2.906
3.035
3.123
2.96
2.975
2.895
2.892
2.794
2.901
2.962
2.882
3.022
2.93
3.087
2.6260000000000003
2.777
2.7030000000000003
3.007
2.741
3.189
2.9130000000000003
2.969
3.0010000000000003
2.677
2.895
2.923
2.804
2.91
3.129
2.593
2.939
3.055
2.9960000000000004
2.886
2.843
2.934
3.37
3.05
2.922
2.901
2.943
3.0380000000000003
2.943
3.048
3.248
2.997
2.738
2.877
2.8
2.806
3.071
2.9560000000000004
2.857
2.947
2.802
3.274
2.923
2.969
2.814
3.006
2.923
2.732
2.821
3.365
2.827
3.144
2.772
2.931
2.892
2.732
2.949
3.299
2.864
2.942
2.8680000000000003
2.785
3.0810000000000004
2.763
2.9760000000000004
3.019
3.089
3.158
2.877
2.918
2.958
3.309
2.912
2.696
2.966
2.93
2.822
3.006
3.025
3.034
3.309
3.144
3.152
3.071
2.982
2.987
3.0210000000000004
2.969
2.977
2.955
2.775
2.693
3.103
3.0580000000000003
2.998
3.054
3.218
2.92
2.895
3.035
2.9160000000000004
3.022
2.947
2.9560000000000004
3.122
2.878
2.994
3.372
3.136
2.61
3.01
2.776
2.849
2.853
2.915
2.85
3.257
2.9160000000000004
2.78
3.011
3.108
3.017
3.0210000000000004
3.427
2.855
2.74
3.007
2.8280000000000003
2.9760000000000004
2.968
3.002
2.934
3.08
2.902
2.98
3.0410000000000004
2.761
2.786
2.887
3.0860000000000003
2.949
2.911
2.942
3.073
3.0660000000000003
2.84
3.123
3.248
3.091
2.799
2.839
3.085
2.964
3.033
3.074
3.003
2.738
2.827
2.905
2.932
3.07
2.833
2.7910000000000004
3.154
3.069
2.886
3.0210000000000004
3.055
2.927
3.051
3.105
2.929
2.886
2.9960000000000004
2.892
2.9560000000000004
2.855
2.795
2.826
2.878
2.967
3.137
2.997
2.955
3.122
2.887
3.213
2.907
2.862
2.9210000000000003
2.849
2.855
3.072
2.88
2.926
2.857
3.107
2.714
2.884
2.945
2.8360000000000003
2.988
2.843
2.983
3.031
3.022
2.954
3.285
2.6180000000000003
2.9210000000000003
2.942
2.9210000000000003
2.9930000000000003
2.937
2.974
2.732
2.573
2.897
2.904
2.845
2.95
2.864
3.108
2.932
3.1710000000000003
3.153
3.1460000000000004
2.754
2.908
3.002
3.1630000000000003
3.158
2.9730000000000003
2.768
3.09
2.86
2.8760000000000003
3.052
2.844
3.032
2.959
2.769
2.693
2.9730000000000003
3.008
2.97
3.052
2.914
2.9730000000000003
2.989
2.692
2.9610000000000003
2.863
3.065
3.201
2.8360000000000003
2.9410000000000003
2.634
2.881
3.2230000000000003
2.786
3.022
2.893
2.985
2.799
2.783
3.0380000000000003
2.812
3.119
3.216
2.806
3.024
2.895
3.244
2.966
2.937
3.071
3.0860000000000003
2.768
3.194
2.84
2.765
2.8080000000000003
3.099
2.946
2.835
3.2510000000000003
2.937
2.853
2.799
2.914
2.938
2.917
2.753
2.835
2.806
2.64
2.954
3.033
2.892
2.651
3.096
2.874
3.009
3.0010000000000003
2.778
2.9760000000000004
3.301
3.11
2.966
3.014
2.858
2.888
2.891
2.678
2.93
2.988
2.923
3.017
2.843
2.966
2.918
2.734
3.056
3.144
3.027
3.054
3.067
3.156
3.102
2.867
2.897
2.888
2.885
2.947
2.9210000000000003
2.934
2.744
2.977
3.141
2.962
2.914
3.018
2.99
2.745
2.963
2.865
2.901
2.766
2.897
2.9330000000000003
2.984
2.969
3.082
2.952
2.925
2.887
3.009
2.901
3.037
2.809
2.8480000000000003
2.9130000000000003
2.753
2.826
2.846
2.971
2.889
2.8
3.07
2.895
3.133
3.032
2.792
2.722
2.8
2.806
2.7260000000000004
2.906
2.647
2.843
2.752
2.715
2.849
3.089
2.922
2.853
3.004
3.09
2.94
2.82
2.892
3.154
2.779
2.909
3.184
3.011
2.999
2.714
2.764
2.94
2.789
3.014
2.805
2.8280000000000003
2.7710000000000004
3.4410000000000003
3.114
2.9330000000000003
2.887
2.988
2.943
3.0380000000000003
2.7260000000000004
3.052
2.835
2.741
2.73
2.9360000000000004
3.114
3.285
2.982
2.855
2.914
2.966
2.766
2.754
3.062
3.182
2.967
3.063
2.962
3.1180000000000003
3.08
2.989
2.872
2.6630000000000003
3.045
2.971
2.8680000000000003
3.084
3.027
3.136
3.135
2.879
3.27
3.068
2.832
2.924
2.841
2.238
2.938
2.925
2.859
2.9160000000000004
2.68
3.009
2.97
2.845
2.895
2.945
2.963
3.026
2.924
3.014
2.864
2.65
3.075
2.833
2.905
2.972
3.104
3.23
3.045
2.964
2.785
2.745
3.015
2.802
2.8680000000000003
2.844
2.919
2.937
3.035
2.875
3.264
3.1
2.928
2.842
3.0580000000000003
3.002
2.984
2.827
2.8680000000000003
2.9810000000000003
2.969
3.144
2.882
2.889
3.026
3.132
2.434
3.219
3.0460000000000003
2.742
2.9130000000000003
2.979
3.116
2.714
2.737
3.1260000000000003
3.147
2.9410000000000003
3.024
2.6860000000000004
2.846
2.98
2.918
2.9560000000000004
3.024
2.892
2.863
2.96
2.923
2.775
2.97
2.879
3.017
3.173
2.891
3.033
3.004
3.074
2.949
3.0410000000000004
2.826
2.9360000000000004
2.82
2.732
2.891
3.048
3.044
2.7510000000000003
3.06
2.98
2.839
2.92
2.593
3.0
2.9960000000000004
2.833
2.7460000000000004
2.91
2.884
3.154
3.138
2.898
2.897
3.064
2.685
3.092
2.77
2.968
2.899
3.123
2.8510000000000004
2.061
2.814
3.0460000000000003
3.077
3.195
2.794
3.071
2.673
2.999
2.77
3.218
2.894
3.1710000000000003
3.192
3.182
3.013
2.845
2.969
2.944
2.758
2.9410000000000003
2.864
2.861
3.478
2.979
2.732
3.018
2.929
2.872
2.9210000000000003
3.039
2.87
2.9530000000000003
3.218
3.067
3.1180000000000003
3.22
2.952
2.789
2.821
3.004
3.239
2.849
2.7960000000000003
2.817
2.813
2.759
2.826
2.804
2.915
3.0
2.972
3.072
3.054
3.071
3.048
3.102
2.874
2.969
3.0780000000000003
2.994
3.193
2.857
2.78
2.893
2.991
3.2110000000000003
3.0610000000000004
2.995
3.071
3.105
2.883
2.846
2.778
2.9330000000000003
2.747
2.72
2.901
2.75
3.048
3.029
2.87
3.263
3.214
2.8360000000000003
2.923
2.874
2.875
3.012
2.838
2.761
2.827
2.904
2.803
2.8680000000000003
3.043
2.984
2.9530000000000003
2.974
2.834
2.9960000000000004
2.845
2.8760000000000003
2.844
2.835
2.988
2.7460000000000004
2.903
3.007
2.781
3.0860000000000003
3.049
3.178
3.135
2.832
3.2310000000000003
2.8160000000000003
2.842
3.04
2.963
3.045
3.0580000000000003
2.762
2.773
2.77
3.0
3.182
2.702
3.01
2.998
3.158
2.822
2.7030000000000003
3.0610000000000004
2.955
3.1
2.922
3.049
2.785
2.861
2.844
2.884
3.114
3.19
2.7710000000000004
2.815
3.002
2.9360000000000004
3.018
3.105
2.8710000000000004
3.018
2.995
2.98
2.891
2.803
2.977
2.885
2.931
3.062
2.957
3.048
2.962
2.955
2.841
3.161
3.035
2.962
3.015
3.219
2.854
3.247
3.022
3.096
2.995
3.0610000000000004
2.887
2.841
2.742
2.977
3.043
3.077
3.155
3.147
3.002
2.685
2.8510000000000004
2.923
2.762
2.818
3.028
2.855
2.8760000000000003
2.737
3.0410000000000004
3.063
2.878
2.9330000000000003
3.032
2.875
2.999
3.143
2.674
2.8510000000000004
2.9810000000000003
2.7710000000000004
2.883
2.852
3.242
2.955
2.967
2.765
2.943
3.039
3.153
3.003
2.8480000000000003
2.988
2.992
3.077
2.899
3.0460000000000003
2.804
2.754
3.245
2.874
3.065
2.801
3.0460000000000003
2.8160000000000003
2.997
2.9160000000000004
2.858
3.019
2.945
3.173
2.947
2.977
2.812
2.757
3.119
3.047
3.116
3.003
2.975
3.017
2.9810000000000003
2.907
2.867
3.043
3.225
3.096
2.98
2.789
3.122
3.016
3.185
3.018
2.827
2.81
3.138
3.0410000000000004
3.011
2.927
2.787
2.963
3.04
3.135
2.879
3.054
2.984
2.9960000000000004
2.92
2.987
2.939
2.785
3.1
2.881
2.864
3.013
2.875
3.292
2.9410000000000003
2.609
2.712
2.968
2.952
2.928
2.908
2.893
3.161
2.987
2.887
2.977
3.0860000000000003
2.99
2.9930000000000003
3.04
2.747
2.815
2.792
3.089
3.044
2.784
2.869
2.884
2.635
2.914
2.654
3.065
3.025
3.187
2.8680000000000003
3.109
2.989
2.9
2.907
2.947
2.919
2.707
2.8960000000000004
2.948
2.8960000000000004
3.079
3.005
2.986
3.168
2.804
3.02
3.145
3.095
2.875
2.6830000000000003
2.806
2.8510000000000004
2.857
3.105
3.012
3.056
3.272
2.892
2.98
2.707
2.931
2.713
3.029
2.835
2.964
3.115
2.8110000000000004
3.031
2.8760000000000003
2.963
3.342
2.853
2.835
2.832
2.982
3.025
3.1910000000000003
2.803
2.807
2.968
2.837
3.079
3.011
2.858
3.007
2.644
2.716
2.895
2.8960000000000004
2.9730000000000003
2.7910000000000004
2.989
2.983
2.978
3.099
2.783
3.095
3.051
2.745
3.03
2.9360000000000004
2.8360000000000003
2.867
2.895
2.96
3.193
3.113
2.73
2.664
2.934
3.052
2.827
2.928
2.86
2.9610000000000003
3.136
2.9210000000000003
2.928
3.017
3.016
2.817
2.8160000000000003
3.135
2.9130000000000003
2.884
3.068
2.701
3.089
2.825
2.895
2.819
2.675
3.114
2.934
3.05
3.192
3.0780000000000003
3.14
2.944
2.734
2.805
2.877
2.978
3.365
2.9610000000000003
2.845
2.838
2.865
2.931
2.969
2.864
3.111
3.134
3.032
2.934
2.949
3.034
3.0660000000000003
2.805
2.757
2.804
3.027
2.886
2.958
2.855
3.072
2.732
2.877
3.073
2.764
3.125
3.1210000000000004
2.847
2.886
2.88
2.76
2.91
2.729
2.914
2.947
2.9210000000000003
3.073
2.854
3.06
3.027
2.965
3.012
2.951
2.84
2.838
2.755
3.006
2.967
2.9960000000000004
2.898
3.019
2.944
3.144
3.019
2.991
2.955
3.153
2.8560000000000003
2.954
2.271
3.094
2.8310000000000004
3.148
2.737
3.047
2.991
3.056
2.86
3.069
3.0580000000000003
2.954
3.31
3.037
3.135
2.944
3.262
2.928
3.008
3.264
2.922
3.023
3.202
2.9
3.017
2.73
2.837
3.117
2.894
3.016
2.909
2.9760000000000004
2.793
2.9210000000000003
2.766
2.928
2.963
2.991
3.003
3.013
3.031
3.076
2.87
2.983
3.004
3.19
2.827
2.949
3.095
3.229
3.07
2.904
2.992
2.967
2.9730000000000003
2.962
3.009
2.978
2.8560000000000003
2.866
2.879
3.165
3.389
3.017
2.975
3.016
3.1180000000000003
2.9930000000000003
2.946
2.859
2.982
2.662
2.833
2.931
3.037
2.809
3.151
2.912
2.7910000000000004
2.805
3.048
3.184
3.018
2.944
2.92
2.737
2.987
2.925
2.783
2.79
3.137
3.025
2.982
2.693
2.969
3.214
3.174
3.043
3.083
2.603
2.843
2.861
3.127
2.897
2.918
2.892
2.924
3.109
2.898
2.987
2.864
2.9360000000000004
3.2110000000000003
2.859
2.823
2.844
2.735
2.878
3.023
2.955
2.87
2.857
2.919
3.024
3.2230000000000003
2.883
3.103
2.864
2.867
3.385
2.982
3.053
3.227
2.944
2.895
3.079
2.813
3.075
2.7910000000000004
2.85
2.979
2.847
3.027
2.725
2.872
3.02
2.777
3.233
2.898
2.966
2.94
3.0380000000000003
2.932
3.017
2.862
2.946
2.883
3.0
3.143
2.764
2.6830000000000003
2.919
3.088
3.039
2.809
2.93
3.104
3.096
2.87
2.995
2.9530000000000003
2.911
2.9810000000000003
2.877
3.175
2.93
3.1660000000000004
2.9760000000000004
2.985
2.759
2.864
2.627
2.958
2.9530000000000003
2.9730000000000003
2.962
3.062
3.043
3.075
2.803
3.043
2.767
2.995
2.926
2.903
2.997
2.758
2.515
3.011
2.975
2.9530000000000003
2.8560000000000003
2.983
2.77
2.773
2.03
2.84
3.234
2.9410000000000003
2.923
2.979
3.111
2.96
2.725
2.1830000000000003
2.99
3.114
3.057
2.904
3.047
3.005
2.978
2.96
2.926
2.908
3.057
3.01
2.972
2.9160000000000004
2.793
3.009
3.027
2.918
2.886
2.98
2.934
3.002
3.057
3.031
2.944
2.897
2.804
2.869
2.8510000000000004
3.023
2.837
2.781
2.96
2.855
2.878
2.874
2.6180000000000003
2.964
2.835
2.988
3.043
2.841
2.787
2.821
2.9960000000000004
2.659
2.918
2.847
3.21
2.924
3.133
3.014
2.874
2.934
2.986
3.08
3.018
3.1910000000000003
3.236
2.915
2.888
2.915
2.899
3.022
3.022
2.937
2.979
2.804
2.929
3.177
3.14
2.894
2.843
2.847
3.04
3.071
3.095
2.944
2.7960000000000003
2.6830000000000003
2.839
2.922
2.742
2.809
3.008
2.962
2.782
2.843
3.035
2.813
2.8560000000000003
2.708
2.829
3.132
2.9810000000000003
3.089
3.137
2.906
2.96
2.847
3.1910000000000003
3.062
2.881
2.852
3.008
2.846
2.927
3.071
2.858
2.9160000000000004
3.182
2.9530000000000003
3.264
2.945
2.814
3.019
2.901
2.822
2.969
3.005
2.864
2.922
3.094
2.6660000000000004
3.016
2.89
2.582
2.999
2.419
2.872
2.905
2.9930000000000003
2.748
3.028
2.83
2.934
3.028
2.9810000000000003
2.863
2.873
3.2430000000000003
3.011
3.033
3.035
2.939
2.693
2.841
2.917
2.991
2.859
2.995
2.719
3.0380000000000003
3.263
2.744
2.882
3.074
3.3160000000000003
2.827
3.099
2.891
2.954
3.052
2.9360000000000004
2.927
3.085
2.849
2.859
2.8510000000000004
2.922
2.857
3.149
2.824
2.702
2.829
2.712
2.846
3.115
2.947
2.954
2.7960000000000003
2.995
2.757
2.87
3.084
2.78
3.184
2.754
2.917
2.774
2.94
3.103
2.9760000000000004
3.036
3.083
2.8110000000000004
3.047
2.889
2.732
3.0660000000000003
2.894
2.958
2.937
3.0210000000000004
2.918
2.708
2.8760000000000003
3.088
3.057
3.23
3.107
3.071
2.887
2.94
2.895
3.056
2.894
2.685
3.054
2.954
2.9610000000000003
2.794
3.159
2.979
2.977
3.032
2.826
3.022
2.773
2.898
3.05
2.901
2.91
2.865
2.99
2.891
3.028
2.766
2.769
2.793
2.95
3.043
2.923
2.98
2.919
2.926
3.155
2.195
3.068
2.854
3.397
3.0980000000000003
2.755
2.942
2.992
3.0010000000000003
2.968
2.807
2.758
2.965
2.862
2.897
