2.42
2.285
2.242
2.314
2.322
2.4130000000000003
2.202
2.226
2.375
2.285
1.988
2.299
2.4330000000000003
2.25
2.337
2.336
2.206
2.116
2.363
2.271
2.222
2.226
1.948
2.404
2.294
2.166
2.16
2.327
2.438
2.3
2.287
2.24
2.274
2.3680000000000003
2.3080000000000003
2.152
2.341
2.025
2.095
2.253
2.364
2.234
2.321
2.279
2.517
2.393
2.152
2.039
2.358
2.295
2.282
2.5
2.275
2.446
2.207
2.119
2.073
2.063
2.329
2.0780000000000003
2.25
2.336
2.242
2.128
2.35
2.233
1.96
2.218
2.204
2.323
2.016
2.267
2.317
2.501
2.267
2.2880000000000003
2.345
2.461
2.3080000000000003
2.351
2.101
2.325
2.155
2.302
1.834
2.299
2.419
2.252
2.352
2.11
2.329
2.375
2.421
2.326
2.423
2.281
1.883
2.198
2.2840000000000003
2.105
2.401
2.081
2.351
2.286
2.2230000000000003
1.832
2.356
2.171
2.361
2.248
2.171
2.495
2.303
2.166
1.852
2.286
2.386
2.139
2.329
2.215
2.177
2.1830000000000003
2.346
2.1180000000000003
2.17
2.258
2.231
2.367
2.1790000000000003
2.467
1.96
2.385
2.511
2.38
1.975
1.935
2.086
2.202
2.23
2.537
2.204
2.335
1.858
1.989
2.1630000000000003
2.119
2.242
2.2880000000000003
2.275
2.584
2.491
2.292
2.425
2.272
2.402
2.322
2.278
2.645
2.394
2.242
2.235
1.965
2.3080000000000003
1.805
2.227
2.4090000000000003
2.1790000000000003
1.936
2.081
2.236
2.3
2.237
2.378
2.403
2.0980000000000003
2.316
2.158
2.376
2.417
2.075
2.488
2.377
1.834
2.1630000000000003
2.211
2.237
2.169
2.4730000000000003
2.388
2.066
2.148
2.215
2.351
1.959
2.346
2.189
2.21
2.157
2.235
2.312
2.27
2.397
2.396
2.155
2.375
2.224
2.294
2.399
2.15
2.278
2.466
2.093
2.074
2.269
2.421
2.175
2.374
2.2030000000000003
2.27
2.276
2.414
2.349
2.137
2.305
2.171
2.205
2.3080000000000003
2.201
2.333
2.205
1.901
2.247
2.287
2.234
2.097
2.377
2.23
2.197
2.292
1.791
2.084
2.398
2.15
2.165
2.289
2.383
2.293
2.196
2.126
2.242
2.249
2.207
2.4130000000000003
2.297
2.291
2.359
2.065
1.809
2.326
2.142
2.259
2.306
2.31
2.249
2.219
2.269
2.276
2.355
2.278
2.111
2.236
1.816
2.128
2.335
1.853
2.275
2.427
2.077
2.235
2.245
2.221
2.2840000000000003
2.259
2.334
2.347
2.122
2.066
2.162
2.083
2.234
2.48
2.185
2.18
2.361
2.244
2.194
2.249
2.0580000000000003
1.998
2.349
2.29
2.27
2.438
2.086
2.246
2.313
2.2840000000000003
1.976
2.185
1.882
2.236
2.301
2.323
2.057
2.233
1.905
2.1790000000000003
2.292
2.323
2.079
2.395
2.09
2.286
2.239
2.2230000000000003
2.415
2.214
1.707
2.495
2.0980000000000003
1.929
2.454
2.319
2.332
1.986
2.406
2.471
2.3480000000000003
2.371
2.055
2.234
2.273
2.248
2.4090000000000003
2.066
2.282
2.129
1.945
2.335
2.237
2.402
2.182
2.241
2.141
2.482
2.608
2.028
2.341
2.244
2.425
2.292
2.302
2.147
2.539
1.96
2.137
2.3040000000000003
2.12
2.5380000000000003
2.341
2.327
2.529
2.128
2.202
2.457
2.268
2.398
2.124
2.31
2.32
2.384
2.389
2.125
2.408
2.35
2.43
2.185
2.241
2.206
2.22
2.262
2.248
2.256
2.268
2.497
2.381
2.509
2.215
2.215
2.03
2.191
2.261
2.221
2.018
2.044
2.3480000000000003
2.152
1.887
2.426
2.309
2.373
2.1590000000000003
2.076
1.976
2.216
2.488
2.241
2.32
2.249
2.341
2.482
2.42
2.476
2.229
2.364
2.145
2.373
2.361
2.275
2.35
2.287
2.33
1.89
2.354
2.311
2.115
2.411
2.72
2.063
2.195
2.333
2.213
2.256
2.388
2.4
2.32
2.371
2.178
2.079
2.439
2.443
2.2
2.338
2.2
2.418
2.377
2.229
2.05
2.29
2.26
2.295
2.209
2.373
2.208
2.315
1.836
2.402
2.1630000000000003
2.139
2.049
2.311
2.056
2.305
2.192
2.484
2.206
2.189
2.073
2.248
1.96
2.226
2.367
2.26
2.393
2.398
2.052
2.292
2.366
1.791
2.11
2.331
2.06
2.343
2.194
2.401
2.479
2.13
2.34
2.48
2.425
2.44
2.279
2.256
2.3
2.329
2.26
2.404
2.061
1.969
2.256
2.321
2.08
2.425
2.023
2.336
2.248
2.332
1.98
2.354
2.461
2.222
2.45
2.086
2.234
2.535
2.167
2.364
2.187
2.132
2.067
1.714
2.246
2.153
2.235
2.497
2.301
2.341
2.256
2.232
2.387
2.431
2.084
2.025
2.319
2.229
2.232
2.225
2.306
2.336
2.187
2.279
2.5860000000000003
2.21
2.334
2.303
2.267
2.249
2.2030000000000003
2.414
2.42
2.337
2.225
2.293
2.234
2.106
2.305
2.338
2.33
2.377
2.184
2.331
2.157
2.246
2.398
2.0580000000000003
2.318
2.444
2.327
1.879
2.006
2.335
2.254
2.287
1.998
2.14
2.198
2.351
2.224
2.147
2.289
2.297
2.195
2.3480000000000003
2.107
2.047
2.049
2.18
2.283
2.082
1.925
2.387
2.354
2.2030000000000003
2.329
1.7919999999999998
2.309
2.294
2.144
1.925
2.194
2.065
2.202
2.364
2.225
2.027
2.242
2.245
2.313
2.323
1.901
2.3
2.376
2.361
2.345
2.132
2.347
2.25
2.324
2.121
2.254
2.298
2.12
2.371
2.222
2.349
2.3680000000000003
1.901
2.303
2.1790000000000003
2.383
2.315
2.331
2.492
2.447
2.2430000000000003
1.87
2.108
2.264
2.49
2.356
2.036
2.1830000000000003
2.425
2.5340000000000003
2.2880000000000003
2.167
2.356
2.341
2.153
2.381
2.053
2.268
2.188
2.238
2.25
2.114
2.275
2.377
2.26
2.41
2.313
2.075
2.344
2.387
2.252
2.222
2.021
2.254
2.329
2.499
2.351
2.359
2.261
2.24
2.279
2.346
1.941
2.236
2.1790000000000003
2.229
2.238
2.355
2.21
2.055
2.176
2.132
2.292
2.315
2.334
2.321
1.942
2.37
2.029
2.299
2.227
2.296
2.472
2.0780000000000003
2.133
2.146
2.417
2.4090000000000003
2.282
1.99
2.253
2.123
2.316
2.182
2.008
2.182
2.475
2.1830000000000003
1.964
2.1180000000000003
2.481
2.312
2.311
2.241
2.447
2.343
2.096
2.172
2.2030000000000003
1.954
2.442
2.321
2.024
2.077
2.109
2.192
2.35
2.417
2.3480000000000003
2.32
2.316
2.2880000000000003
2.363
2.278
2.227
2.255
2.312
2.518
2.239
2.201
2.324
2.457
2.281
2.5340000000000003
2.362
2.14
2.135
2.318
2.338
2.244
1.71
2.263
2.353
2.055
2.225
2.096
2.266
2.187
2.384
2.274
2.262
2.129
2.269
2.164
2.366
2.1180000000000003
2.126
2.396
1.863
2.232
2.375
2.427
2.381
2.237
2.369
2.011
1.982
2.324
2.431
2.214
2.318
2.354
2.358
2.391
2.22
2.573
2.428
2.129
2.094
2.349
2.4090000000000003
2.149
2.212
2.2230000000000003
1.97
2.289
2.314
2.157
2.1180000000000003
2.387
1.899
2.044
2.191
2.233
2.172
2.131
2.07
2.46
2.322
1.988
1.947
2.244
2.076
2.659
2.331
2.268
2.376
2.177
2.119
2.21
2.329
2.112
2.297
2.237
2.136
2.377
2.296
2.115
2.456
1.928
2.239
2.158
2.283
2.146
2.121
2.084
2.382
2.372
2.428
2.005
2.389
2.56
2.221
2.339
2.293
2.22
2.189
1.918
1.984
2.2030000000000003
2.286
2.149
2.446
2.205
2.484
2.425
2.3
2.132
2.302
2.211
2.351
1.89
2.247
1.984
2.32
2.416
1.81
2.399
2.274
2.343
2.421
2.314
2.4130000000000003
2.085
2.322
2.233
2.521
2.255
2.5
2.434
2.371
2.262
2.182
2.316
2.167
2.305
2.139
2.3
2.325
2.641
2.199
2.244
2.274
2.264
2.195
2.226
2.086
2.282
2.265
2.384
2.307
2.378
2.362
2.526
2.28
2.355
2.161
2.455
2.419
2.185
2.255
2.305
2.185
2.389
1.998
2.049
2.386
2.3
2.343
2.549
2.351
2.149
1.972
2.147
2.219
2.096
2.264
2.585
2.192
2.277
2.158
2.201
2.298
2.168
2.115
2.357
2.074
2.297
2.092
2.285
2.311
2.13
2.137
2.289
2.215
2.227
2.352
2.033
2.439
2.4
2.215
2.245
2.428
2.194
2.323
2.105
2.089
2.21
2.195
2.42
2.277
2.358
2.508
2.32
2.31
2.24
2.026
2.256
2.0980000000000003
2.021
2.255
2.301
2.122
2.302
2.298
2.237
2.2880000000000003
2.449
2.196
2.324
2.485
2.704
2.204
2.136
2.392
2.416
2.247
2.236
2.226
2.237
2.171
2.345
2.202
2.172
2.2840000000000003
2.344
2.287
2.065
2.177
2.296
2.241
2.327
1.969
2.337
2.1590000000000003
2.245
2.414
2.262
2.189
2.301
2.107
2.258
2.332
2.283
2.332
2.382
2.29
2.541
2.39
2.378
2.251
2.375
2.057
2.228
2.324
2.255
2.025
2.18
2.134
2.233
2.256
2.265
2.509
2.218
2.355
2.2
2.214
2.5810000000000004
2.132
2.35
2.1830000000000003
2.452
2.331
2.276
2.165
2.2430000000000003
2.378
2.219
2.295
2.301
2.315
2.107
2.248
2.154
1.88
2.353
2.387
2.2
1.884
2.029
2.345
2.235
2.24
2.282
2.398
2.097
2.162
2.184
2.15
2.428
2.426
2.303
2.449
2.037
2.395
2.366
2.071
2.127
2.372
2.086
1.977
2.259
2.252
2.176
2.338
2.129
1.984
2.303
2.24
2.082
2.464
2.28
2.297
2.287
2.212
2.081
2.461
2.362
2.232
2.025
2.353
2.392
2.373
2.425
2.231
2.237
2.24
2.339
2.157
1.996
2.166
2.23
2.257
2.218
2.267
2.2880000000000003
2.142
2.306
2.326
2.074
2.447
2.267
2.302
2.331
2.285
2.2880000000000003
2.2430000000000003
2.41
2.373
2.066
2.2430000000000003
2.157
2.312
2.349
2.211
2.402
2.31
2.257
2.437
2.249
2.275
2.171
2.375
2.402
2.1790000000000003
2.4
2.4130000000000003
2.397
2.231
2.24
2.24
2.479
2.372
2.341
2.074
2.289
2.388
2.2030000000000003
1.962
2.212
2.311
2.378
2.417
2.387
2.494
1.983
2.171
2.396
2.495
2.287
2.126
2.332
2.359
2.2
2.214
2.34
2.222
2.361
1.931
2.372
2.01
2.115
2.2030000000000003
1.836
2.2880000000000003
2.1830000000000003
2.411
2.279
2.193
2.33
2.438
2.389
2.147
1.998
2.0540000000000003
2.517
2.417
2.245
2.144
2.408
1.893
2.261
2.074
2.382
2.689
2.511
1.974
2.427
2.249
2.376
2.235
2.29
2.3040000000000003
2.431
2.402
2.351
2.19
2.0780000000000003
2.0780000000000003
2.657
2.275
2.194
2.052
2.357
2.4
2.394
2.237
2.226
2.403
2.29
2.177
2.187
2.435
2.441
2.001
2.173
1.992
2.065
2.22
2.194
2.121
2.129
1.834
2.347
2.261
1.852
2.425
2.124
2.397
2.396
2.475
2.242
2.213
2.301
1.941
2.572
2.27
2.228
2.231
2.291
2.292
2.26
2.296
2.266
2.241
2.256
2.052
2.2880000000000003
2.212
2.27
2.372
2.346
2.063
2.196
2.391
2.132
1.917
2.095
2.318
2.272
2.209
2.434
2.245
2.064
2.299
2.345
2.231
2.544
2.067
2.242
2.0580000000000003
1.975
2.5610000000000004
2.31
2.298
2.192
2.271
2.265
2.16
2.363
2.275
2.312
2.378
2.334
2.235
2.536
2.478
1.944
2.557
2.03
2.306
2.241
2.287
2.106
1.987
2.16
2.199
2.401
1.936
2.292
1.973
2.364
2.14
2.459
2.241
2.22
2.248
1.805
2.277
2.169
2.026
2.312
2.532
2.329
2.446
2.332
2.314
2.311
2.302
2.237
2.268
2.345
2.198
2.286
2.16
2.19
1.915
2.333
2.303
2.26
2.053
2.379
2.487
1.331
2.272
2.258
2.1630000000000003
2.234
2.501
2.036
1.869
2.274
2.42
2.47
1.967
2.379
2.418
2.441
2.164
2.575
2.255
2.338
2.547
2.404
2.134
2.462
2.257
2.34
2.206
2.1830000000000003
2.289
1.913
2.192
2.273
2.277
2.354
2.264
2.345
2.397
2.083
2.456
1.954
2.234
2.198
2.191
2.185
1.98
2.297
2.182
2.2
2.277
2.283
2.358
2.289
2.295
2.187
2.474
2.035
2.2030000000000003
2.236
2.3
2.217
2.469
2.329
2.372
2.44
2.365
2.217
2.11
2.486
2.393
2.231
2.309
2.345
2.266
2.201
2.12
2.162
2.071
2.408
2.38
2.333
2.19
2.314
2.146
1.903
2.338
2.075
2.146
2.293
2.36
2.311
2.234
2.496
2.412
2.351
2.4
2.238
2.479
2.573
2.316
2.391
2.273
2.096
2.287
2.36
2.256
2.282
1.988
2.344
2.372
2.408
2.134
2.387
2.111
2.507
2.2840000000000003
2.245
2.405
2.174
2.293
2.48
2.481
2.342
2.124
2.112
2.092
2.074
2.277
2.271
2.204
1.95
2.464
2.386
2.338
2.4130000000000003
2.174
2.576
2.274
2.371
2.382
2.27
2.201
2.099
1.891
2.423
2.184
2.187
2.437
1.875
2.231
2.305
2.119
1.952
2.302
2.227
2.239
2.287
2.109
2.154
2.234
2.266
2.351
2.027
2.342
2.462
2.3280000000000003
1.809
2.241
2.376
1.959
2.318
2.301
1.964
2.206
2.2430000000000003
2.426
2.257
2.2840000000000003
2.291
2.16
2.237
2.153
2.211
2.236
2.364
2.1790000000000003
2.232
2.285
2.272
2.414
2.336
2.139
2.143
2.313
2.441
2.067
2.32
2.384
2.439
1.966
2.214
2.423
2.216
2.091
2.305
2.001
2.327
1.625
2.281
2.439
2.405
2.359
2.117
2.408
2.158
2.1830000000000003
1.203
2.17
2.387
2.516
2.012
2.3080000000000003
2.291
2.396
1.906
2.353
1.929
2.519
1.937
2.298
1.97
1.995
2.352
2.286
2.016
2.379
2.346
2.362
2.28
2.216
2.422
2.3480000000000003
2.331
2.173
2.32
2.027
2.254
2.145
2.36
1.906
2.3480000000000003
1.948
2.255
1.946
2.472
2.157
2.366
2.21
2.278
2.286
2.208
2.197
2.123
2.131
2.297
2.539
2.188
2.48
2.207
2.312
1.996
2.273
2.257
2.395
2.401
2.428
2.427
2.215
2.339
2.4130000000000003
2.449
2.275
1.9
2.315
2.361
2.399
2.474
2.441
2.326
2.115
2.153
2.209
2.3080000000000003
2.17
1.927
2.25
2.386
1.949
2.22
1.985
2.137
2.026
2.279
2.214
2.521
2.186
2.259
2.336
1.803
2.2230000000000003
2.46
2.465
2.369
2.269
2.282
2.296
1.891
2.084
2.305
2.272
2.018
2.587
2.2030000000000003
2.009
2.448
2.128
2.027
2.236
2.398
2.511
2.299
2.124
2.307
2.32
2.384
2.297
2.366
2.211
2.466
2.27
2.085
2.259
2.283
1.845
2.4290000000000003
1.905
2.302
2.282
1.781
2.29
2.254
2.194
2.032
2.3080000000000003
2.245
2.392
2.002
2.589
2.251
2.331
2.447
2.337
2.187
2.175
2.289
2.424
2.22
2.211
2.146
2.294
2.439
1.994
2.275
2.182
2.527
2.394
2.338
2.443
2.152
2.2430000000000003
2.207
2.253
2.398
2.173
2.376
2.264
2.059
2.214
2.346
2.005
2.311
2.256
2.229
2.137
1.962
2.028
2.363
2.026
2.374
2.166
2.208
2.117
2.327
2.305
2.205
2.523
2.309
1.958
2.302
2.289
2.236
2.373
2.012
2.369
2.1590000000000003
2.008
2.631
2.361
2.331
2.294
2.446
2.349
2.351
2.074
2.406
2.127
2.446
2.344
1.947
2.1790000000000003
2.242
2.24
2.378
2.207
2.32
2.443
2.441
2.278
2.25
2.514
2.082
2.314
2.117
2.229
2.392
2.016
2.251
2.085
1.961
2.26
2.316
2.362
2.455
2.277
2.299
2.035
2.081
2.42
2.086
2.241
2.484
2.02
2.475
2.032
1.383
2.393
2.1830000000000003
2.471
2.073
2.396
2.359
2.285
2.3080000000000003
2.303
2.061
2.235
2.245
2.238
2.178
