3.491
3.785
3.2939999999999996
3.7430000000000003
4.265
3.489
3.167
3.1060000000000003
3.5269999999999997
3.929
3.815
3.929
3.512
3.58
3.76
3.625
4.215
3.81
3.2680000000000002
3.739
3.7230000000000003
3.517
3.875
3.503
3.536
4.148
3.6289999999999996
3.5269999999999997
3.987
3.463
3.358
3.741
3.658
4.006
3.057
3.252
2.995
3.932
3.931
4.162
3.478
3.54
3.3930000000000002
3.551
3.906
3.551
3.498
3.555
4.004
4.007
4.013
3.753
3.967
3.688
3.886
3.427
3.803
3.8480000000000003
3.5860000000000003
3.7910000000000004
4.0489999999999995
3.932
4.055
4.012
4.156000000000001
4.212
2.97
4.114
3.832
3.179
4.063
4.131
3.945
3.68
4.257
3.9330000000000003
3.508
4.008
3.7710000000000004
3.8989999999999996
3.825
3.813
3.4939999999999998
3.469
3.35
3.5580000000000003
3.698
3.647
3.502
3.602
3.715
3.9610000000000003
3.7539999999999996
3.468
3.75
4.215
3.987
3.988
3.55
4.0089999999999995
3.091
3.03
4.2139999999999995
3.759
3.545
4.133
3.716
3.574
3.488
3.437
3.615
3.97
3.36
3.6039999999999996
3.5660000000000003
3.062
3.7710000000000004
3.7710000000000004
3.466
3.878
4.023
3.273
3.858
3.92
2.766
3.8489999999999998
3.761
3.7939999999999996
4.02
3.615
3.804
3.219
3.8339999999999996
3.8139999999999996
3.469
3.733
3.656
3.758
3.656
3.5789999999999997
3.864
3.977
3.736
3.4989999999999997
3.995
4.075
4.2010000000000005
3.89
4.156000000000001
3.6289999999999996
3.437
3.964
3.383
3.716
3.477
3.6180000000000003
3.679
4.084
3.3680000000000003
2.8539999999999996
3.9539999999999997
3.781
4.2139999999999995
3.5780000000000003
3.588
3.343
4.018
3.778
4.329
3.628
3.472
3.4339999999999997
3.877
3.5189999999999997
3.759
3.805
3.7319999999999998
3.5410000000000004
3.99
3.4160000000000004
3.7239999999999998
3.531
3.08
4.251
3.728
3.637
3.984
3.532
3.6319999999999997
3.41
3.13
4.334
3.9010000000000002
3.8989999999999996
3.5460000000000003
3.513
3.903
2.9619999999999997
3.7
3.9939999999999998
3.367
3.787
3.3960000000000004
4.156000000000001
3.8510000000000004
4.053999999999999
3.5869999999999997
3.888
3.822
3.991
4.072
3.8360000000000003
3.389
4.308
3.3280000000000003
3.105
3.8510000000000004
3.895
4.131
3.304
3.9360000000000004
3.7239999999999998
3.551
3.8930000000000002
4.05
3.248
3.945
4.09
4.235
4.3260000000000005
3.658
3.5580000000000003
3.713
4.211
3.7560000000000002
3.8569999999999998
4.158
4.388
2.873
3.992
3.5589999999999997
3.923
3.623
4.248
3.628
3.497
4.388
3.955
3.549
3.852
3.574
3.951
3.963
3.677
3.858
3.492
3.5789999999999997
3.55
3.7239999999999998
3.719
3.465
3.801
4.0489999999999995
3.9810000000000003
3.715
3.764
3.855
3.915
3.557
3.5810000000000004
4.004
3.514
3.71
3.818
3.34
3.593
4.0889999999999995
3.049
3.9560000000000004
4.338
3.9139999999999997
3.11
3.318
4.298
3.498
3.593
3.6310000000000002
3.412
4.008
3.362
3.531
3.946
3.08
3.657
3.924
3.7110000000000003
4.15
4.118
3.313
4.056
3.2039999999999997
3.718
3.5669999999999997
4.206
4.175
4.02
3.3289999999999997
4.011
3.463
3.905
3.7310000000000003
2.96
3.728
3.931
3.148
3.577
3.5380000000000003
3.4010000000000002
3.877
4.194
3.395
4.274
3.995
3.6489999999999996
3.361
4.022
4.025
3.444
3.523
3.6310000000000002
3.888
3.198
3.917
4.298
3.97
3.235
3.823
3.9130000000000003
4.204
3.492
3.391
3.4930000000000003
3.514
2.8110000000000004
3.717
3.355
4.24
3.458
3.81
3.798
3.62
3.6260000000000003
3.7489999999999997
4.248
3.404
3.384
3.955
3.818
3.7439999999999998
4.061
4.169
3.415
4.034
3.761
3.679
3.7560000000000002
3.498
3.8680000000000003
3.767
4.1930000000000005
3.6630000000000003
3.66
3.915
3.707
3.7060000000000004
3.912
3.1839999999999997
3.6910000000000003
3.577
3.9560000000000004
3.7439999999999998
3.698
3.736
4.018
4.155
3.528
3.79
3.3289999999999997
3.762
3.773
3.347
3.647
3.818
4.091
3.8739999999999997
3.245
3.9619999999999997
3.7039999999999997
3.597
3.7119999999999997
3.907
3.955
3.6460000000000004
3.761
3.978
3.7239999999999998
3.8369999999999997
3.835
3.495
3.886
4.015
3.84
3.7319999999999998
3.721
3.8160000000000003
3.583
3.911
4.2139999999999995
3.5269999999999997
3.673
3.7289999999999996
3.47
3.262
3.4139999999999997
3.938
3.8169999999999997
3.992
4.034
3.806
3.553
3.967
3.173
4.02
2.6910000000000003
3.9730000000000003
3.99
3.9810000000000003
3.887
4.048
4.023
2.8139999999999996
3.952
3.571
3.7739999999999996
2.958
3.49
3.4930000000000003
4.417
4.021
3.9360000000000004
3.697
3.486
3.807
2.911
3.623
3.0239999999999996
3.762
3.867
3.4010000000000002
3.804
3.9810000000000003
3.7510000000000003
