3.354
4.004
3.138
3.706
3.784
3.732
3.694
3.4160000000000004
3.78
3.61
3.574
3.644
3.932
3.766
3.782
3.785
3.682
3.964
3.154
3.837
4.26
3.406
3.988
3.992
4.03
3.54
3.5460000000000003
3.623
3.567
3.2060000000000004
3.705
3.491
3.965
4.006
3.543
3.817
3.705
3.685
3.502
3.059
3.947
3.668
4.253
4.269
3.419
3.741
3.942
3.4560000000000004
3.539
3.822
3.306
3.349
4.198
3.895
3.678
3.912
3.229
4.242
3.782
3.511
3.985
4.109
3.322
3.26
3.322
3.623
4.273
3.725
3.833
4.049
3.758
3.5210000000000004
4.01
3.747
3.502
3.557
3.775
4.035
4.1610000000000005
4.184
2.895
2.905
4.335
3.49
4.138
3.946
3.234
3.4410000000000003
3.753
3.912
3.866
4.045
4.273
3.781
3.797
4.335
4.067
4.032
3.72
3.679
4.474
3.688
3.321
3.39
3.785
3.537
3.564
4.0710000000000015
3.513
3.004
3.178
3.823
3.117
4.305
2.934
3.719
3.721
3.656
3.932
4.347
3.709
3.618
3.656
3.67
3.451
3.583
4.017
3.44
4.051
3.957
4.36
3.807
4.13
4.189
3.565
4.039
4.365
3.24
3.367
3.494
3.141
3.693
3.782
3.3560000000000003
3.662
3.285
3.597
3.885
3.543
3.985
3.562
3.999
4.04
3.952
3.621
3.743
3.139
4.088
4.109
3.763
3.478
3.911
3.943
4.248
3.478
3.542
3.709
4.11
3.986
3.615
3.823
3.916
3.98
3.79
3.764
3.281
3.3760000000000003
3.748
3.788
3.339
4.001
3.98
3.776
4.027
3.518
4.055
3.364
4.194
3.968
4.146
4.1110000000000015
4.347
3.954
4.234
3.914
4.003
3.664
3.848
3.424
3.285
3.585
3.843
3.603
3.669
3.756
3.676
4.272
3.52
3.743
3.86
4.001
4.064
4.331
3.809
4.158
3.824
3.838
3.811
3.77
3.65
3.85
3.665
3.945
3.241
3.919
3.996
3.848
3.4
3.787
4.053
4.25
3.075
3.908
3.687
3.88
3.235
3.756
3.498
3.619
4.1930000000000005
4.199
3.358
3.873
3.81
4.002
3.549
3.497
3.213
3.771
3.03
3.649
3.2510000000000003
4.117
3.752
4.005
3.57
3.783
3.426
3.785
3.404
4.421
3.37
3.862
3.309
3.668
3.744
3.976
3.245
3.506
3.366
3.93
4.477
3.871
3.968
3.867
3.701
4.01
3.07
4.0280000000000005
2.9930000000000003
4.375
4.023
3.805
3.985
3.659
4.003
3.553
4.122
3.739
3.497
3.604
2.949
4.087
3.844
3.504
3.43
3.653
3.765
3.708
3.457
3.815
4.142
3.956
4.292
3.894
3.218
3.392
3.987
3.655
3.931
3.148
3.358
3.437
4.06
3.562
3.779
3.886
3.611
3.614
3.995
4.189
4.2860000000000005
3.706
3.773
4.037
4.237
3.665
3.134
3.994
3.716
3.704
3.828
3.594
3.907
4.163
3.897
3.653
3.097
3.761
3.53
3.725
3.726
3.921
3.5580000000000003
4.274
4.313
3.192
3.661
3.119
3.52
3.946
4.018
3.512
3.355
3.704
3.996
4.012
3.762
3.437
3.737
3.791
4.033
3.623
4.417
4.36
4.077
4.023
3.442
3.951
3.5210000000000004
3.837
4.2
3.2430000000000003
3.592
3.855
4.057
3.838
2.739
2.915
3.588
4.078
3.435
3.664
3.952
3.906
3.842
3.548
3.4560000000000004
3.0780000000000003
3.826
3.978
3.721
4.1389999999999985
4.277
3.83
3.949
3.872
4.245
3.747
3.536
3.828
3.45
3.943
3.836
3.526
3.644
4.4510000000000005
4.1960000000000015
4.1530000000000005
3.317
3.175
4.024
4.1960000000000015
4.055
3.64
3.935
3.855
3.771
4.363
3.332
3.91
4.191
4.401
3.215
4.2330000000000005
3.382
3.922
3.634
3.474
3.755
4.424
3.623
3.627
3.394
4.128
4.293
3.812
3.727
3.887
3.713
3.969
3.712
3.555
3.723
4.07
3.715
3.4410000000000003
3.667
3.148
3.93
3.544
3.692
3.455
4.021
3.852
3.61
3.939
4.212
3.628
3.617
3.864
4.464
3.391
4.058
3.946
4.638
4.297
4.295
4.007
3.609
4.007
3.886
3.791
4.12
4.208
3.724
4.182
4.245
3.945
4.0310000000000015
3.876
3.717
3.854
4.033
3.864
4.376
4.244
3.646
4.1930000000000005
3.654
3.515
3.841
3.528
3.43
2.98
4.215
3.474
3.718
3.343
3.667
4.309
3.531
3.622
3.504
3.649
3.644
3.248
3.704
3.95
3.884
4.303
3.662
3.894
4.009
3.115
3.972
3.29
3.934
3.798
3.634
3.623
4.162
3.402
4.176
4.325
3.915
3.936
3.295
3.899
3.675
3.374
3.1210000000000004
4.0710000000000015
4.18
3.947
3.781
3.5010000000000003
3.848
4.232
3.606
4.077
3.518
3.707
3.36
4.033
4.413
3.853
2.985
3.266
3.793
3.688
3.423
3.931
3.423
3.219
3.739
3.721
3.744
3.285
3.41
3.744
3.805
3.625
3.729
3.455
3.4810000000000003
3.637
3.562
4.01
3.5410000000000004
3.82
3.156
3.011
3.936
3.863
3.952
3.26
3.46
3.875
3.635
4.0310000000000015
4.342
4.399
3.793
3.339
3.911
3.767
3.935
3.694
3.771
3.443
3.809
3.576
2.982
3.454
4.194
3.825
3.702
4.02
3.585
3.882
3.523
3.38
3.679
3.932
3.992
3.644
3.844
3.585
3.426
3.16
3.5780000000000003
3.908
3.821
3.4
3.891
3.1860000000000004
3.913
4.027
3.153
4.1530000000000005
4.573
3.75
3.988
3.74
4.007
3.489
4.176
3.025
3.149
3.849
3.128
3.771
3.506
3.87
3.542
3.3080000000000003
4.173
4.118
3.783
3.092
2.88
3.664
4.001
3.574
3.457
3.422
3.612
4.239
3.756
3.879
4.141
3.642
3.672
3.778
3.777
3.645
3.749
3.071
3.752
3.359
4.039
2.903
3.821
4.1960000000000015
2.563
3.486
3.859
3.742
3.697
3.347
4.157
3.504
3.042
4.143
3.573
4.199
3.5660000000000003
4.134
3.794
3.793
3.478
3.354
3.817
4.027
3.862
4.279
3.958
2.963
3.683
3.347
3.628
3.67
3.903
3.152
3.667
3.381
3.575
3.132
4.42
3.57
4.04
3.826
3.938
3.299
3.739
4.2780000000000005
4.035
3.739
4.314
3.826
3.466
3.818
4.231
3.632
3.941
4.19
4.353
3.526
3.462
4.244
3.41
3.636
3.886
3.678
3.5580000000000003
3.628
3.683
4.329
3.676
3.553
3.423
3.378
4.289
4.136
3.544
3.827
3.818
3.9
3.2910000000000004
3.272
3.4
3.759
3.933
3.648
3.494
3.736
3.92
4.045
3.642
3.642
3.966
3.68
3.843
3.35
3.752
3.3160000000000003
3.979
3.837
3.863
3.91
3.46
3.718
3.9
3.854
3.712
4.115
3.599
3.765
3.797
3.9
4.283
3.214
3.829
3.747
3.801
3.821
3.701
4.207
3.629
3.332
3.842
4.151
3.4730000000000003
4.007
3.517
3.466
3.656
3.467
3.374
3.425
3.973
3.786
3.452
3.5460000000000003
3.65
3.858
4.3
3.634
3.5580000000000003
3.1910000000000003
3.274
3.89
3.931
3.754
3.98
3.393
3.872
3.292
4.328
4.047
3.404
3.455
3.954
4.136
2.894
4.164
3.827
3.361
4.03
4.069
4.016
3.153
3.967
4.027
3.892
3.969
3.619
3.656
3.573
3.479
3.584
3.65
4.362
3.165
3.5010000000000003
3.843
3.758
3.408
3.697
3.65
4.293
4.342
3.881
3.469
3.863
4.049
3.825
4.3660000000000005
3.612
3.148
3.502
3.811
3.748
3.923
3.742
3.912
3.757
3.585
3.957
4.125
3.474
3.836
3.552
3.769
3.0580000000000003
3.949
3.492
4.365
3.845
3.935
3.692
3.823
3.637
3.293
4.043
4.026
4.015
3.832
3.556
3.959
3.679
3.91
3.372
3.875
3.013
4.0
2.499
4.013
3.845
4.221
3.922
3.408
4.192
3.836
3.64
3.745
3.734
3.486
3.249
4.003
3.683
3.749
4.0
3.922
3.669
3.555
3.5980000000000003
3.099
3.867
3.966
3.758
3.657
3.766
3.832
3.836
3.571
3.874
3.584
3.548
4.045
4.084
2.6660000000000004
3.921
3.5580000000000003
3.592
3.5660000000000003
3.717
4.498
3.784
3.929
3.99
3.194
3.684
4.502
4.252
4.149
3.618
4.455
4.581
3.926
3.685
3.619
3.48
3.87
3.718
3.855
3.869
4.229
4.065
3.879
3.529
3.85
2.807
3.906
3.25
3.487
4.135
3.656
3.633
3.417
3.994
3.768
4.251
3.228
3.432
4.333
3.787
3.771
4.038
3.5980000000000003
3.761
3.502
4.064
3.582
3.751
3.647
3.428
4.0360000000000005
3.703
4.069
3.607
3.4760000000000004
4.184
3.963
3.528
3.256
3.402
4.01
3.737
4.223
3.45
4.072
3.979
3.478
3.64
3.52
3.55
3.788
4.017
3.5860000000000003
3.659
3.897
3.076
3.802
4.091
3.886
3.555
3.872
4.121
3.548
3.44
3.668
4.062
3.97
3.406
3.54
3.1830000000000003
3.61
2.872
3.238
4.058
4.239
3.419
3.684
3.708
3.861
3.899
3.701
4.399
4.089
3.852
3.162
3.46
3.827
3.511
3.595
3.632
3.903
3.559
3.139
3.64
3.428
4.045
3.668
3.847
3.335
3.3560000000000003
3.854
3.35
3.528
3.668
4.488
3.575
3.507
3.65
4.24
3.463
3.715
3.887
4.024
3.2710000000000004
3.913
3.88
3.942
4.008
3.47
3.404
3.562
4.051
3.851
3.463
3.962
3.807
3.582
3.51
3.851
3.863
3.1860000000000004
4.053
3.978
3.788
3.962
3.24
3.999
3.377
3.53
4.449
3.426
3.4
3.304
3.225
4.283
3.966
3.882
3.184
3.753
3.715
3.338
4.3439999999999985
4.015
3.865
3.764
3.124
4.013
3.791
3.429
3.752
3.043
4.0680000000000005
3.658
3.435
3.707
3.815
4.024
4.186
3.393
3.627
3.699
3.478
4.125
3.408
4.323
3.966
3.866
4.124
3.714
3.762
3.791
2.827
3.977
3.423
3.54
3.624
3.929
3.679
3.861
3.641
3.3510000000000004
3.495
3.851
3.91
4.274
3.711
3.527
3.817
3.693
4.158
3.796
4.03
3.994
3.909
3.744
3.832
3.595
3.692
3.902
3.762
3.613
3.725
3.819
3.614
4.066
3.524
3.34
3.883
3.997
3.657
3.734
3.477
3.509
4.005
4.134
4.109
3.806
3.782
4.04
3.781
3.684
3.678
3.495
3.761
2.984
3.629
4.091
3.824
3.345
3.089
3.686
2.434
3.335
3.981
3.725
3.836
3.394
4.523
3.797
3.652
3.559
3.319
3.737
3.46
3.342
3.886
3.5780000000000003
3.5410000000000004
4.231
4.498
4.105
4.073
3.763
3.519
2.874
3.758
3.595
3.618
3.879
4.104
3.86
3.448
3.7
3.696
3.096
3.79
3.528
3.474
3.823
3.28
3.888
3.796
4.195
3.945
3.843
3.4930000000000003
3.187
3.866
3.99
3.8
3.724
3.228
3.52
3.365
3.04
3.477
4.442
3.177
3.694
3.907
3.165
3.766
4.566
3.672
3.549
3.722
4.199
3.5980000000000003
4.138
3.838
3.4930000000000003
3.605
3.806
3.29
3.447
3.547
3.629
3.637
3.518
3.91
3.667
3.874
3.764
3.4960000000000004
3.2230000000000003
3.635
3.815
3.606
3.867
3.528
4.157
3.55
3.972
4.144
3.549
3.737
3.409
2.9160000000000004
3.966
3.443
3.627
3.639
3.795
3.625
3.789
3.395
3.363
3.945
3.781
3.559
3.829
4.177
4.046
4.008
3.75
3.667
3.773
3.787
3.812
4.095
3.802
3.99
3.45
3.484
3.997
3.808
3.918
3.509
3.759
3.733
4.091
4.067
3.244
4.1110000000000015
4.198
3.697
3.904
4.154
4.013
3.442
3.933
3.529
3.907
3.676
3.809
4.2410000000000005
4.0539999999999985
3.711
3.895
3.679
3.439
4.16
3.554
3.681
3.812
3.932
4.513
3.736
4.4289999999999985
3.602
2.928
3.914
4.007
3.102
3.522
3.774
3.334
4.35
3.656
3.842
3.96
4.29
3.682
3.313
3.7
3.89
3.881
3.513
3.79
2.518
3.722
3.807
3.807
3.512
3.706
4.056
3.68
3.49
3.878
3.86
3.882
4.057
3.884
3.804
3.487
3.927
3.92
4.273
4.316
3.839
4.517
4.1110000000000015
3.977
3.917
3.667
3.974
3.852
3.905
3.826
4.272
3.897
3.674
3.5780000000000003
3.646
3.757
4.125
3.698
3.595
3.881
3.901
4.022
3.273
3.934
3.904
4.335
3.731
3.269
4.166
4.165
3.805
3.487
3.661
3.702
4.204
3.557
3.696
3.494
3.54
3.46
3.882
4.204
4.544
3.97
3.869
3.648
3.746
3.755
3.852
3.791
3.715
3.182
3.885
3.442
3.958
3.55
3.889
3.306
3.21
3.939
4.042
4.314
4.5
3.995
3.83
3.411
4.003
3.036
3.7
3.684
3.922
3.464
4.415
3.671
3.912
3.717
3.85
3.623
4.006
3.249
3.99
3.728
3.693
4.134
3.917
3.847
4.209
4.105
3.722
4.128
3.2110000000000003
3.807
3.64
3.817
3.562
4.3039999999999985
3.14
4.171
3.872
3.616
3.998
4.198
3.3680000000000003
4.249
3.913
3.05
3.818
3.469
3.634
3.765
3.987
3.938
3.897
3.751
4.238
3.707
4.095
3.324
4.038
3.719
4.32
4.188
3.995
3.535
3.2460000000000004
3.937
3.874
3.898
3.887
3.562
3.562
3.72
3.953
3.439
3.403
3.361
3.802
3.741
4.096
3.151
3.487
3.872
3.76
3.657
3.426
4.405
3.943
3.1460000000000004
3.719
3.5210000000000004
4.283
3.844
3.79
2.781
4.336
3.662
4.109
3.844
3.36
3.6010000000000004
3.552
3.284
3.475
3.881
3.749
3.669
3.723
3.556
4.315
3.688
4.249
3.357
3.523
3.636
3.783
3.8
4.441
3.263
3.762
3.548
3.555
3.635
3.26
3.579
3.645
3.796
3.805
3.749
3.504
3.534
3.072
3.572
3.379
3.623
2.735
4.138
4.058
4.034
3.737
4.05
3.75
3.467
4.174
3.646
3.979
3.825
4.083
3.5810000000000004
4.206
3.323
4.048
4.198
3.683
3.252
3.35
3.71
3.482
3.382
3.803
3.651
3.564
3.834
3.659
3.1210000000000004
3.63
2.752
3.043
4.174
3.914
3.986
4.052
3.927
3.993
3.714
3.826
3.854
4.053
3.834
3.517
3.962
3.5010000000000003
3.865
4.103
4.298
3.743
3.818
4.001
3.359
3.727
3.815
3.999
3.856
3.0810000000000004
3.775
4.142
3.605
3.918
3.727
3.666
3.1180000000000003
4.349
3.572
3.749
4.436
4.042
3.66
3.935
3.888
3.173
3.698
4.211
4.148
3.536
3.908
2.81
4.2360000000000015
3.64
3.144
3.669
3.79
3.878
3.15
3.3480000000000003
4.114
3.221
3.859
4.026
3.489
3.659
3.745
3.753
4.533
3.678
3.619
4.188
3.818
4.102
3.657
3.65
4.224
3.71
3.955
3.987
3.917
3.895
3.741
3.775
3.528
3.408
3.97
3.5780000000000003
3.998
3.963
3.654
3.969
3.962
3.143
3.956
3.68
4.011
3.672
3.537
3.708
3.533
3.389
3.886
3.914
3.665
3.921
3.224
4.152
3.4410000000000003
3.823
3.723
4.089
4.282
3.202
4.192
4.21
2.9330000000000003
3.151
3.102
3.645
3.694
3.934
3.711
3.762
3.738
3.768
4.0
3.628
3.9
4.18
3.813
4.274
3.99
3.922
3.654
3.654
3.97
3.859
3.896
3.612
3.498
3.631
3.927
3.34
3.877
3.428
3.344
3.606
3.809
4.105
3.385
3.849
3.855
3.719
3.444
3.982
2.858
4.222
4.012
2.6860000000000004
3.747
3.617
3.593
3.722
3.418
4.329
4.2330000000000005
3.342
3.708
3.94
3.793
3.946
3.573
4.288
2.837
3.81
2.986
3.531
3.89
3.964
4.235
3.633
3.762
3.855
3.53
3.703
3.498
3.985
3.556
3.746
3.997
3.933
3.891
3.979
4.515
3.852
3.478
3.647
4.061
3.962
3.767
3.851
4.332
3.957
3.638
3.942
3.666
3.7
3.691
3.491
3.094
3.4210000000000003
3.914
4.026
3.987
4.36
4.218
3.544
3.925
2.787
3.491
3.593
4.125
3.633
3.672
3.563
3.709
3.707
3.304
3.446
3.576
4.099
3.987
3.247
