3.3539999999999996
4.004
3.138
3.7060000000000004
3.784
3.7319999999999998
3.694
3.4160000000000004
3.78
3.61
3.574
3.6439999999999997
3.932
3.766
3.782
3.785
3.682
3.964
3.154
3.8369999999999997
4.26
3.406
3.988
3.992
4.03
3.54
3.5460000000000003
3.623
3.5669999999999997
3.2060000000000004
3.705
3.491
3.965
4.006
3.543
3.8169999999999997
3.705
3.685
3.502
3.0589999999999997
3.947
3.668
4.253
4.269
3.4189999999999996
3.741
3.9419999999999997
3.4560000000000004
3.5389999999999997
3.822
3.306
3.3489999999999998
4.198
3.895
3.678
3.912
3.2289999999999996
4.242
3.782
3.511
3.985
4.109
3.322
3.26
3.322
3.623
4.273
3.725
3.833
4.0489999999999995
3.758
3.5210000000000004
4.01
3.747
3.502
3.557
3.775
4.035
4.1610000000000005
4.184
2.895
2.905
4.335
3.49
4.138
3.946
3.234
3.4410000000000003
3.753
3.912
3.866
4.045
4.273
3.781
3.7969999999999997
4.335
4.067
4.032
3.72
3.679
4.474
3.688
3.321
3.39
3.785
3.537
3.5639999999999996
4.071000000000001
3.513
3.0039999999999996
3.178
3.823
3.117
4.305
2.9339999999999997
3.719
3.721
3.656
3.932
4.3469999999999995
3.7089999999999996
3.6180000000000003
3.656
3.67
3.451
3.583
4.0169999999999995
3.44
4.051
3.957
4.36
3.807
4.13
4.189
3.565
4.039
4.365
3.24
3.367
3.4939999999999998
3.141
3.693
3.782
3.3560000000000003
3.662
3.285
3.597
3.885
3.543
3.985
3.562
3.9989999999999997
4.04
3.952
3.6210000000000004
3.7430000000000003
3.139
4.088
4.109
3.763
3.478
3.911
3.943
4.248
3.478
3.542
3.7089999999999996
4.11
3.986
3.615
3.823
3.9160000000000004
3.98
3.79
3.764
3.281
3.3760000000000003
3.748
3.7880000000000003
3.339
4.001
3.98
3.7760000000000002
4.027
3.5180000000000002
4.055
3.364
4.194
3.968
4.146
4.111000000000001
4.3469999999999995
3.9539999999999997
4.234
3.9139999999999997
4.003
3.6639999999999997
3.8480000000000003
3.424
3.285
3.585
3.843
3.603
3.6689999999999996
3.7560000000000002
3.676
4.272
3.52
3.7430000000000003
3.86
4.001
4.064
4.331
3.8089999999999997
4.158
3.824
3.838
3.8110000000000004
3.77
3.65
3.85
3.665
3.945
3.241
3.9189999999999996
3.9960000000000004
3.8480000000000003
3.4
3.787
4.053
4.25
3.075
3.908
3.687
3.88
3.235
3.7560000000000002
3.498
3.6189999999999998
4.1930000000000005
4.199
3.358
3.873
3.81
4.002
3.549
3.497
3.213
3.7710000000000004
3.03
3.6489999999999996
3.2510000000000003
4.117
3.752
4.005
3.57
3.783
3.426
3.785
3.404
4.421
3.37
3.862
3.3089999999999997
3.668
3.7439999999999998
3.9760000000000004
3.245
3.5060000000000002
3.366
3.93
4.477
3.8710000000000004
3.968
3.867
3.701
4.01
3.07
4.0280000000000005
2.9930000000000003
4.375
4.023
3.805
3.985
3.659
4.003
3.553
4.122
3.739
3.497
3.6039999999999996
2.949
4.087
3.844
3.5039999999999996
3.43
3.653
3.765
3.708
3.457
3.815
4.1419999999999995
3.9560000000000004
4.292
3.8939999999999997
3.218
3.392
3.987
3.655
3.931
3.148
3.358
3.437
4.06
3.562
3.779
3.886
3.611
3.614
3.995
4.189
4.2860000000000005
3.7060000000000004
3.773
4.037
4.237
3.665
3.134
3.9939999999999998
3.716
3.7039999999999997
3.8280000000000003
3.594
3.907
4.163
3.897
3.653
3.097
3.761
3.53
3.725
3.7260000000000004
3.9210000000000003
3.5580000000000003
4.274
4.313
3.1919999999999997
3.661
3.1189999999999998
3.52
3.946
4.018
3.512
3.355
3.7039999999999997
3.9960000000000004
4.012
3.762
3.437
3.737
3.7910000000000004
4.033
3.623
4.417
4.36
4.077
4.023
3.4419999999999997
3.951
3.5210000000000004
3.8369999999999997
4.2
3.2430000000000003
3.592
3.855
4.0569999999999995
3.838
2.739
2.915
3.588
4.078
3.435
3.6639999999999997
3.952
3.906
3.842
3.548
3.4560000000000004
3.0780000000000003
3.826
3.978
3.721
4.138999999999999
4.277
3.83
3.949
3.872
4.245
3.747
3.536
3.8280000000000003
3.45
3.943
3.8360000000000003
3.5260000000000002
3.6439999999999997
4.4510000000000005
4.196000000000001
4.1530000000000005
3.3169999999999997
3.175
4.024
4.196000000000001
4.055
3.64
3.935
3.855
3.7710000000000004
4.363
3.332
3.91
4.191
4.401
3.215
4.2330000000000005
3.3819999999999997
3.9219999999999997
3.634
3.4739999999999998
3.755
4.4239999999999995
3.623
3.627
3.3939999999999997
4.128
4.293
3.812
3.727
3.887
3.713
3.969
3.7119999999999997
3.555
3.7230000000000003
4.07
3.715
3.4410000000000003
3.667
3.148
3.93
3.5439999999999996
3.6919999999999997
3.455
4.021
3.852
3.61
3.9389999999999996
4.212
3.628
3.617
3.864
4.4639999999999995
3.391
4.058
3.946
4.638
4.297
4.295
4.007
3.609
4.007
3.886
3.7910000000000004
4.12
4.208
3.7239999999999998
4.1819999999999995
4.245
3.945
4.031000000000001
3.8760000000000003
3.717
3.8539999999999996
4.033
3.864
4.376
4.244
3.6460000000000004
4.1930000000000005
3.654
3.515
3.841
3.528
3.43
2.98
4.215
3.4739999999999998
3.718
3.343
3.667
4.309
3.531
3.622
3.5039999999999996
3.6489999999999996
3.6439999999999997
3.248
3.7039999999999997
3.95
3.884
4.303
3.662
3.8939999999999997
4.0089999999999995
3.115
3.972
3.29
3.9339999999999997
3.798
3.634
3.623
4.162
3.4019999999999997
4.176
4.325
3.915
3.9360000000000004
3.295
3.8989999999999996
3.675
3.3739999999999997
3.1210000000000004
4.071000000000001
4.18
3.947
3.781
3.5010000000000003
3.8480000000000003
4.232
3.6060000000000003
4.077
3.5180000000000002
3.707
3.36
4.033
4.413
3.853
2.985
3.266
3.793
3.688
3.423
3.931
3.423
3.219
3.739
3.721
3.7439999999999998
3.285
3.41
3.7439999999999998
3.805
3.625
3.7289999999999996
3.455
3.4810000000000003
3.637
3.562
4.01
3.5410000000000004
3.82
3.156
3.011
3.9360000000000004
3.863
3.952
3.26
3.46
3.875
3.635
4.031000000000001
4.342
4.399
3.793
3.339
3.911
3.767
3.935
3.694
3.7710000000000004
3.443
3.8089999999999997
3.576
2.9819999999999998
3.4539999999999997
4.194
3.825
3.702
4.02
3.585
3.8819999999999997
3.523
3.38
3.679
3.932
3.992
3.6439999999999997
3.844
3.585
3.426
3.16
3.5780000000000003
3.908
3.821
3.4
3.891
3.1860000000000004
3.9130000000000003
4.027
3.153
4.1530000000000005
4.573
3.75
3.988
3.74
4.007
3.489
4.176
3.025
3.1489999999999996
3.8489999999999998
3.128
3.7710000000000004
3.5060000000000002
3.87
3.542
3.3080000000000003
4.173
4.118
3.783
3.092
2.88
3.6639999999999997
4.001
3.574
3.457
3.4219999999999997
3.612
4.239
3.7560000000000002
3.8789999999999996
4.141
3.642
3.6719999999999997
3.778
3.7769999999999997
3.645
3.7489999999999997
3.071
3.752
3.359
4.039
2.903
3.821
4.196000000000001
2.563
3.486
3.859
3.742
3.697
3.347
4.157
3.5039999999999996
3.042
4.143
3.573
4.199
3.5660000000000003
4.1339999999999995
3.7939999999999996
3.793
3.478
3.3539999999999996
3.8169999999999997
4.027
3.862
4.279
3.958
2.963
3.6830000000000003
3.347
3.628
3.67
3.903
3.1519999999999997
3.667
3.3810000000000002
3.575
3.1319999999999997
4.42
3.57
4.04
3.826
3.938
3.299
3.739
4.2780000000000005
4.035
3.739
4.314
3.826
3.466
3.818
4.231
3.6319999999999997
3.9410000000000003
4.19
4.353
3.5260000000000002
3.4619999999999997
4.244
3.41
3.636
3.886
3.678
3.5580000000000003
3.628
3.6830000000000003
4.329
3.676
3.553
3.423
3.378
4.289
4.136
3.5439999999999996
3.827
3.818
3.9
3.2910000000000004
3.272
3.4
3.759
3.9330000000000003
3.648
3.4939999999999998
3.736
3.92
4.045
3.642
3.642
3.966
3.68
3.843
3.35
3.752
3.3160000000000003
3.9789999999999996
3.8369999999999997
3.863
3.91
3.46
3.718
3.9
3.8539999999999996
3.7119999999999997
4.115
3.5989999999999998
3.765
3.7969999999999997
3.9
4.283
3.214
3.8289999999999997
3.747
3.801
3.821
3.701
4.207
3.6289999999999996
3.332
3.842
4.151
3.4730000000000003
4.007
3.517
3.466
3.656
3.467
3.3739999999999997
3.425
3.9730000000000003
3.786
3.452
3.5460000000000003
3.65
3.858
4.3
3.634
3.5580000000000003
3.1910000000000003
3.2739999999999996
3.89
3.931
3.7539999999999996
3.98
3.3930000000000002
3.872
3.292
4.328
4.047
3.404
3.455
3.9539999999999997
4.136
2.8939999999999997
4.164
3.827
3.361
4.03
4.069
4.016
3.153
3.967
4.027
3.892
3.969
3.6189999999999998
3.656
3.573
3.4789999999999996
3.5839999999999996
3.65
4.362
3.165
3.5010000000000003
3.843
3.758
3.408
3.697
3.65
4.293
4.342
3.8810000000000002
3.469
3.863
4.0489999999999995
3.825
4.3660000000000005
3.612
3.148
3.502
3.8110000000000004
3.748
3.923
3.742
3.912
3.7569999999999997
3.585
3.957
4.125
3.4739999999999998
3.8360000000000003
3.552
3.7689999999999997
3.0580000000000003
3.949
3.492
4.365
3.845
3.935
3.6919999999999997
3.823
3.637
3.293
4.043
4.026
4.015
3.832
3.556
3.9589999999999996
3.679
3.91
3.372
3.875
3.013
4.0
2.499
4.013
3.845
4.221
3.9219999999999997
3.408
4.192
3.8360000000000003
3.64
3.745
3.734
3.486
3.2489999999999997
4.003
3.6830000000000003
3.7489999999999997
4.0
3.9219999999999997
3.6689999999999996
3.555
3.5980000000000003
3.0989999999999998
3.867
3.966
3.758
3.657
3.766
3.832
3.8360000000000003
3.571
3.8739999999999997
3.5839999999999996
3.548
4.045
4.084
2.6660000000000004
3.9210000000000003
3.5580000000000003
3.592
3.5660000000000003
3.717
4.498
3.784
3.929
3.99
3.194
3.6839999999999997
4.502
4.252
4.149
3.6180000000000003
4.455
4.581
3.926
3.685
3.6189999999999998
3.48
3.87
3.718
3.855
3.8689999999999998
4.229
4.065
3.8789999999999996
3.529
3.85
2.807
3.906
3.25
3.487
4.135
3.656
3.633
3.417
3.9939999999999998
3.7680000000000002
4.251
3.228
3.432
4.333
3.787
3.7710000000000004
4.038
3.5980000000000003
3.761
3.502
4.064
3.582
3.7510000000000003
3.647
3.428
4.0360000000000005
3.7030000000000003
4.069
3.6069999999999998
3.4760000000000004
4.184
3.963
3.528
3.2560000000000002
3.4019999999999997
4.01
3.737
4.223
3.45
4.072
3.9789999999999996
3.478
3.64
3.52
3.55
3.7880000000000003
4.0169999999999995
3.5860000000000003
3.659
3.897
3.076
3.802
4.091
3.886
3.555
3.872
4.121
3.548
3.44
3.668
4.062
3.97
3.406
3.54
3.1830000000000003
3.61
2.872
3.238
4.058
4.239
3.4189999999999996
3.6839999999999997
3.708
3.861
3.8989999999999996
3.701
4.399
4.0889999999999995
3.852
3.162
3.46
3.827
3.511
3.595
3.6319999999999997
3.903
3.5589999999999997
3.139
3.64
3.428
4.045
3.668
3.847
3.335
3.3560000000000003
3.8539999999999996
3.35
3.528
3.668
4.488
3.575
3.5069999999999997
3.65
4.24
3.463
3.715
3.887
4.024
3.2710000000000004
3.9130000000000003
3.88
3.9419999999999997
4.008
3.47
3.404
3.562
4.051
3.8510000000000004
3.463
3.9619999999999997
3.807
3.582
3.51
3.8510000000000004
3.863
3.1860000000000004
4.053
3.978
3.7880000000000003
3.9619999999999997
3.24
3.9989999999999997
3.377
3.53
4.449
3.426
3.4
3.304
3.225
4.283
3.966
3.8819999999999997
3.1839999999999997
3.753
3.715
3.338
4.343999999999999
4.015
3.865
3.764
3.1239999999999997
4.013
3.7910000000000004
3.429
3.752
3.043
4.0680000000000005
3.658
3.435
3.707
3.815
4.024
4.186
3.3930000000000002
3.627
3.699
3.478
4.125
3.408
4.323
3.966
3.866
4.124
3.714
3.762
3.7910000000000004
2.827
3.977
3.423
3.54
3.6239999999999997
3.929
3.679
3.861
3.641
3.3510000000000004
3.495
3.8510000000000004
3.91
4.274
3.7110000000000003
3.5269999999999997
3.8169999999999997
3.693
4.158
3.7960000000000003
4.03
3.9939999999999998
3.909
3.7439999999999998
3.832
3.595
3.6919999999999997
3.9019999999999997
3.762
3.613
3.725
3.819
3.614
4.066
3.5239999999999996
3.34
3.883
3.997
3.657
3.734
3.477
3.509
4.005
4.1339999999999995
4.109
3.806
3.782
4.04
3.781
3.6839999999999997
3.678
3.495
3.761
2.984
3.6289999999999996
4.091
3.824
3.345
3.089
3.6860000000000004
2.434
3.335
3.9810000000000003
3.725
3.8360000000000003
3.3939999999999997
4.523
3.7969999999999997
3.6519999999999997
3.5589999999999997
3.319
3.737
3.46
3.342
3.886
3.5780000000000003
3.5410000000000004
4.231
4.498
4.105
4.073
3.763
3.5189999999999997
2.8739999999999997
3.758
3.595
3.6180000000000003
3.8789999999999996
4.104
3.86
3.448
3.7
3.696
3.096
3.79
3.528
3.4739999999999998
3.823
3.28
3.888
3.7960000000000003
4.195
3.945
3.843
3.4930000000000003
3.187
3.866
3.99
3.8
3.7239999999999998
3.228
3.52
3.365
3.04
3.477
4.442
3.177
3.694
3.907
3.165
3.766
4.566
3.6719999999999997
3.549
3.722
4.199
3.5980000000000003
4.138
3.838
3.4930000000000003
3.605
3.806
3.29
3.447
3.5469999999999997
3.6289999999999996
3.637
3.5180000000000002
3.91
3.667
3.8739999999999997
3.764
3.4960000000000004
3.2230000000000003
3.635
3.815
3.6060000000000003
3.867
3.528
4.157
3.55
3.972
4.144
3.549
3.737
3.409
2.9160000000000004
3.966
3.443
3.627
3.639
3.795
3.625
3.7889999999999997
3.395
3.363
3.945
3.781
3.5589999999999997
3.8289999999999997
4.177
4.046
4.008
3.75
3.667
3.773
3.787
3.812
4.095
3.802
3.99
3.45
3.484
3.997
3.8080000000000003
3.918
3.509
3.759
3.733
4.091
4.067
3.2439999999999998
4.111000000000001
4.198
3.697
3.904
4.154
4.013
3.4419999999999997
3.9330000000000003
3.529
3.907
3.676
3.8089999999999997
4.2410000000000005
4.053999999999999
3.7110000000000003
3.895
3.679
3.4389999999999996
4.16
3.554
3.681
3.812
3.932
4.513
3.736
4.428999999999999
3.602
2.928
3.9139999999999997
4.007
3.102
3.522
3.7739999999999996
3.3339999999999996
4.35
3.656
3.842
3.96
4.29
3.682
3.313
3.7
3.89
3.8810000000000002
3.513
3.79
2.5180000000000002
3.722
3.807
3.807
3.512
3.7060000000000004
4.056
3.68
3.49
3.878
3.86
3.8819999999999997
4.0569999999999995
3.884
3.804
3.487
3.927
3.92
4.273
4.316
3.839
4.5169999999999995
4.111000000000001
3.977
3.917
3.667
3.9739999999999998
3.852
3.905
3.826
4.272
3.897
3.674
3.5780000000000003
3.6460000000000004
3.7569999999999997
4.125
3.698
3.595
3.8810000000000002
3.9010000000000002
4.022
3.273
3.9339999999999997
3.904
4.335
3.7310000000000003
3.2689999999999997
4.166
4.165
3.805
3.487
3.661
3.702
4.204
3.557
3.696
3.4939999999999998
3.54
3.46
3.8819999999999997
4.204
4.544
3.97
3.8689999999999998
3.648
3.7460000000000004
3.755
3.852
3.7910000000000004
3.715
3.182
3.885
3.4419999999999997
3.958
3.55
3.889
3.306
3.21
3.9389999999999996
4.042
4.314
4.5
3.995
3.83
3.411
4.003
3.036
3.7
3.6839999999999997
3.9219999999999997
3.464
4.415
3.6710000000000003
3.912
3.717
3.85
3.623
4.006
3.2489999999999997
3.99
3.728
3.693
4.1339999999999995
3.917
3.847
4.209
4.105
3.722
4.128
3.2110000000000003
3.807
3.64
3.8169999999999997
3.562
4.303999999999999
3.14
4.171
3.872
3.616
3.998
4.198
3.3680000000000003
4.249
3.9130000000000003
3.05
3.818
3.469
3.634
3.765
3.987
3.938
3.897
3.7510000000000003
4.238
3.707
4.095
3.324
4.038
3.719
4.32
4.188
3.995
3.535
3.2460000000000004
3.937
3.8739999999999997
3.898
3.887
3.562
3.562
3.72
3.9530000000000003
3.4389999999999996
3.403
3.361
3.802
3.741
4.096
3.1510000000000002
3.487
3.872
3.76
3.657
3.426
4.405
3.943
3.1460000000000004
3.719
3.5210000000000004
4.283
3.844
3.79
2.781
4.336
3.662
4.109
3.844
3.36
3.6010000000000004
3.552
3.284
3.475
3.8810000000000002
3.7489999999999997
3.6689999999999996
3.7230000000000003
3.556
4.315
3.688
4.249
3.3569999999999998
3.523
3.636
3.783
3.8
4.441
3.263
3.762
3.548
3.555
3.635
3.26
3.5789999999999997
3.645
3.7960000000000003
3.805
3.7489999999999997
3.5039999999999996
3.534
3.072
3.572
3.3789999999999996
3.623
2.735
4.138
4.058
4.034
3.737
4.05
3.75
3.467
4.1739999999999995
3.6460000000000004
3.9789999999999996
3.825
4.083
3.5810000000000004
4.206
3.323
4.048
4.198
3.6830000000000003
3.252
3.35
3.71
3.4819999999999998
3.3819999999999997
3.803
3.6510000000000002
3.5639999999999996
3.8339999999999996
3.659
3.1210000000000004
3.63
2.752
3.043
4.1739999999999995
3.9139999999999997
3.986
4.052
3.927
3.9930000000000003
3.714
3.826
3.8539999999999996
4.053
3.8339999999999996
3.517
3.9619999999999997
3.5010000000000003
3.865
4.103
4.298
3.7430000000000003
3.818
4.001
3.359
3.727
3.815
3.9989999999999997
3.8560000000000003
3.0810000000000004
3.775
4.1419999999999995
3.605
3.918
3.727
3.6660000000000004
3.1180000000000003
4.349
3.572
3.7489999999999997
4.436
4.042
3.66
3.935
3.888
3.173
3.698
4.211
4.148
3.536
3.908
2.81
4.236000000000001
3.64
3.1439999999999997
3.6689999999999996
3.79
3.878
3.15
3.3480000000000003
4.114
3.221
3.859
4.026
3.489
3.659
3.745
3.753
4.533
3.678
3.6189999999999998
4.188
3.818
4.102
3.657
3.65
4.224
3.71
3.955
3.987
3.917
3.895
3.741
3.775
3.528
3.408
3.97
3.5780000000000003
3.998
3.963
3.654
3.969
3.9619999999999997
3.1430000000000002
3.9560000000000004
3.68
4.011
3.6719999999999997
3.537
3.708
3.533
3.389
3.886
3.9139999999999997
3.665
3.9210000000000003
3.2239999999999998
4.152
3.4410000000000003
3.823
3.7230000000000003
4.0889999999999995
4.282
3.202
4.192
4.21
2.9330000000000003
3.1510000000000002
3.102
3.645
3.694
3.9339999999999997
3.7110000000000003
3.762
3.738
3.7680000000000002
4.0
3.628
3.9
4.18
3.813
4.274
3.99
3.9219999999999997
3.654
3.654
3.97
3.859
3.8960000000000004
3.612
3.498
3.6310000000000002
3.927
3.34
3.877
3.428
3.344
3.6060000000000003
3.8089999999999997
4.105
3.385
3.8489999999999998
3.855
3.719
3.444
3.9819999999999998
2.858
4.2219999999999995
4.012
2.6860000000000004
3.747
3.617
3.593
3.722
3.418
4.329
4.2330000000000005
3.342
3.708
3.94
3.793
3.946
3.573
4.288
2.8369999999999997
3.81
2.986
3.531
3.89
3.964
4.235
3.633
3.762
3.855
3.53
3.7030000000000003
3.498
3.985
3.556
3.7460000000000004
3.997
3.9330000000000003
3.891
3.9789999999999996
4.515
3.852
3.478
3.647
4.061
3.9619999999999997
3.767
3.8510000000000004
4.332
3.957
3.638
3.9419999999999997
3.6660000000000004
3.7
3.6910000000000003
3.491
3.094
3.4210000000000003
3.9139999999999997
4.026
3.987
4.36
4.218
3.5439999999999996
3.925
2.787
3.491
3.593
4.125
3.633
3.6719999999999997
3.563
3.7089999999999996
3.707
3.304
3.446
3.576
4.099
3.987
3.247
