2.234
2.025
2.106
2.137
2.076
2.367
2.11
2.247
2.001
2.207
1.876
2.349
2.258
2.115
2.176
2.21
2.062
1.912
2.312
2.3890000000000002
2.108
2.166
1.8840000000000001
2.165
2.048
1.8359999999999999
2.06
2.128
2.261
2.2969999999999997
2.261
2.099
2.039
2.0869999999999997
2.148
2.005
2.156
1.827
2.145
2.166
2.32
2.26
2.319
1.754
2.286
2.234
2.072
2.18
2.315
2.114
2.142
2.155
2.229
2.301
2.18
1.8630000000000002
1.9880000000000002
1.804
2.289
1.881
1.902
2.249
2.238
2.1590000000000003
2.24
2.147
1.767
1.989
2.144
2.231
1.9080000000000001
2.305
2.306
2.133
2.2430000000000003
2.32
2.345
2.086
2.225
2.146
1.886
2.204
2.0180000000000002
2.219
1.944
2.263
2.239
2.178
2.306
1.788
2.274
2.033
2.309
2.004
2.3209999999999997
2.127
1.807
2.028
2.182
1.9369999999999998
1.749
2.115
2.367
2.3040000000000003
2.23
1.7690000000000001
2.263
2.06
2.3280000000000003
2.134
2.081
2.362
2.333
2.092
1.584
2.221
2.214
2.112
2.2569999999999997
2.162
2.1590000000000003
2.12
2.13
2.102
2.0269999999999997
2.079
2.166
2.302
2.154
2.282
1.8019999999999998
2.28
2.365
2.135
1.656
1.983
2.059
1.933
2.035
2.267
2.218
2.1959999999999997
1.828
2.085
2.059
2.252
2.2319999999999998
2.298
2.221
2.244
2.377
2.156
2.309
2.0269999999999997
2.1959999999999997
2.124
2.285
2.452
2.24
2.081
2.2969999999999997
1.9269999999999998
2.258
1.9169999999999998
2.119
2.332
1.9869999999999999
2.18
1.88
2.173
2.17
2.094
2.406
2.353
2.1390000000000002
2.285
2.149
2.2430000000000003
2.22
1.9880000000000002
2.378
2.235
1.848
1.8519999999999999
2.2359999999999998
2.21
2.195
2.1069999999999998
2.202
2.295
1.933
2.162
2.33
2.056
2.272
2.157
1.912
1.985
2.122
2.247
2.276
2.275
2.134
1.749
2.2430000000000003
2.262
2.2880000000000003
2.354
2.182
2.327
2.242
2.015
1.804
2.218
2.329
2.062
2.488
2.298
2.103
2.282
2.338
2.205
1.9909999999999999
2.229
2.254
2.299
2.336
2.051
2.092
2.202
1.8980000000000001
2.2430000000000003
2.1430000000000002
2.189
2.153
2.3930000000000002
2.209
2.258
2.2030000000000003
1.666
1.969
2.369
2.173
2.1
2.144
2.421
2.178
2.138
2.148
2.294
2.147
2.121
2.32
2.3040000000000003
2.1919999999999997
2.4
1.905
1.5419999999999998
2.242
2.046
1.869
2.311
2.017
2.298
2.1430000000000002
2.306
2.347
2.279
2.262
2.126
1.946
1.791
1.837
2.121
1.9
2.266
2.281
1.932
2.088
2.1790000000000003
1.9269999999999998
2.112
2.164
2.32
2.109
1.993
1.936
1.989
2.068
2.169
2.265
2.104
2.009
2.242
2.117
2.075
2.315
2.033
1.791
2.134
2.351
1.9780000000000002
2.333
1.7409999999999999
2.124
2.189
2.023
2.073
2.07
2.093
2.1430000000000002
2.281
2.24
1.848
2.079
1.735
2.12
2.1959999999999997
2.066
1.796
2.176
2.063
2.26
2.225
2.161
2.6039999999999996
2.079
1.732
2.285
1.9469999999999998
1.755
2.16
2.11
2.036
1.734
2.32
2.262
2.258
2.093
1.9469999999999998
2.187
2.193
2.136
2.324
1.883
1.9809999999999999
2.133
1.885
2.302
1.9869999999999999
2.283
2.149
2.108
2.135
2.002
2.383
1.8659999999999999
2.0540000000000003
2.1590000000000003
2.358
2.102
2.155
2.271
2.385
1.8019999999999998
2.086
2.127
1.7630000000000001
2.186
2.082
2.32
2.421
2.0540000000000003
2.1590000000000003
2.286
2.285
2.351
2.07
2.194
2.302
2.185
2.228
1.8090000000000002
2.261
2.279
2.444
2.156
1.829
2.13
2.36
2.207
2.2230000000000003
2.146
2.251
2.247
2.245
2.411
1.922
2.1069999999999998
1.864
1.875
2.146
2.195
1.8130000000000002
1.912
2.174
1.976
1.899
2.352
2.2359999999999998
2.269
1.9969999999999999
1.89
1.8459999999999999
2.201
2.3080000000000003
2.1109999999999998
2.2569999999999997
2.119
2.252
2.481
2.404
2.432
2.151
2.265
1.864
2.153
2.2159999999999997
1.98
2.25
2.0380000000000003
2.151
1.932
2.417
2.3280000000000003
1.798
2.2569999999999997
2.5839999999999996
1.965
2.075
2.2640000000000002
2.158
2.157
2.229
2.088
2.193
2.226
2.215
1.883
2.2840000000000003
2.324
1.9980000000000002
2.29
2.064
2.436
2.384
2.235
1.9169999999999998
2.24
2.166
2.193
2.166
2.356
2.168
2.041
1.865
2.359
2.186
1.935
1.8780000000000001
2.019
1.8730000000000002
2.193
2.239
2.084
2.141
2.2969999999999997
1.851
2.2840000000000003
1.8219999999999998
2.351
2.356
2.193
2.315
2.383
1.857
2.167
2.05
1.666
1.9
2.08
2.2
2.225
2.27
2.354
2.338
2.117
2.181
2.467
2.033
2.436
2.343
2.406
2.103
2.225
2.0669999999999997
2.305
2.0269999999999997
1.7830000000000001
2.153
2.271
1.9369999999999998
2.293
2.0340000000000003
2.147
2.2319999999999998
2.1109999999999998
1.974
2.294
2.424
2.224
2.4659999999999997
2.2
1.975
2.3209999999999997
1.8980000000000001
2.364
2.062
1.794
1.9240000000000002
1.81
2.219
2.155
2.122
2.079
2.114
2.37
2.235
2.0980000000000003
2.211
2.23
2.105
2.089
2.437
2.083
1.885
2.229
2.121
2.3369999999999997
2.17
2.171
2.234
2.1919999999999997
2.298
2.1319999999999997
2.096
2.096
2.3369999999999997
2.2430000000000003
2.3890000000000002
2.215
2.214
2.1919999999999997
2.367
2.173
2.149
2.211
2.254
2.265
2.217
2.146
2.109
2.101
2.272
1.881
2.29
2.312
2.218
1.857
1.88
2.221
2.064
2.04
1.834
1.906
1.929
2.128
1.94
2.26
2.146
2.1
2.191
2.2359999999999998
1.756
1.844
2.0
2.1109999999999998
2.31
2.02
1.9369999999999998
2.258
2.0869999999999997
2.0
2.106
1.95
2.325
2.271
1.976
1.9369999999999998
2.197
1.87
2.092
2.344
2.113
1.92
2.109
2.0340000000000003
2.323
2.324
1.661
2.214
2.2969999999999997
2.02
2.226
2.07
2.19
2.072
2.202
2.102
2.148
2.2
2.031
2.131
2.074
2.191
2.245
1.676
2.305
1.996
2.186
2.157
2.131
2.082
2.154
2.182
1.966
1.854
2.2569999999999997
2.074
2.333
1.869
2.076
2.162
2.228
2.244
1.844
2.372
2.396
2.073
2.42
2.1109999999999998
2.263
2.108
2.162
2.144
1.849
2.022
1.98
2.121
2.401
2.2159999999999997
2.16
2.35
2.175
2.116
2.271
2.012
2.267
2.2159999999999997
2.283
2.292
2.1719999999999997
2.171
2.219
2.205
2.403
2.101
2.174
1.9769999999999999
2.135
2.1069999999999998
2.128
2.093
2.0580000000000003
2.155
1.965
2.075
2.3609999999999998
2.261
2.313
1.906
2.225
1.7080000000000002
2.311
2.261
2.144
2.289
1.66
2.205
1.97
2.424
2.31
2.235
1.905
2.27
2.224
2.248
1.9409999999999998
1.885
2.367
2.329
1.9069999999999998
1.9709999999999999
2.109
2.171
2.182
2.126
2.084
2.384
2.253
1.882
2.12
2.135
1.881
2.227
2.1719999999999997
2.016
1.9580000000000002
1.9240000000000002
2.331
2.0469999999999997
2.345
2.103
2.305
2.256
2.253
1.965
2.205
2.072
2.1390000000000002
2.011
2.2680000000000002
2.2
1.964
2.221
2.299
2.333
2.366
2.283
1.879
2.02
1.825
2.27
2.171
2.186
2.041
2.19
1.915
2.239
1.925
2.142
2.053
2.269
1.972
2.155
2.171
2.263
2.04
2.2840000000000003
2.251
1.817
2.36
1.973
2.1719999999999997
2.072
2.325
2.336
2.219
2.283
1.939
1.9040000000000001
2.233
2.198
2.157
2.097
2.227
2.051
2.057
2.314
2.479
2.362
2.136
1.891
2.4419999999999997
2.3680000000000003
2.249
2.237
2.218
1.703
2.093
2.4530000000000003
2.1959999999999997
2.024
2.366
1.868
1.859
2.1069999999999998
2.046
2.121
2.101
1.911
2.3040000000000003
2.07
1.815
1.943
2.228
2.056
2.3890000000000002
1.902
2.195
2.289
2.115
2.235
1.864
2.3680000000000003
2.278
2.398
2.186
2.121
2.275
2.197
1.798
2.4
1.9169999999999998
2.097
2.059
1.867
1.9369999999999998
1.815
1.9369999999999998
2.233
2.359
2.217
1.87
2.108
2.225
2.154
2.303
2.263
2.187
1.9780000000000002
1.953
1.8840000000000001
2.215
2.303
2.1790000000000003
2.177
2.142
2.469
2.394
2.3
2.0869999999999997
2.16
2.101
2.244
1.791
2.166
1.854
2.2030000000000003
2.2840000000000003
2.1790000000000003
2.3209999999999997
2.191
2.2119999999999997
2.247
1.839
1.93
2.017
2.1719999999999997
2.224
2.364
2.3080000000000003
2.221
2.292
2.375
2.305
2.187
2.076
1.965
2.269
1.962
2.256
2.244
2.498
2.097
2.153
2.363
2.269
2.029
2.145
1.959
2.146
2.0140000000000002
2.334
2.28
2.2640000000000002
2.326
2.363
2.0669999999999997
2.171
1.964
2.3080000000000003
2.213
2.138
2.209
2.254
2.158
2.64
1.854
2.037
2.399
2.185
2.309
2.412
2.1319999999999997
2.04
1.72
2.131
2.226
2.028
2.279
2.461
2.05
2.16
1.9680000000000002
2.185
2.05
2.165
2.012
2.21
1.781
2.137
2.032
2.181
2.121
2.214
2.119
2.354
2.242
2.205
2.227
1.931
1.999
2.255
2.075
2.03
2.283
2.1959999999999997
2.3080000000000003
2.162
2.12
2.173
2.214
2.239
2.079
2.46
2.346
2.045
2.215
2.1959999999999997
1.791
2.354
2.226
1.8780000000000001
2.182
2.27
1.996
2.208
2.2119999999999997
2.263
2.197
2.3930000000000002
2.05
2.291
2.201
2.383
1.9369999999999998
1.869
2.1590000000000003
2.309
2.157
2.16
2.208
2.222
2.003
2.322
2.1590000000000003
2.252
2.3409999999999997
2.181
2.189
2.063
2.105
2.3169999999999997
2.088
2.205
1.624
2.279
2.11
2.231
2.259
2.162
2.052
2.362
1.7730000000000001
2.248
2.194
2.0780000000000003
2.224
2.33
2.224
2.2030000000000003
2.272
2.299
2.225
2.397
1.886
2.267
2.225
2.22
1.885
2.289
1.9880000000000002
2.259
2.161
1.969
2.036
2.1919999999999997
2.13
2.21
2.225
2.2640000000000002
2.0180000000000002
2.251
2.077
2.325
2.199
2.129
2.123
2.184
2.251
2.205
2.103
2.2359999999999998
2.191
2.174
2.043
1.993
1.96
2.31
2.18
2.093
1.526
2.156
2.3680000000000003
2.189
2.326
2.213
2.344
2.065
1.9509999999999998
1.81
1.99
2.19
2.222
2.137
2.374
1.811
1.976
2.1319999999999997
1.855
2.249
2.323
1.959
1.8430000000000002
2.148
2.031
2.0869999999999997
2.24
1.893
1.854
2.114
2.209
2.0780000000000003
2.55
2.1919999999999997
2.19
2.222
2.181
1.7590000000000001
2.307
2.387
2.0069999999999997
1.9609999999999999
2.272
2.044
2.367
2.469
2.077
2.189
1.8940000000000001
2.286
2.235
1.965
2.133
2.109
2.094
2.2030000000000003
2.301
2.259
1.744
2.285
2.272
2.035
2.266
2.226
2.2680000000000002
2.352
2.176
2.303
2.035
2.38
2.324
2.148
2.1069999999999998
2.182
2.367
2.217
2.156
2.306
2.0669999999999997
2.25
2.326
2.168
2.227
2.156
2.092
2.282
2.044
2.202
2.234
2.309
2.1630000000000003
1.969
2.154
2.315
2.119
2.271
1.912
2.0340000000000003
2.279
1.729
1.857
2.077
2.42
2.282
2.176
2.344
2.138
1.84
2.201
2.261
2.43
2.084
2.313
2.258
2.046
2.255
2.06
2.294
2.15
2.359
2.051
2.329
2.2030000000000003
2.028
2.2230000000000003
1.883
2.21
2.123
2.178
2.23
2.191
2.193
2.324
2.275
1.9780000000000002
1.854
2.077
2.289
2.109
2.138
1.993
2.105
2.0269999999999997
2.331
1.781
2.088
2.3930000000000002
2.379
1.949
2.281
2.141
2.3209999999999997
2.022
2.235
2.335
2.356
2.2159999999999997
2.3480000000000003
2.1180000000000003
2.094
1.774
2.336
2.261
2.031
1.9169999999999998
2.445
2.231
2.271
2.166
2.068
2.242
2.131
1.969
2.168
2.0909999999999997
2.247
2.01
1.9409999999999998
1.819
1.92
2.079
2.093
2.0180000000000002
2.201
1.944
2.4219999999999997
2.251
1.791
2.05
1.8419999999999999
2.344
2.283
2.23
2.131
2.135
2.25
2.106
2.653
2.0
2.048
2.292
2.239
2.209
2.266
2.294
2.208
1.922
2.085
1.855
2.155
2.227
2.364
2.064
2.286
2.126
2.117
2.353
2.211
1.8119999999999998
2.084
2.254
2.082
2.198
2.431
2.265
2.263
1.9680000000000002
2.218
2.315
2.42
1.984
2.195
1.8319999999999999
1.851
2.562
2.259
2.209
2.211
2.31
2.303
1.916
2.2840000000000003
2.3080000000000003
2.221
2.3819999999999997
2.248
2.1519999999999997
2.447
2.292
1.986
2.252
1.6369999999999998
2.254
2.1790000000000003
2.231
2.064
2.044
2.198
1.784
2.359
1.882
2.225
2.006
2.346
1.965
2.36
2.2230000000000003
2.213
2.186
1.734
2.141
2.1430000000000002
1.761
2.2680000000000002
2.383
2.247
2.354
2.164
2.3609999999999998
2.214
2.157
2.0980000000000003
2.261
2.169
2.2
2.273
2.1180000000000003
1.962
1.771
2.019
2.224
2.204
1.8259999999999998
2.365
2.231
1.16
2.18
2.283
2.1
2.2230000000000003
2.3930000000000002
1.7009999999999998
1.8430000000000002
2.177
2.3890000000000002
2.199
1.828
2.42
2.282
2.048
2.1590000000000003
2.013
2.229
2.238
2.2230000000000003
2.4930000000000003
2.023
2.195
2.292
1.8869999999999998
2.27
2.238
2.2359999999999998
1.768
1.885
2.293
2.217
2.164
2.347
2.324
2.336
1.8630000000000002
2.2159999999999997
1.7690000000000001
2.259
1.889
2.237
2.239
1.974
2.1590000000000003
2.033
2.094
2.211
2.122
2.119
2.168
2.092
2.188
2.225
2.072
2.194
2.11
2.142
2.1919999999999997
2.363
2.283
2.3209999999999997
2.289
2.3
2.227
1.899
2.209
2.431
2.215
2.234
2.3280000000000003
2.062
2.006
1.7630000000000001
2.068
1.973
2.294
2.334
2.133
1.933
1.94
1.97
1.7790000000000001
2.227
1.9569999999999999
1.868
2.386
2.167
2.312
2.094
2.289
2.125
2.419
2.153
1.986
2.355
2.484
2.259
2.4019999999999997
2.033
1.942
2.048
2.148
2.198
2.031
1.8119999999999998
2.048
2.013
2.32
2.025
2.298
1.8319999999999999
2.424
2.299
2.224
2.248
2.015
1.9509999999999998
2.125
2.221
2.274
1.8719999999999999
2.162
1.87
1.911
2.312
2.167
2.1959999999999997
1.902
2.303
2.3280000000000003
2.24
2.351
2.1
2.5860000000000003
2.282
2.231
2.364
2.241
2.1
2.141
1.857
2.392
2.134
2.129
2.445
1.99
1.995
2.217
2.062
1.8219999999999998
2.231
1.969
2.188
2.115
2.0380000000000003
2.08
2.2359999999999998
1.886
2.272
1.81
2.123
2.43
2.0180000000000002
1.5419999999999998
1.806
2.377
1.673
2.193
2.026
1.8969999999999998
2.211
1.996
2.28
1.9909999999999999
2.144
2.285
2.26
2.253
2.134
2.101
2.012
2.245
2.138
2.229
2.254
2.154
2.3480000000000003
2.234
1.859
2.178
2.174
2.303
2.081
2.315
2.24
2.283
1.5659999999999998
2.076
2.214
2.241
1.8130000000000002
2.569
1.686
2.166
2.326
1.901
1.906
2.269
2.106
2.2430000000000003
2.318
1.8459999999999999
2.0709999999999997
1.13
2.015
2.233
2.238
2.03
2.208
2.26
2.385
1.868
2.0180000000000002
1.7109999999999999
2.458
1.733
2.319
1.716
1.896
2.2230000000000003
2.303
1.8630000000000002
2.281
2.266
2.158
2.166
2.122
2.29
2.17
2.37
2.089
1.9569999999999999
2.0380000000000003
2.281
2.259
2.119
1.868
2.138
2.029
1.99
1.911
2.252
2.226
2.101
2.2
1.936
2.266
2.0380000000000003
2.315
2.1069999999999998
2.099
2.074
2.351
2.195
2.383
2.276
2.229
1.8969999999999998
2.276
2.072
2.316
2.37
2.129
2.299
2.1630000000000003
2.162
2.234
2.4459999999999997
1.985
1.66
2.057
2.094
2.1519999999999997
2.4419999999999997
2.388
2.1630000000000003
1.9680000000000002
2.164
2.001
2.397
2.092
1.8719999999999999
2.276
2.194
1.758
2.176
1.736
2.122
1.8119999999999998
2.145
2.182
2.245
1.976
2.544
2.2030000000000003
1.857
2.305
2.3280000000000003
2.371
2.33
2.22
2.19
2.194
1.857
1.959
2.041
2.252
2.0580000000000003
2.195
1.986
1.867
2.391
2.174
1.993
2.053
2.205
2.404
2.079
1.859
2.138
2.259
2.065
2.154
2.324
2.095
2.275
2.1109999999999998
2.068
2.262
2.255
1.817
2.276
1.9709999999999999
2.174
2.07
1.633
2.3280000000000003
2.127
2.191
1.9509999999999998
2.211
2.168
2.246
1.876
2.48
2.247
2.253
2.227
2.229
2.0709999999999997
2.0909999999999997
2.178
1.9569999999999999
2.253
2.102
2.021
2.4019999999999997
1.999
1.69
2.219
2.208
2.076
2.039
2.147
2.343
2.151
2.1390000000000002
1.98
2.339
2.3209999999999997
2.11
2.4419999999999997
2.195
1.9040000000000001
1.972
2.178
1.9780000000000002
2.235
2.299
2.079
2.224
1.819
1.8119999999999998
2.235
1.966
2.147
2.063
2.29
1.954
2.327
2.249
2.151
2.244
2.205
1.923
1.9609999999999999
2.4930000000000003
1.9140000000000001
2.306
2.1109999999999998
2.378
2.2119999999999997
1.979
2.41
2.38
2.136
1.619
2.355
2.379
2.358
2.01
2.4459999999999997
1.926
2.45
2.3169999999999997
1.89
2.056
2.309
2.115
2.327
2.0180000000000002
2.174
1.975
1.969
2.282
2.068
2.403
2.06
2.1719999999999997
1.956
1.9680000000000002
2.193
1.8419999999999999
2.197
1.7519999999999998
1.857
2.364
2.323
2.176
2.166
2.255
2.377
1.845
1.921
2.202
1.82
2.29
2.362
1.725
2.286
1.811
1.209
2.265
2.151
2.302
2.0869999999999997
2.092
2.256
2.222
2.338
2.222
2.327
2.1919999999999997
2.329
1.868
2.377
