2.94
2.75
2.766
2.762
3.027
2.944
2.59
2.144
2.949
2.874
2.783
2.812
2.912
2.8760000000000003
2.9360000000000004
2.967
2.6830000000000003
2.866
2.83
2.65
2.481
2.687
2.605
2.854
2.891
3.036
2.793
2.847
2.701
2.74
2.574
2.817
2.812
2.653
2.672
2.69
2.782
2.5540000000000003
2.748
2.748
2.632
2.878
2.637
2.786
3.383
2.971
2.845
2.962
3.397
2.753
2.741
2.74
2.95
2.866
2.696
3.034
2.737
2.616
2.822
3.107
3.1
2.962
2.87
3.0210000000000004
3.102
3.202
2.889
2.965
3.454
2.631
2.496
2.661
2.972
2.4730000000000003
2.929
2.747
2.964
2.844
2.79
2.9360000000000004
2.784
2.81
2.4
2.9560000000000004
2.499
2.81
2.812
2.565
2.908
2.797
3.006
3.047
2.469
2.891
2.906
2.918
2.649
2.6710000000000003
2.675
2.9130000000000003
2.7460000000000004
2.845
2.998
2.88
2.818
2.9410000000000003
2.769
2.887
2.63
2.95
2.7710000000000004
2.9530000000000003
2.881
2.88
2.789
2.632
2.912
2.852
2.867
2.901
3.378
2.584
2.523
2.705
2.852
2.717
2.81
2.807
2.899
2.804
2.745
2.669
2.884
2.652
2.685
2.932
2.8680000000000003
2.758
2.7030000000000003
2.676
2.9760000000000004
2.676
2.753
2.814
2.969
2.885
2.909
2.6460000000000004
2.855
2.6660000000000004
2.92
2.8960000000000004
2.641
2.6830000000000003
2.685
2.774
2.886
2.76
2.7960000000000003
2.83
2.917
2.624
2.657
3.027
2.76
2.983
2.699
2.84
2.724
2.49
2.7030000000000003
2.6460000000000004
2.815
2.839
3.2310000000000003
2.553
2.674
2.6630000000000003
2.842
2.66
2.6060000000000003
2.888
2.762
2.8080000000000003
2.844
2.7260000000000004
2.694
2.7230000000000003
2.744
2.984
2.806
2.837
2.775
2.715
2.704
2.714
2.749
2.786
2.704
2.589
2.759
3.028
3.44
2.98
2.779
2.841
2.959
3.033
2.693
2.7910000000000004
3.026
2.928
2.7510000000000003
2.965
2.785
2.615
2.773
2.802
2.866
2.735
2.7110000000000003
2.587
2.806
2.903
2.852
2.583
2.714
2.861
2.717
2.78
2.825
3.029
2.776
2.954
2.611
2.907
2.792
2.74
2.886
2.9960000000000004
2.613
2.634
2.615
3.019
2.707
2.83
2.469
3.0460000000000003
2.77
2.987
2.853
3.44
2.625
2.294
2.784
2.511
2.737
2.875
2.8110000000000004
2.721
2.682
2.911
2.531
2.833
2.767
2.835
2.972
2.7260000000000004
2.902
2.962
3.014
2.719
3.285
2.971
2.773
2.46
2.819
2.729
2.76
2.962
3.003
2.564
2.794
3.35
2.739
2.7510000000000003
2.767
2.6710000000000003
2.963
2.6
2.7
2.658
3.302
2.877
2.634
2.843
3.517
2.826
2.735
2.838
2.964
2.84
2.398
2.603
2.943
2.81
2.799
2.673
2.776
2.57
2.8160000000000003
2.801
2.8480000000000003
2.84
3.042
2.842
2.783
2.779
2.724
2.905
2.749
2.773
2.966
2.64
2.549
2.946
2.984
2.697
2.685
2.843
2.63
2.512
2.756
2.9930000000000003
2.568
2.412
2.823
2.587
2.951
2.87
2.847
2.8480000000000003
2.649
2.608
2.8480000000000003
2.684
2.629
2.9
2.478
2.895
2.641
2.805
2.93
2.897
2.628
2.907
2.911
2.681
2.582
2.786
2.968
2.705
2.654
2.8560000000000003
2.708
2.951
2.442
2.763
2.769
2.881
2.752
2.7430000000000003
2.835
2.9130000000000003
2.747
2.647
2.7960000000000003
2.939
2.843
2.863
2.904
2.812
2.713
2.832
3.016
2.879
3.003
2.7710000000000004
2.777
2.636
2.904
2.492
2.7430000000000003
2.948
2.665
2.682
2.718
2.897
2.6830000000000003
2.544
2.594
2.7910000000000004
2.8480000000000003
2.898
2.82
2.518
2.719
3.634
2.752
2.789
3.014
2.827
2.615
2.929
2.944
2.891
3.051
2.881
2.782
2.584
2.665
2.5660000000000003
2.786
2.869
2.776
2.803
2.774
2.904
3.075
2.447
2.835
2.799
2.7260000000000004
2.547
3.033
2.819
2.997
2.685
3.38
2.753
2.799
2.845
3.077
2.834
2.74
2.778
2.544
3.147
2.881
2.774
2.843
2.805
2.652
2.46
2.783
2.774
2.77
2.825
3.03
2.634
2.93
2.845
