2.935
2.6460000000000004
2.684
2.6660000000000004
2.705
2.864
2.95
2.741
2.681
2.627
2.531
2.832
2.777
2.7880000000000003
2.891
3.004
2.775
2.773
2.889
2.827
2.864
2.839
2.9210000000000003
2.664
2.841
2.622
2.623
2.704
2.829
2.84
2.789
2.641
2.579
2.8960000000000004
2.7880000000000003
3.266
2.662
2.67
2.886
2.8110000000000004
2.74
2.958
2.502
2.653
2.898
2.9530000000000003
2.793
2.648
2.813
2.717
2.614
2.83
2.7460000000000004
3.064
2.694
2.545
2.661
2.764
3.089
2.704
2.517
2.904
2.58
2.755
2.682
2.812
2.772
2.635
2.914
3.012
2.5340000000000003
2.858
2.8960000000000004
2.887
2.879
2.775
2.923
2.714
2.719
2.9810000000000003
2.439
2.721
2.8110000000000004
2.814
2.7510000000000003
2.863
2.6910000000000003
3.108
2.761
2.76
2.809
2.765
2.949
2.58
3.083
2.7060000000000004
2.835
2.736
2.7880000000000003
2.6830000000000003
2.724
3.0860000000000003
2.76
2.838
2.778
2.507
2.877
2.765
2.783
2.719
2.673
2.902
2.773
2.732
2.524
2.779
2.747
2.591
2.958
2.91
2.757
2.736
3.13
2.5660000000000003
2.76
2.9730000000000003
2.858
2.802
2.659
3.018
2.736
3.074
2.979
2.627
2.477
2.657
2.7710000000000004
2.842
2.749
3.082
2.904
2.74
2.695
2.678
2.748
2.817
2.806
2.722
2.818
3.227
2.817
2.633
2.9360000000000004
2.787
2.935
2.915
2.74
2.864
2.7880000000000003
2.797
2.897
2.833
2.777
2.814
2.799
2.918
2.859
3.02
2.963
2.766
2.51
2.651
2.991
2.792
2.949
2.745
2.628
2.682
2.781
2.636
3.028
3.4760000000000004
2.745
2.842
3.02
2.891
2.914
2.71
3.237
2.832
2.819
2.91
2.752
2.688
2.744
2.802
2.677
2.986
2.833
2.902
2.881
3.392
2.7
2.7510000000000003
3.224
2.651
2.778
2.727
2.789
3.0210000000000004
2.454
2.861
2.985
2.932
3.071
2.814
2.786
2.884
2.827
2.8760000000000003
2.748
2.8160000000000003
2.642
2.549
3.009
3.248
2.923
2.688
2.753
2.768
2.759
2.568
2.655
2.807
2.7
2.812
2.787
3.033
2.997
2.8560000000000003
2.949
2.802
2.745
2.728
2.689
3.009
2.793
2.682
2.922
2.628
2.911
2.873
2.812
2.827
2.905
2.824
2.767
2.515
2.959
2.774
2.647
2.631
2.651
2.596
2.603
2.696
2.668
2.853
2.875
2.721
2.535
2.729
2.6010000000000004
2.865
2.681
2.904
2.633
2.498
2.74
2.727
3.11
2.8960000000000004
2.873
2.7960000000000003
2.895
2.813
2.588
2.681
2.653
2.783
2.739
2.74
2.722
2.923
2.88
2.7030000000000003
2.873
2.756
2.801
2.9360000000000004
2.971
2.68
2.982
2.837
2.892
2.713
2.669
2.759
2.4930000000000003
2.738
2.7030000000000003
2.962
2.837
2.96
2.628
2.467
2.487
2.838
2.568
3.032
2.903
2.847
2.929
2.745
2.862
2.918
2.93
2.638
2.912
2.544
2.84
2.697
2.8110000000000004
2.713
2.814
2.782
3.514
2.8280000000000003
2.717
2.804
2.865
2.789
2.7460000000000004
2.789
2.773
2.827
2.874
2.747
2.724
2.7310000000000003
2.883
2.997
2.8110000000000004
2.889
2.467
3.138
2.725
2.639
2.802
2.8760000000000003
2.6210000000000004
2.824
2.7960000000000003
3.145
2.736
2.76
2.715
2.818
2.617
2.418
2.7230000000000003
3.613
2.531
2.841
2.7880000000000003
2.846
2.989
2.541
2.97
2.794
2.97
2.815
2.78
2.747
2.983
2.943
2.705
2.627
2.927
2.983
2.847
2.803
2.942
2.968
2.959
2.852
2.898
2.888
2.773
2.674
2.795
3.018
2.721
2.637
2.5780000000000003
2.74
2.902
2.814
2.987
2.8
3.08
2.487
2.78
2.872
2.459
2.81
2.741
2.857
2.768
2.764
2.85
3.507
2.886
2.632
2.878
2.687
2.6630000000000003
2.955
2.765
2.826
2.942
2.608
2.5980000000000003
2.887
2.923
2.757
2.784
3.597
2.799
2.732
2.939
2.697
2.9130000000000003
2.785
2.608
2.6010000000000004
2.762
2.7460000000000004
2.593
2.94
2.974
2.57
2.8110000000000004
2.761
3.0580000000000003
2.915
2.865
3.0380000000000003
2.832
2.846
2.767
2.845
2.911
2.72
2.807
3.0380000000000003
3.095
2.782
2.8110000000000004
2.776
2.693
2.715
2.8280000000000003
2.9160000000000004
2.637
2.725
2.899
2.755
2.772
2.67
2.911
2.888
2.9610000000000003
2.882
3.011
2.865
3.003
2.692
2.8560000000000003
2.787
2.559
2.734
2.513
3.008
2.87
3.218
2.742
2.929
2.92
2.569
3.089
2.758
2.889
2.891
2.801
2.689
2.699
2.855
2.823
2.665
2.773
2.625
2.654
2.66
2.608
2.543
2.62
2.69
2.883
2.8680000000000003
2.656
3.028
2.545
2.548
2.997
2.742
2.991
2.594
2.6830000000000003
2.7060000000000004
2.499
2.897
2.719
2.762
2.827
2.775
2.9610000000000003
2.885
2.958
3.034
2.903
2.708
2.737
2.761
2.753
2.893
2.819
2.742
2.9210000000000003
2.8
2.678
2.775
2.745
2.7310000000000003
2.525
2.785
2.48
2.688
2.7430000000000003
2.815
2.793
2.866
2.939
3.1860000000000004
2.678
2.817
2.712
2.837
3.173
2.755
2.863
2.5860000000000003
2.656
3.107
2.526
2.56
2.688
2.777
2.6860000000000004
2.471
2.857
2.624
2.847
2.715
2.716
2.676
2.7310000000000003
2.908
2.893
2.9560000000000004
2.84
2.716
2.668
2.93
2.88
2.688
2.925
2.893
2.903
2.7510000000000003
3.463
2.654
2.707
2.7030000000000003
2.665
2.827
2.909
2.673
2.7510000000000003
2.688
2.306
2.766
2.974
2.882
2.548
2.895
2.843
2.944
2.777
2.503
2.742
3.141
2.625
3.06
2.752
2.819
2.804
2.9410000000000003
2.778
2.799
2.768
2.634
2.877
2.662
2.777
2.5380000000000003
2.8310000000000004
2.761
2.819
2.69
2.93
2.655
2.818
2.7910000000000004
2.546
2.767
2.612
2.708
2.945
2.765
2.615
2.853
2.7880000000000003
2.604
2.8080000000000003
2.623
2.715
2.912
2.546
2.875
2.693
2.968
2.612
2.664
2.734
2.685
2.637
2.9530000000000003
3.064
2.84
2.7260000000000004
2.767
2.736
2.93
2.667
2.7060000000000004
2.818
2.6630000000000003
2.891
2.58
2.619
2.568
2.659
2.795
2.7230000000000003
3.007
2.9610000000000003
2.781
2.607
2.765
2.629
2.905
2.652
2.669
2.471
2.7430000000000003
2.642
2.837
2.854
2.8080000000000003
2.6910000000000003
2.966
2.909
2.8080000000000003
2.892
2.68
2.991
2.536
2.853
2.7060000000000004
2.631
2.8680000000000003
2.57
2.894
2.926
2.725
3.052
2.834
2.306
2.383
3.372
2.628
3.013
2.7230000000000003
2.834
2.926
2.826
2.786
2.911
2.695
2.571
2.705
2.833
2.837
2.745
2.777
2.584
2.603
2.6660000000000004
2.78
2.604
2.887
2.93
3.096
2.5780000000000003
2.9160000000000004
2.99
2.969
2.607
2.845
2.696
2.834
2.904
2.92
2.855
3.093
2.888
3.022
2.73
2.9130000000000003
3.014
2.793
2.8160000000000003
2.7880000000000003
2.675
2.583
2.619
2.55
2.862
2.595
2.797
2.85
2.689
2.78
2.852
2.719
3.033
2.712
2.984
2.744
2.508
2.972
2.88
2.863
2.71
3.152
3.135
2.905
2.947
2.619
2.522
3.073
2.616
2.739
2.5580000000000003
2.834
2.7710000000000004
2.7230000000000003
2.759
3.317
3.002
2.806
2.5810000000000004
2.965
2.84
2.826
2.79
2.79
2.725
2.577
2.943
2.5810000000000004
2.679
2.841
2.839
2.385
3.009
2.739
2.839
2.9330000000000003
2.701
2.915
2.69
2.725
2.884
3.044
2.885
2.787
2.541
2.651
2.943
2.747
2.752
2.807
2.878
2.6710000000000003
2.807
2.846
2.687
2.925
2.5660000000000003
2.757
2.873
2.9330000000000003
2.768
2.756
2.849
3.014
2.761
2.692
2.852
2.764
2.837
2.804
3.063
2.87
2.779
2.97
2.85
2.792
2.872
2.5540000000000003
2.639
2.814
2.886
2.761
2.589
2.7060000000000004
2.955
2.957
2.965
2.652
2.898
2.665
2.898
2.607
3.028
2.684
2.687
2.613
2.861
2.841
2.845
2.71
2.895
2.28
2.852
2.4290000000000003
2.714
2.882
2.978
2.784
2.7030000000000003
3.113
3.22
2.864
2.783
2.693
2.513
2.73
2.673
2.8760000000000003
2.784
3.488
2.963
2.742
2.902
2.927
2.793
2.862
2.614
2.833
2.773
3.034
2.94
2.702
3.091
2.7260000000000004
2.866
2.787
2.8080000000000003
3.739
2.447
2.747
2.737
2.802
2.678
2.812
2.757
2.947
3.003
2.744
2.763
2.865
2.962
2.718
2.77
2.701
2.906
2.938
2.794
2.886
2.514
2.7310000000000003
2.595
3.208
2.859
2.749
2.797
3.138
2.902
2.672
2.785
2.774
2.97
2.524
2.8
3.026
2.786
2.909
2.917
2.902
2.878
2.792
2.854
2.724
2.627
2.886
2.966
2.8310000000000004
2.965
2.518
2.704
2.803
2.8680000000000003
2.8680000000000003
2.8
2.674
2.8710000000000004
2.8510000000000004
2.803
2.7110000000000003
2.821
2.736
2.904
2.778
2.712
3.0380000000000003
2.824
2.662
2.7910000000000004
2.72
3.083
2.809
3.0
2.697
2.665
2.635
3.512
2.765
2.855
2.647
2.9560000000000004
2.673
2.661
3.004
2.861
2.91
2.9210000000000003
2.945
2.594
2.644
2.838
2.636
2.764
2.738
2.532
2.877
2.673
2.979
2.6660000000000004
2.6630000000000003
3.2260000000000004
3.03
2.8760000000000003
2.833
2.673
2.75
2.999
3.015
2.7260000000000004
2.988
2.783
2.888
2.775
2.684
2.793
2.754
2.822
2.887
2.6210000000000004
2.859
2.798
2.889
2.869
2.853
2.782
2.738
3.014
3.032
2.9160000000000004
2.967
2.9160000000000004
3.0210000000000004
2.802
3.044
2.937
2.648
2.807
2.943
2.846
2.756
2.802
2.798
2.745
2.564
2.685
2.806
2.734
2.737
2.827
2.62
2.579
2.899
2.885
3.015
3.004
2.739
2.919
2.662
2.917
2.777
2.718
2.773
2.87
2.48
2.6630000000000003
2.742
2.653
2.73
2.653
3.012
2.699
2.614
2.9730000000000003
2.867
2.833
2.772
2.939
2.715
2.684
2.682
2.925
2.674
3.4
2.891
2.888
2.991
2.758
2.567
2.822
2.85
2.7110000000000003
2.867
2.928
2.93
2.508
2.8960000000000004
2.83
2.898
2.785
2.884
2.91
2.799
2.72
2.8710000000000004
2.724
2.72
2.858
2.843
2.676
2.75
2.79
2.543
2.758
2.774
2.8680000000000003
2.983
2.759
2.907
2.708
2.999
3.049
2.807
2.6710000000000003
2.699
3.144
2.923
2.732
2.99
2.603
2.89
2.859
2.927
2.725
2.784
3.004
2.5340000000000003
2.688
2.819
2.76
2.672
2.783
2.405
2.72
2.783
2.912
2.908
2.7
2.715
2.781
2.838
2.5810000000000004
2.784
2.923
2.852
2.878
2.809
2.623
2.705
2.632
2.97
2.807
2.594
2.8160000000000003
2.813
2.508
2.769
2.756
2.904
2.797
2.869
2.9
3.129
2.657
2.748
2.7030000000000003
2.714
2.8
2.767
2.638
3.026
2.631
2.738
2.907
2.95
2.915
2.757
2.9160000000000004
2.73
2.629
2.839
2.482
2.552
2.684
2.757
2.902
2.76
2.807
2.95
2.705
2.76
2.6010000000000004
2.887
2.745
2.952
2.8080000000000003
2.878
2.685
2.845
2.539
2.692
2.5980000000000003
3.494
2.869
2.78
2.776
2.654
2.932
2.92
2.761
2.657
2.58
2.532
3.0380000000000003
2.804
2.669
2.889
2.7110000000000003
2.593
2.636
2.741
2.725
2.861
2.675
2.687
2.7510000000000003
2.898
2.951
2.647
2.937
2.572
2.74
2.733
2.5340000000000003
2.744
2.77
2.9130000000000003
3.027
3.137
2.732
2.759
2.983
2.909
2.571
2.682
2.9760000000000004
2.7910000000000004
2.794
2.799
2.82
2.637
2.77
2.931
2.673
2.92
2.829
2.682
3.067
2.525
2.842
2.763
2.67
2.747
2.824
2.952
2.782
2.917
2.842
3.192
2.7030000000000003
2.957
2.687
2.81
2.709
2.729
3.604
2.969
2.997
2.912
2.768
2.819
2.635
2.883
2.94
2.983
2.8760000000000003
2.93
2.733
2.9760000000000004
2.7510000000000003
2.655
2.701
2.715
2.864
2.7910000000000004
2.949
2.629
2.718
2.708
2.594
2.847
2.525
2.951
2.926
2.648
2.977
2.682
2.63
2.747
2.75
2.511
2.73
2.677
2.958
2.742
2.89
2.878
3.007
2.815
2.952
2.905
2.987
2.614
2.838
2.969
2.722
2.85
3.025
2.87
2.675
2.697
2.877
2.829
2.9760000000000004
2.982
2.8360000000000003
2.199
2.949
2.826
2.9610000000000003
2.989
2.83
2.82
2.694
2.721
2.86
2.911
2.8510000000000004
3.111
2.865
2.82
2.632
2.7260000000000004
3.025
2.997
3.096
2.841
2.874
3.2880000000000003
2.83
2.679
2.728
2.708
2.98
2.863
2.858
2.745
3.193
2.456
2.837
2.6910000000000003
2.6830000000000003
2.783
2.806
2.535
2.866
2.547
2.833
2.5340000000000003
2.69
3.005
3.025
2.8
2.72
2.823
3.013
2.729
2.6860000000000004
3.051
2.8360000000000003
2.866
2.943
2.802
2.693
2.858
2.83
2.735
2.822
3.349
2.875
2.833
2.967
3.137
2.772
3.002
2.939
2.827
2.81
3.302
2.818
2.715
2.728
3.113
2.727
2.698
2.922
2.963
2.7060000000000004
2.929
2.932
2.605
2.575
2.893
2.884
2.8310000000000004
2.727
3.248
2.725
3.031
2.709
2.846
2.821
3.357
2.937
2.952
2.65
2.604
2.589
2.6710000000000003
2.85
2.766
2.511
2.795
2.677
3.385
2.806
2.7880000000000003
2.702
3.054
2.94
2.6460000000000004
2.8110000000000004
2.655
2.679
2.657
2.852
2.773
2.73
2.8510000000000004
2.908
2.8110000000000004
2.721
2.834
2.74
2.585
3.131
2.85
3.049
2.958
2.712
3.14
2.872
2.6660000000000004
3.047
2.6630000000000003
2.609
3.0410000000000004
2.7060000000000004
2.911
2.785
2.697
2.878
2.754
2.8960000000000004
2.461
2.737
2.814
2.68
2.511
2.7430000000000003
2.739
2.628
2.648
2.899
2.667
2.6210000000000004
2.55
2.815
2.948
2.576
2.515
2.845
3.057
3.044
2.611
2.964
3.043
2.647
2.477
2.615
2.616
2.829
2.809
2.694
3.087
2.801
2.605
2.486
2.616
3.051
2.819
2.7710000000000004
2.872
2.939
2.967
2.514
2.853
2.809
2.616
2.693
2.872
2.761
2.901
2.323
2.909
2.803
2.892
2.747
2.845
2.75
2.552
2.844
2.575
2.846
2.633
2.753
2.838
2.734
2.8960000000000004
2.439
2.076
2.744
2.877
3.563
2.756
2.7710000000000004
2.929
2.819
2.797
2.748
2.736
3.132
2.902
2.957
2.603
2.547
2.937
2.9160000000000004
2.655
2.819
2.676
2.612
2.877
2.877
2.859
2.817
2.8080000000000003
2.837
2.672
2.772
2.7260000000000004
2.617
2.676
2.797
2.774
2.64
2.642
2.8510000000000004
2.8080000000000003
2.927
2.911
2.9
2.563
2.903
2.55
2.987
2.562
2.7060000000000004
2.911
2.9930000000000003
2.817
2.949
3.043
2.857
2.821
2.887
2.998
2.829
2.922
2.894
2.704
2.637
2.8080000000000003
2.821
2.982
2.757
2.8
2.824
2.839
2.7960000000000003
2.934
2.781
2.659
2.568
2.74
2.6460000000000004
3.0410000000000004
2.676
2.611
2.747
2.789
2.801
2.914
2.545
2.654
2.824
2.787
2.7460000000000004
2.797
2.858
2.656
2.633
2.685
2.861
3.293
2.9610000000000003
3.113
2.948
2.8310000000000004
2.802
2.7060000000000004
3.055
3.083
2.678
2.5810000000000004
2.919
2.607
2.818
2.8510000000000004
2.855
2.768
3.008
3.09
3.173
2.702
2.9130000000000003
2.79
2.8710000000000004
2.692
2.424
2.772
2.599
2.894
2.863
2.604
2.826
2.892
2.325
2.712
2.446
2.812
2.589
2.602
2.792
2.951
2.793
2.547
2.77
2.5540000000000003
2.756
2.752
3.665
2.74
2.931
2.707
2.803
2.65
2.767
2.659
2.674
2.82
2.77
2.445
2.988
2.878
2.6010000000000004
2.64
2.79
3.104
2.732
2.942
2.8710000000000004
2.8310000000000004
2.709
2.812
3.09
2.7880000000000003
2.784
2.891
2.685
2.608
2.625
2.986
2.883
2.736
2.78
2.786
2.782
2.736
2.668
2.674
2.675
2.7030000000000003
2.695
2.889
2.09
2.696
3.05
2.801
2.891
2.754
2.6
3.159
2.934
2.724
3.022
2.641
2.903
2.847
2.8310000000000004
3.34
2.757
2.536
3.08
3.037
2.882
2.783
2.77
3.364
2.948
3.008
2.99
2.74
2.767
2.62
2.624
2.9330000000000003
2.891
2.648
2.907
2.74
2.94
2.787
3.043
2.651
2.786
2.77
2.789
2.782
2.79
2.837
2.753
2.641
2.742
2.98
2.882
2.572
3.011
2.918
2.4290000000000003
2.602
2.98
2.915
2.906
2.998
2.782
2.8160000000000003
2.834
1.878
2.983
2.7110000000000003
3.387
2.875
2.754
2.901
2.999
2.77
2.684
2.794
2.637
2.93
2.537
2.829
