3.0660000000000003
2.517
3.094
2.65
2.8510000000000004
2.946
2.512
1.853
2.986
2.437
2.665
2.324
2.804
2.8080000000000003
2.715
2.9730000000000003
2.763
2.296
2.805
2.917
2.45
2.349
2.49
2.694
2.623
2.824
2.716
2.733
2.753
2.763
2.682
2.659
2.584
2.335
2.7060000000000004
2.502
2.754
2.946
2.516
2.422
2.612
2.657
2.571
2.714
2.957
2.9
2.678
2.832
2.8510000000000004
2.911
2.642
2.741
2.798
2.962
2.655
2.757
2.371
2.374
2.652
3.008
2.85
2.794
3.009
3.011
3.22
2.795
2.61
2.611
2.773
2.821
2.54
2.681
2.803
2.414
2.89
2.7260000000000004
2.482
2.886
2.707
2.878
2.544
2.991
2.439
2.694
2.576
2.273
2.386
2.39
2.975
2.766
2.826
2.759
2.667
2.543
2.333
2.7110000000000003
2.607
2.642
2.617
2.597
2.5980000000000003
3.1260000000000003
2.753
2.676
2.499
2.95
2.689
2.333
2.805
2.701
2.877
2.964
2.442
2.631
2.632
2.667
2.772
2.643
2.9560000000000004
3.23
3.004
2.591
2.61
2.75
2.768
2.924
2.428
2.364
2.68
2.44
2.502
2.729
2.9
2.684
2.704
2.74
2.518
2.9810000000000003
2.942
2.8080000000000003
2.857
2.767
2.983
2.517
2.765
2.436
2.437
2.454
2.8710000000000004
2.6010000000000004
2.087
2.958
2.838
2.744
2.57
2.4730000000000003
2.604
3.043
2.769
2.455
2.59
2.434
2.827
2.597
2.548
2.7430000000000003
2.466
2.633
2.877
2.784
2.386
2.8680000000000003
2.774
2.759
3.005
2.9410000000000003
2.63
2.669
2.593
3.341
2.51
2.555
2.6660000000000004
2.924
2.641
2.92
2.985
2.716
2.61
2.799
2.477
2.69
2.282
2.604
2.607
2.824
3.125
2.6830000000000003
2.65
2.938
2.765
2.733
3.159
2.739
2.546
2.537
2.582
2.798
2.71
2.574
2.634
3.149
2.43
2.576
2.866
2.687
2.975
2.949
2.345
2.643
2.947
2.629
2.652
2.812
2.923
2.969
2.262
2.55
2.826
2.407
2.9210000000000003
2.9410000000000003
2.698
3.05
2.535
2.705
2.883
2.597
2.457
2.893
2.678
2.645
2.551
2.819
2.809
2.539
2.387
2.718
2.592
2.604
2.658
3.083
2.7710000000000004
2.6060000000000003
2.742
2.839
2.682
2.6660000000000004
2.567
2.8
2.521
2.65
2.803
2.623
2.593
2.6180000000000003
2.908
2.59
2.56
2.7430000000000003
2.668
2.954
3.312
2.9360000000000004
2.525
2.805
2.6830000000000003
2.6260000000000003
2.7
2.855
2.56
2.569
2.527
2.754
2.749
2.44
3.029
2.6910000000000003
2.728
2.7430000000000003
2.569
2.364
2.83
3.1860000000000004
2.822
2.882
2.565
2.734
2.853
2.753
2.697
2.968
2.506
2.974
2.847
2.753
2.84
2.615
2.567
2.6210000000000004
2.575
2.446
2.809
2.591
2.827
2.9760000000000004
2.763
2.764
2.665
2.756
2.783
2.985
2.576
2.918
2.483
2.408
2.781
2.657
2.778
2.67
2.682
2.708
2.862
2.987
2.7430000000000003
2.701
2.674
2.76
2.735
2.75
2.849
2.441
2.477
2.694
2.513
2.612
2.063
2.987
2.617
2.835
3.0010000000000003
2.859
2.352
2.879
2.508
2.7060000000000004
2.644
2.69
2.397
2.6830000000000003
2.41
2.455
2.267
2.611
2.66
2.867
2.019
2.579
2.486
2.482
3.043
2.8
2.485
2.744
2.8
2.804
2.495
2.7310000000000003
2.577
3.129
2.697
2.386
3.174
2.813
2.992
2.68
2.6260000000000003
2.681
2.73
2.897
2.72
2.479
2.7060000000000004
2.408
2.608
2.736
2.544
2.766
2.647
2.19
2.692
2.405
3.169
2.489
2.516
2.556
2.572
2.964
2.446
2.9560000000000004
2.9160000000000004
2.835
2.883
2.689
2.949
2.599
2.804
2.7310000000000003
2.912
2.528
2.623
3.005
3.3360000000000003
2.69
2.597
2.479
2.925
2.615
2.651
2.629
2.677
2.653
2.649
2.533
2.814
3.277
2.56
2.7260000000000004
2.781
2.374
2.629
2.708
2.813
2.9
2.582
2.499
2.456
3.0210000000000004
2.951
2.5660000000000003
2.727
2.61
2.595
2.487
2.664
2.675
2.406
2.727
2.331
2.379
2.79
2.782
