2.720616821448884171e+00
2.610371775809569250e+00
2.671252665191895304e+00
2.641409363912842423e+00
2.676425596542440832e+00
2.704530743658916769e+00
2.736762618586409346e+00
2.676543214092901746e+00
2.744867990923751666e+00
2.749792771799923319e+00
2.689011949607280183e+00
2.643649854276590716e+00
2.694184880957825712e+00
2.696771346633098254e+00
2.707117209334189312e+00
2.686425483932007197e+00
2.696327766647200974e+00
2.668666199516622317e+00
2.684184993568258903e+00
2.604852869147499916e+00
2.716254705471303765e+00
2.584507119056842050e+00
2.710897961833682146e+00
2.704530743658916769e+00
2.703484540119387880e+00
2.704530743658916769e+00
2.699357812308371241e+00
2.681598527892985917e+00
2.671252665191895304e+00
2.712290140684734840e+00
2.671252665191895304e+00
2.689011949607280183e+00
2.694184880957825712e+00
2.753276799466910507e+00
2.712290140684734840e+00
2.699357812308371241e+00
2.718563987032732499e+00
2.690206236431500031e+00
2.707117209334189312e+00
2.675033417691387694e+00
2.707117209334189312e+00
2.681252552581462112e+00
2.714876606360007383e+00
2.671252665191895304e+00
2.823685973828637508e+00
2.750040922274297195e+00
2.689011949607280183e+00
2.671252665191895304e+00
2.709541578970824371e+00
2.697822692145207313e+00
2.699357812308371241e+00
2.723830290210045746e+00
2.710897961833682146e+00
2.679012062217713375e+00
2.702071506390272937e+00
2.691598415282552725e+00
2.666079733841349775e+00
2.703240941421349852e+00
2.625890569861205837e+00
2.668666199516622317e+00
2.817631413502907023e+00
2.701944277983643783e+00
2.753489240195976073e+00
2.747392191739951084e+00
2.817086149008942719e+00
2.680791269195009541e+00
2.696771346633098254e+00
2.673839130867167846e+00
2.814862602902790556e+00
2.666079733841349775e+00
2.726728032615007180e+00
2.612612266173317987e+00
2.686771459243531446e+00
2.703484540119387880e+00
2.736762618586409346e+00
2.700980977402344330e+00
2.694184880957825712e+00
2.703487777813916804e+00
2.696771346633098254e+00
2.671252665191895304e+00
2.666079733841349775e+00
2.684184993568258903e+00
2.703138564807863631e+00
2.716416868495751480e+00
2.660906802490804246e+00
2.719361650781478623e+00
2.701107682676133326e+00
2.597439447433205650e+00
2.630717525900227116e+00
2.651409251302409231e+00
2.684184993568258903e+00
2.701944277983643783e+00
2.716070893184227231e+00
2.663493268166076788e+00
2.707117209334189312e+00
2.757511451001878555e+00
2.602612378783751179e+00
2.672464352420742095e+00
2.683839018256734654e+00
2.763495197751254295e+00
2.684184993568258903e+00
2.683839018256734654e+00
2.789136032612316463e+00
2.607785310134296708e+00
2.689011949607280183e+00
2.811463551496391489e+00
2.673839130867167846e+00
2.696771346633098254e+00
2.681252552581462112e+00
2.671252665191895304e+00
2.681252552581462112e+00
2.754735559046713078e+00
2.704530743658916769e+00
2.700552099132591088e+00
2.671252665191895304e+00
2.686425483932007197e+00
2.704530743658916769e+00
2.686425483932007197e+00
2.646236319951863702e+00
2.782621943247897800e+00
2.791756134730538186e+00
2.696771346633098254e+00
2.703138564807863631e+00
2.787216984825002797e+00
2.681252552581462112e+00
2.789107707166255778e+00
2.673839130867167846e+00
2.704530743658916769e+00
2.661755114003499845e+00
2.658320336815531260e+00
2.650560939789713188e+00
2.707117209334189312e+00
2.770165836121439629e+00
2.762627275339136546e+00
2.696771346633098254e+00
2.712290140684734840e+00
2.707117209334189312e+00
2.739701078789368971e+00
2.673839130867167846e+00
2.691598415282552725e+00
2.714876606360007383e+00
2.719427153464403890e+00
2.633303991575500103e+00
2.673839130867167846e+00
2.691598415282552725e+00
2.680005997720606548e+00
2.767057120375510326e+00
2.758452512339089946e+00
2.788789046033860686e+00
2.681252552581462112e+00
2.695725143093569809e+00
2.748751812297337782e+00
2.701944277983643783e+00
2.647974474114440646e+00
2.727621042752791602e+00
2.713830402820478938e+00
2.699357812308371241e+00
2.696391498868506709e+00
2.658320336815531260e+00
2.671252665191895304e+00
2.775469013436230981e+00
2.689011949607280183e+00
2.796070451529206746e+00
2.663493268166076788e+00
2.686425483932007197e+00
2.655733871140258717e+00
2.610371775809569250e+00
2.801274237801067546e+00
2.676103410807579408e+00
2.700898074444115338e+00
2.660906802490804246e+00
2.724176265521569995e+00
2.701944277983643783e+00
2.686771459243531446e+00
2.731394646937290283e+00
2.687619770756227489e+00
2.791070002226822222e+00
2.681598527892985917e+00
2.747965781654111872e+00
2.607785310134296708e+00
2.690552211743024280e+00
2.700898074444115338e+00
2.663493268166076788e+00
2.732471013215120870e+00
2.673839130867167846e+00
2.668666199516622317e+00
2.682446839405681960e+00
2.686771459243531446e+00
2.668666199516622317e+00
2.714876606360007383e+00
2.694184880957825712e+00
2.731975318206499637e+00
2.716416868495751480e+00
2.777076481472063207e+00
2.701944277983643783e+00
2.686771459243531446e+00
2.760040809663864003e+00
2.679012062217713375e+00
2.672100976704590902e+00
2.659514623639751552e+00
2.683839018256734654e+00
2.701944277983643783e+00
2.721792326723265987e+00
2.676425596542440832e+00
2.681598527892985917e+00
2.659168648328227302e+00
2.658320336815531260e+00
2.741935549936954875e+00
2.672100976704590902e+00
2.776022118428203012e+00
2.686771459243531446e+00
2.704530743658916769e+00
2.700898074444115338e+00
2.773083355255179683e+00
2.686425483932007197e+00
2.701944277983643783e+00
2.673839130867167846e+00
2.820499363125439363e+00
2.683936150910871898e+00
2.638476922926045187e+00
2.712792681012422324e+00
2.691598415282552725e+00
2.681252552581462112e+00
2.658320336815531260e+00
2.689011949607280183e+00
2.685033305080954502e+00
2.708253531132751135e+00
2.663493268166076788e+00
2.630717525900227116e+00
2.806062246477845523e+00
2.806435787963148520e+00
2.699357812308371241e+00
2.707117209334189312e+00
2.794964748641842078e+00
2.618131172835387765e+00
2.673839130867167846e+00
2.693138677418296822e+00
2.709746938318975840e+00
2.668666199516622317e+00
2.734078481276818184e+00
2.684184993568258903e+00
2.646236319951863702e+00
2.653147405464986175e+00
2.673839130867167846e+00
2.680206349041933223e+00
2.713830402820478938e+00
2.700471119683625076e+00
2.704530743658916769e+00
2.673839130867167846e+00
2.676425596542440832e+00
2.696771346633098254e+00
2.778628057836326715e+00
2.807165167740117706e+00
2.694184880957825712e+00
2.635890457250772645e+00
2.757454343988591461e+00
2.673839130867167846e+00
2.704530743658916769e+00
2.694184880957825712e+00
2.755607577139865150e+00
2.671252665191895304e+00
2.712290140684734840e+00
2.736238295187528813e+00
2.695725143093569809e+00
2.754867878313318474e+00
2.663493268166076788e+00
2.730942199227786471e+00
2.704530743658916769e+00
2.655733871140258717e+00
2.655733871140258717e+00
2.694184880957825712e+00
2.777303844054185511e+00
2.769655978402720375e+00
2.754586850538953691e+00
2.686425483932007197e+00
2.693085264246568578e+00
2.661396191297731306e+00
2.686425483932007197e+00
2.763536926738590083e+00
2.762969407067734640e+00
2.679012062217713375e+00
2.683839018256734654e+00
2.694184880957825712e+00
2.785560706420920685e+00
2.651755226613933036e+00
2.755047138746465230e+00
2.620371663199136059e+00
2.708311496158409160e+00
2.691598415282552725e+00
2.734539528627287552e+00
2.686425483932007197e+00
2.704530743658916769e+00
2.711899670874637458e+00
2.681598527892985917e+00
2.700898074444115338e+00
2.800961898932492478e+00
2.760811363411725949e+00
2.680253845224917164e+00
2.699357812308371241e+00
2.694184880957825712e+00
2.775559603715500590e+00
2.694184880957825712e+00
2.672100976704590902e+00
2.695095610506561989e+00
2.691598415282552725e+00
2.683839018256734654e+00
2.654341692289206023e+00
2.719115573738787539e+00
2.677273908055136431e+00
2.710897961833682146e+00
2.677619883366660680e+00
2.691598415282552725e+00
2.699357812308371241e+00
2.638476922926045187e+00
2.668666199516622317e+00
2.694184880957825712e+00
2.683839018256734654e+00
2.673839130867167846e+00
2.612958241484842237e+00
2.655733871140258717e+00
2.694184880957825712e+00
2.743291326833821486e+00
2.668666199516622317e+00
2.607439334822772459e+00
2.689011949607280183e+00
2.731935662547388066e+00
2.676425596542440832e+00
2.620371663199136059e+00
2.705377741012211068e+00
2.755676620383924469e+00
2.695697525866783018e+00
2.618131172835387765e+00
2.681598527892985917e+00
2.818320075559471505e+00
2.685033305080954502e+00
2.680206349041933223e+00
2.658320336815531260e+00
2.674687442379863889e+00
2.710897961833682146e+00
2.731935662547388066e+00
2.778146069390773132e+00
2.691598415282552725e+00
2.607439334822772459e+00
2.744867990923751666e+00
2.687965746067751738e+00
2.678666086906189125e+00
2.742533621636656260e+00
2.681252552581462112e+00
2.651755226613933036e+00
2.716333359571531325e+00
2.623304104185933294e+00
2.597439447433205650e+00
2.683839018256734654e+00
2.797337003255753629e+00
2.660906802490804246e+00
2.671252665191895304e+00
2.723830290210045746e+00
2.666079733841349775e+00
2.695379167782045560e+00
2.694184880957825712e+00
2.594852981757933108e+00
2.660906802490804246e+00
2.757123746599559944e+00
2.666928045354045373e+00
2.643995829588114965e+00
2.666079733841349775e+00
2.615544707160114779e+00
2.704530743658916769e+00
2.597093472121681401e+00
2.768466310418240095e+00
2.697965633457318102e+00
2.707117209334189312e+00
2.696771346633098254e+00
2.704530743658916769e+00
2.683839018256734654e+00
2.610025800498045445e+00
2.712290140684734840e+00
2.681252552581462112e+00
2.691598415282552725e+00
2.687880466785370182e+00
2.676425596542440832e+00
2.701107682676133326e+00
2.725864107040377071e+00
2.694184880957825712e+00
2.686771459243531446e+00
2.712290140684734840e+00
2.676425596542440832e+00
2.712290140684734840e+00
2.691598415282552725e+00
2.660906802490804246e+00
2.684184993568258903e+00
2.718657358859500217e+00
2.687334443148447605e+00
2.731589687235863817e+00
2.681252552581462112e+00
2.699458485575370936e+00
2.694184880957825712e+00
2.691329087702976963e+00
2.631063501211751365e+00
2.628131060224954574e+00
2.674029332326280262e+00
2.711389813155918205e+00
2.750040922274297195e+00
2.694184880957825712e+00
2.679012062217713375e+00
2.711243937145205951e+00
2.666079733841349775e+00
2.810075605492944106e+00
2.592266516082660122e+00
2.693138677418296822e+00
2.739349084261681888e+00
2.689011949607280183e+00
2.723830290210045746e+00
2.666079733841349775e+00
2.681252552581462112e+00
2.696771346633098254e+00
2.676425596542440832e+00
2.628131060224954574e+00
2.686771459243531446e+00
2.623304104185933294e+00
2.683839018256734654e+00
2.668666199516622317e+00
2.649952718253662187e+00
2.775990251541609943e+00
2.696771346633098254e+00
2.699357812308371241e+00
2.691598415282552725e+00
2.736961352752406818e+00
2.829329815406335324e+00
2.646582295263387952e+00
2.666079733841349775e+00
2.775874421239104439e+00
2.738299729244646485e+00
2.581920653381569508e+00
2.666079733841349775e+00
2.666928045354045373e+00
2.699357812308371241e+00
2.723830290210045746e+00
2.768761956791086831e+00
2.636236432562296894e+00
2.714876606360007383e+00
2.760040809663864003e+00
2.679012062217713375e+00
2.668666199516622317e+00
2.673839130867167846e+00
2.676425596542440832e+00
2.697965633457318102e+00
2.726359802074862948e+00
2.824040041684548363e+00
2.706071005794660866e+00
2.689011949607280183e+00
2.641409363912842423e+00
2.709307894176611775e+00
2.661755114003499845e+00
2.684184993568258903e+00
2.691598415282552725e+00
2.691598415282552725e+00
2.741935549936954875e+00
2.699357812308371241e+00
2.659168648328227302e+00
2.684184993568258903e+00
2.658320336815531260e+00
