4.517422861607177376e-02
4.520608067355568610e-02
4.511433790250762854e-02
4.515941596573398720e-02
4.511513836246568848e-02
4.510789255966516503e-02
4.520904584575256846e-02
4.522358441323404837e-02
4.531352665105724264e-02
4.517566903660800298e-02
4.510750106827152162e-02
4.518959545994335331e-02
4.510644056651275102e-02
4.510635694021711273e-02
4.510899993225950949e-02
4.510847794373464698e-02
4.522313012874089322e-02
4.511438429711234210e-02
4.511857217532150299e-02
4.529538040137746913e-02
4.518107653105730287e-02
4.527772039954830463e-02
4.516493549688111592e-02
4.510789255966516503e-02
4.519471443020875445e-02
4.510789255966516503e-02
4.510657106364397012e-02
4.511712982131373811e-02
4.511433790250762854e-02
4.511210792661568547e-02
4.511433790250762854e-02
4.510750106827152162e-02
4.510644056651275102e-02
4.517933942430399363e-02
4.511210792661568547e-02
4.510657106364397012e-02
4.516689402389566926e-02
4.515108519780364899e-02
4.510899993225950949e-02
4.515724686216604500e-02
4.510899993225950949e-02
4.511132494382839170e-02
4.511410854837751006e-02
4.511433790250762854e-02
4.525883950369750941e-02
4.533373767366822432e-02
4.510750106827152162e-02
4.511433790250762854e-02
4.519326977863667716e-02
4.518505407662492396e-02
4.510657106364397012e-02
4.518326879978564609e-02
4.516493549688111592e-02
4.511598521702846892e-02
4.517977461003154505e-02
4.510682194253089194e-02
4.511472844143955135e-02
4.520653852681725399e-02
4.517738882463991773e-02
4.511438429711234210e-02
4.524079766617938175e-02
4.510708293679332320e-02
4.517958070407519788e-02
4.517345442033832148e-02
4.523925293006617748e-02
4.526817963702626374e-02
4.510635694021711273e-02
4.511458925762541067e-02
4.523309062503914207e-02
4.511472844143955135e-02
4.516605922547140689e-02
4.526886391808571802e-02
4.512031227905176356e-02
4.519471443020875445e-02
4.520904584575256846e-02
4.518105302588577843e-02
4.510644056651275102e-02
4.517819333825502659e-02
4.510635694021711273e-02
4.511433790250762854e-02
4.511472844143955135e-02
4.511857217532150299e-02
4.515750851180834469e-02
4.522365513185527819e-02
4.511630997926145692e-02
4.517611227439995158e-02
4.521143142293943679e-02
4.523817866502079926e-02
4.521741336402566175e-02
4.517647771416391511e-02
4.511857217532150299e-02
4.510708293679332320e-02
4.517137556887543953e-02
4.511537033548925629e-02
4.510899993225950949e-02
4.518452797874238092e-02
4.522444621926726555e-02
4.523327172938379492e-02
4.510975256892027496e-02
4.519322033671314270e-02
4.511857217532150299e-02
4.510975256892027496e-02
4.517779433250543319e-02
4.521190477240372152e-02
4.510750106827152162e-02
4.522409584795399756e-02
4.511458925762541067e-02
4.510635694021711273e-02
4.511132494382839170e-02
4.511433790250762854e-02
4.511132494382839170e-02
4.518103667148890695e-02
4.510789255966516503e-02
4.515562834956241695e-02
4.511433790250762854e-02
4.510847794373464698e-02
4.510789255966516503e-02
4.510847794373464698e-02
4.518492512829437591e-02
4.523169321348324834e-02
4.518207865374528065e-02
4.510635694021711273e-02
4.515750851180834469e-02
4.517485020773576859e-02
4.511132494382839170e-02
4.517774968493760979e-02
4.511458925762541067e-02
4.510789255966516503e-02
4.516315588257293484e-02
4.511754737275615323e-02
4.512304605157520937e-02
4.510899993225950949e-02
4.520478903802254561e-02
4.528293116687359676e-02
4.510635694021711273e-02
4.511210792661568547e-02
4.510899993225950949e-02
4.515422668427600261e-02
4.511458925762541067e-02
4.510682194253089194e-02
4.511410854837751006e-02
4.517601223911198172e-02
4.521125428376420591e-02
4.511458925762541067e-02
4.510682194253089194e-02
4.521594145032890172e-02
4.519915126080066570e-02
4.515036219670636591e-02
4.517724986066280063e-02
4.511132494382839170e-02
4.518092300589079263e-02
4.517467721997538849e-02
4.510708293679332320e-02
4.512547444395988844e-02
4.516497013936557336e-02
4.521727149208098345e-02
4.510657106364397012e-02
4.522296745703200532e-02
4.511754737275615323e-02
4.511433790250762854e-02
4.516040004507177602e-02
4.510750106827152162e-02
4.518979908864838302e-02
4.511537033548925629e-02
4.510847794373464698e-02
4.511908251597333830e-02
4.520608067355568610e-02
4.528489337318802876e-02
4.528388239195971915e-02
4.518981953904693816e-02
4.511630997926145692e-02
4.524459254951313653e-02
4.510708293679332320e-02
4.512031227905176356e-02
4.516094023963621029e-02
4.515069378417019275e-02
4.525387037858993877e-02
4.511712982131373811e-02
4.517396025550936972e-02
4.521190477240372152e-02
4.517321747162462986e-02
4.518981953904693816e-02
4.511537033548925629e-02
4.515989709691614618e-02
4.511458925762541067e-02
4.511438429711234210e-02
4.515080420607078121e-02
4.512031227905176356e-02
4.511438429711234210e-02
4.511410854837751006e-02
4.510644056651275102e-02
4.516037108610498202e-02
4.522365513185527819e-02
4.516201450037657383e-02
4.510708293679332320e-02
4.512031227905176356e-02
4.527420276101026125e-02
4.511598521702846892e-02
4.515459804654189252e-02
4.515199524271729797e-02
4.510975256892027496e-02
4.510708293679332320e-02
4.517252809882103814e-02
4.511513836246568848e-02
4.511712982131373811e-02
4.516603971588693811e-02
4.511754737275615323e-02
4.522144091219680584e-02
4.515459804654189252e-02
4.521657800363107493e-02
4.512031227905176356e-02
4.510789255966516503e-02
4.518981953904693816e-02
4.521047133475847302e-02
4.510847794373464698e-02
4.510708293679332320e-02
4.511458925762541067e-02
4.524914041962274647e-02
4.520791351996403945e-02
4.519982937240878823e-02
4.517002442970020210e-02
4.510682194253089194e-02
4.511132494382839170e-02
4.511754737275615323e-02
4.510750106827152162e-02
4.515060012025923913e-02
4.517352800597872892e-02
4.511537033548925629e-02
4.521741336402566175e-02
4.521086039339451690e-02
4.521173393140168195e-02
4.510657106364397012e-02
4.510899993225950949e-02
4.526516434976661507e-02
4.519039487534656785e-02
4.511458925762541067e-02
4.517692136389646340e-02
4.519286703753837287e-02
4.511438429711234210e-02
4.515843525329823333e-02
4.511857217532150299e-02
4.518492512829437591e-02
4.512091540891302599e-02
4.511458925762541067e-02
4.516137939976225951e-02
4.521727149208098345e-02
4.518166888539566772e-02
4.510789255966516503e-02
4.511458925762541067e-02
4.511513836246568848e-02
4.510635694021711273e-02
4.522231462536439178e-02
4.521345751015466014e-02
4.510644056651275102e-02
4.520539295322525269e-02
4.526577210486942143e-02
4.511458925762541067e-02
4.510789255966516503e-02
4.510644056651275102e-02
4.514994145115150403e-02
4.511433790250762854e-02
4.511210792661568547e-02
4.515665217464211872e-02
4.518092300589079263e-02
4.525763919845108424e-02
4.511537033548925629e-02
4.516517952606186742e-02
4.510789255966516503e-02
4.511908251597333830e-02
4.511908251597333830e-02
4.510644056651275102e-02
4.521936177731689793e-02
4.520383490356507522e-02
4.518085931570882396e-02
4.510847794373464698e-02
4.519188807160121751e-02
4.526328954031334784e-02
4.510847794373464698e-02
4.515201133936516675e-02
4.519239267765309820e-02
4.511598521702846892e-02
4.510975256892027496e-02
4.510644056651275102e-02
4.523904751464533774e-02
4.515338905424662319e-02
4.518141146562783261e-02
4.524502718229643505e-02
4.516216208546770111e-02
4.510682194253089194e-02
4.516596018341878516e-02
4.510847794373464698e-02
4.510789255966516503e-02
4.518875816852193500e-02
4.511712982131373811e-02
4.518981953904693816e-02
4.519955438047999763e-02
4.518912454348358865e-02
4.521541487432606532e-02
4.510657106364397012e-02
4.510644056651275102e-02
4.533103944202769575e-02
4.510644056651275102e-02
4.515459804654189252e-02
4.522631064852900007e-02
4.510682194253089194e-02
4.510975256892027496e-02
4.515262670068102141e-02
4.517648978799339299e-02
4.515210562686134549e-02
4.516493549688111592e-02
4.515916425610290441e-02
4.510682194253089194e-02
4.510657106364397012e-02
4.519982937240878823e-02
4.511438429711234210e-02
4.510644056651275102e-02
4.510975256892027496e-02
4.511458925762541067e-02
4.520055432443015331e-02
4.511908251597333830e-02
4.510644056651275102e-02
4.515227543059650156e-02
4.511438429711234210e-02
4.528624382389105640e-02
4.510750106827152162e-02
4.526820971467345606e-02
4.511513836246568848e-02
4.524502718229643505e-02
4.520184056050843835e-02
4.514994739702900273e-02
4.522474850423523901e-02
4.519039487534656785e-02
4.511712982131373811e-02
4.524276755857797871e-02
4.515060012025923913e-02
4.516137939976225951e-02
4.511754737275615323e-02
4.515320296184036769e-02
4.516493549688111592e-02
4.526820971467345606e-02
4.534155434622600539e-02
4.510682194253089194e-02
4.528624382389105640e-02
4.531352665105724264e-02
4.516981132907529894e-02
4.511319506845900412e-02
4.515263947139521589e-02
4.511132494382839170e-02
4.515338905424662319e-02
4.516792817475142469e-02
4.518142642515297208e-02
4.523817866502079926e-02
4.510975256892027496e-02
4.527237425324616427e-02
4.511630997926145692e-02
4.511433790250762854e-02
4.518326879978564609e-02
4.511472844143955135e-02
4.515276127423804159e-02
4.510644056651275102e-02
4.524549151248130618e-02
4.511630997926145692e-02
4.518401974821398270e-02
4.515828146511242230e-02
4.515746261327840266e-02
4.511472844143955135e-02
4.519532572502711620e-02
4.510789255966516503e-02
4.532457663217167448e-02
4.520165358458788640e-02
4.515404593703897795e-02
4.510899993225950949e-02
4.510635694021711273e-02
4.510789255966516503e-02
4.510975256892027496e-02
4.527740499612713937e-02
4.511210792661568547e-02
4.511132494382839170e-02
4.510682194253089194e-02
4.520054785567802214e-02
4.511513836246568848e-02
4.521143142293943679e-02
4.516711322714037774e-02
4.510644056651275102e-02
4.512031227905176356e-02
4.511210792661568547e-02
4.511513836246568848e-02
4.511210792661568547e-02
4.510682194253089194e-02
4.511630997926145692e-02
4.511857217532150299e-02
4.517504222945634834e-02
4.524789756675273722e-02
4.519784177819831383e-02
4.511132494382839170e-02
4.518292636042900434e-02
4.510644056651275102e-02
4.519467523353383476e-02
4.517020687278128915e-02
4.522387019400961328e-02
4.522946734347049053e-02
4.518971268106038164e-02
4.533373767366822432e-02
4.510644056651275102e-02
4.511598521702846892e-02
4.521118560202918440e-02
4.511472844143955135e-02
4.522057083822537266e-02
4.525310210966431573e-02
4.517692136389646340e-02
4.521509450411344277e-02
4.510750106827152162e-02
4.518326879978564609e-02
4.511472844143955135e-02
4.511132494382839170e-02
4.510635694021711273e-02
4.511513836246568848e-02
4.522387019400961328e-02
4.512031227905176356e-02
4.518142642515297208e-02
4.510975256892027496e-02
4.511438429711234210e-02
4.530005810903995483e-02
4.521650972364868459e-02
4.510635694021711273e-02
4.510657106364397012e-02
4.510682194253089194e-02
4.516681014789568349e-02
4.527712674633293383e-02
4.515580701054531382e-02
4.511472844143955135e-02
4.516079637016506138e-02
4.516739185974972398e-02
4.528652199562128999e-02
4.511472844143955135e-02
4.515828146511242230e-02
4.510657106364397012e-02
4.518326879978564609e-02
4.520218978575387542e-02
4.516421591981265027e-02
4.511410854837751006e-02
4.527420276101026125e-02
4.511598521702846892e-02
4.511438429711234210e-02
4.511458925762541067e-02
4.511513836246568848e-02
4.515404593703897795e-02
4.516650441002226929e-02
4.525994507821094748e-02
4.519990707109307337e-02
4.510750106827152162e-02
4.515941596573398720e-02
4.519373035348177997e-02
4.516315588257293484e-02
4.511857217532150299e-02
4.510682194253089194e-02
4.510682194253089194e-02
4.522144091219680584e-02
4.510657106364397012e-02
4.516603971588693811e-02
4.511857217532150299e-02
4.511754737275615323e-02
