1.625009144648796866e+00
-4.391543517869174740e-01
1.990323103388565551e+00
4.042510565852830418e-02
8.219008315884955840e-01
1.136934842140838953e+00
-1.057088656752902089e+00
-3.872611245605701136e+00
1.132767897853958816e+00
-1.471649584161521807e+00
-1.130584531510706869e-01
-1.503679517626003825e+00
5.170622812819396508e-01
5.237183647261162145e-01
3.711490849992795521e-02
1.349299877822023319e+00
3.135195980847871877e-01
-1.754536822093515580e+00
5.687785472004605047e-01
1.466669942403745708e+00
-1.252619027413960584e+00
-1.106781173570999144e+00
-1.039419862537428685e+00
-4.958299686219390379e-02
-3.785895686470107657e-01
5.625095391314330895e-01
7.835929297200332211e-02
2.419941265073226599e-01
3.848719925883541393e-01
2.387513551906902676e-01
5.059918066220932265e-02
-1.413090004827534940e-01
-5.188032978314416344e-01
-1.967858368036884187e+00
-2.961514058802300689e-02
-9.292539491526196072e-01
1.667380578744783737e-01
1.203804203238716841e+00
-8.998460111296949782e-01
-1.190732351882177298e+00
-4.478447634691726242e-01
-1.141864742690044537e-01
-6.773825356343978754e-01
2.012573494176546351e-01
6.266486922239017376e-01
7.043069876083815073e-01
-5.184893393242742676e-02
7.568093467033581989e-01
6.654139848374892585e-01
1.002867529635178778e+00
-2.700677159869791510e-01
8.077447261219067309e-02
4.098525300370580160e-01
1.332302066434131183e+00
-2.214552940596513086e-01
3.079407455808552130e-01
-1.389249372434967933e+00
-1.548507123938263952e+00
1.228391577842946614e-01
1.597605709080317071e+00
1.521803602373562603e-01
4.334394309199455786e-01
1.202093075272275602e+00
1.240271085370162618e+00
1.894324975343178119e+00
5.367879894048740441e-01
-4.085615206889831597e-01
-2.958500627921465953e-01
-1.968330838514735504e-01
7.293719556290446659e-01
-8.786247274887027947e-01
3.214240840452474157e-01
5.471756177736001314e-01
-1.361700358990771020e+00
7.206958999747992145e-01
1.177042555912417438e-01
-9.990682481476456100e-01
8.586724382318711157e-01
4.816145347901904655e-02
9.733804642893117975e-01
-5.747571729792476658e-01
1.444438060897188736e+00
-1.242987689849754940e+00
-1.054125001168151055e-01
-3.997382438114820968e-01
-2.100063602805951835e+00
-1.481954477488731436e+00
-9.753012732310029076e-01
1.619056698110283188e+00
5.391298441863529023e-01
6.676433310049294523e-01
2.686438076831551558e-01
-2.308831851202182428e-01
-5.672839817338760637e-01
-1.761473389482564267e+00
-2.188089153807634690e-01
2.063205557981509161e-02
-1.432395506865324630e-01
-3.146986209584719529e-01
-7.831862733073132743e-01
-4.057457503007364519e-01
2.081829668140426026e+00
-1.700113662628078559e-01
3.208126664090744651e-01
-8.946569293275979939e-01
6.514470225876474174e-01
7.137820054216315047e-02
-1.712811663416163421e+00
5.826308250667452393e-01
1.400524683607554943e-01
9.216230247435943657e-01
9.845036753909374161e-01
-1.236100835865224568e+00
-3.273062488816545490e-01
-1.848042080181729330e-01
-9.146243516598112633e-02
3.176725247339818314e-01
-2.044634008905304168e-01
1.457248817776171324e+00
2.103552017997926349e+00
9.985091352762727190e-01
-4.980227218146728307e-01
-4.382930209023445656e-01
-1.751026927555668355e-01
4.084265002328062444e-01
6.346361976442843611e-01
-1.157424065230337806e+00
-1.603356357461402482e+00
8.585172251088570017e-02
-1.027830382394941955e+00
-6.993674789504384925e-01
1.030317571170885071e-01
6.106561876316483062e-01
-3.694927836652446840e-01
3.403600066970094429e-02
1.304631200519117407e-01
-8.904293184701018715e-01
1.135549775678585727e+00
1.262516029049606470e+00
5.480722055825270056e-01
6.691282703453054204e-01
2.238232472021198238e-01
1.644626929659195103e+00
-7.384072006565733925e-01
3.456084255811173733e-01
-1.147505333091112911e+00
-1.552472680260229554e+00
-1.432811118384980542e+00
3.867851509530301768e-01
-3.778470740176644305e-01
-2.863806635249672272e+00
9.844964992717712970e-01
6.406110715604814709e-01
4.520388940713950809e-01
-7.416744744898042807e-01
-1.132554567321595540e+00
-4.489896935605090511e-01
1.629895204475267478e+00
5.210688211348669663e-01
-1.018132203946729319e+00
-8.727552533699638460e-01
-1.200704525420816404e+00
1.454967775458203827e-01
-3.130512309763226475e-01
-6.517588902168698350e-01
4.108332461935654822e-01
-6.790220392860909504e-01
-7.907531986549777292e-01
9.440624772506590601e-01
3.909226043755540947e-01
-1.294251570142518570e+00
6.761564894324407771e-01
3.392705033560656225e-01
3.400343508752756150e-01
1.287487740704932326e+00
1.192450913739150131e+00
-7.571584969044802271e-01
-5.931288789538823741e-02
-7.291077733854752774e-01
3.448297722517150277e+00
-8.494978825003703937e-01
-6.863241116683526100e-01
1.180172832499853074e-02
9.012764834021664839e-01
-1.546084230481819255e-01
1.183295958036360007e+00
1.423865440156706352e+00
1.376008400428236911e-01
-2.762043013230334187e-01
3.960596453564132480e-01
-1.022610647672951290e+00
-1.975218962113960419e-01
-2.042790598059384788e+00
-8.144255780638910425e-01
-4.470400418023302014e-01
6.460384951568908241e-01
1.715216313768418654e+00
1.877513857936650640e-02
-1.040064987118923950e-01
1.310581163063935239e+00
3.821308226302058131e-01
1.462242018501123120e-01
2.057077136109529469e+00
2.946019188341367223e-01
-6.383873062005988031e-01
-5.748489770110687402e-01
-3.593085377103443223e-01
2.636424679029453766e-01
1.783516072725026547e-01
-9.500579030100214650e-01
-2.484351573586002782e-01
2.092740879115502661e+00
-1.274340878067865779e+00
-9.268947663904977263e-01
8.455039056334072711e-01
-7.036433154681256963e-02
1.417881832767968309e+00
6.040878673983313130e-01
-1.594082012918642599e+00
2.127480511954826098e-02
1.101984027964935331e+00
-2.947421344233391860e-01
-1.377275992465630539e-01
7.235085346661170869e-01
1.101715082111243360e+00
1.336397465043583699e+00
-2.099614970695032667e+00
-5.343278844134539129e-01
9.183546114030722851e-01
-1.876805454815648755e+00
5.387947940709607586e-01
1.137765739131067821e+00
-4.292697910662236077e-02
1.198721135214230626e+00
-3.910576981245520445e-01
1.467070750722781758e-01
8.932606150278521451e-01
-5.303588379396843022e-01
-9.965383002971855975e-01
7.478478753227632003e-01
-2.911800247418838694e-02
-5.816129857336658007e-03
-4.808818536922231934e-01
6.834253060993467077e-01
6.060533487119879048e-01
-8.221759748855537175e-01
-1.474743195140698626e+00
6.341870209047588414e-02
-3.853031012966586788e-01
-3.409815920751309570e-01
-1.825542757398684046e-01
1.431291927632846406e+00
-1.700813225220765279e-01
-4.152167399201022180e-01
4.990675342288012351e-01
3.832797411562611778e-01
3.842181793523730821e-02
-1.814183123069732229e-01
-5.988474562174752602e-01
2.089201134320678444e-01
-7.073997308886244006e-01
-2.932734522302722913e-01
3.141713294819605262e-01
-3.421425083288079372e-01
-7.608774730046465873e-01
-2.141829390150498946e-01
8.331308094965972355e-01
-5.392570256570963227e-01
-4.506978545415153969e-01
4.108332461935654822e-01
-1.232909858063316183e-01
8.309308574606089071e-01
2.550863485639004224e+00
8.534764059401148684e-01
-7.600514823695634359e-01
5.264498794408802862e-01
1.015447012751484746e-01
-2.845057516120835794e-01
-2.990113362073250625e-01
4.329119283546831176e-01
-5.603066253135955410e-01
-5.406973594196646804e-01
-7.871866524199085946e-01
-1.483849959490922688e-01
4.576369603801837549e-01
-1.482161891159813338e+00
1.921069395200840857e+00
-8.146053183623212790e-02
1.713954055799054299e-01
3.980970291670037770e-02
-5.528830452078896673e-01
-1.603356357461402482e+00
5.555663134584174490e-01
2.374682837826510351e+00
5.696797013610073179e-01
3.811730430083679066e-01
-9.211300011749001815e-01
2.527575507917000919e-01
7.234201068555223824e-01
2.769298061238387176e-01
-3.689788264676981400e-01
1.289252985711916377e+00
-7.816659530744405338e-01
1.311474252288798992e+00
7.317021455838034205e-01
3.256311380149076173e-01
8.737212079618220661e-01
-4.898458748570420629e-01
-5.189598531328332154e-01
-4.230085527086683284e-01
-4.829015159014082292e-01
-1.156390314429334376e+00
5.162472907177496628e-01
-2.233130823137411125e-01
7.454458802285421903e-01
1.326920824952405153e+00
3.727142085276550776e-01
4.244822999020758103e-01
2.447823403348981519e-01
4.720349090873117159e-01
4.181842032756626359e-01
1.137502641143899540e+00
-4.362785233172885024e-01
1.459362888555879145e+00
-9.699917222120826299e-01
-1.522516833891974120e+00
4.923390111170215522e-01
1.721994548301225281e-01
3.415794181463227552e-01
-4.032122357202247431e-01
-6.441011121387008043e-02
4.227523260586832921e-01
8.493160774127862522e-01
7.930285378738001212e-01
2.728015134621761262e-01
9.784691792911179298e-02
7.381829124024066879e-02
4.014844052318194412e-01
1.134104497377302345e-01
8.490345782994335178e-02
3.327482236069427834e-01
-1.179932614429499704e+00
-6.129505304209632577e-01
-2.389629952800331192e-01
-8.232446076218739028e-01
-3.138724308807364083e-01
-3.197933128364542910e+00
1.439527774249895975e+00
-1.635591889528084653e-01
5.583590531657658396e-01
1.776897174101601973e+00
1.229758096167028247e+00
-1.562399989546306545e+00
3.838032760042761060e-01
-7.198798553404849310e-01
1.635928072287954060e-01
-3.755596145234382788e-01
1.126177467926312570e-01
-1.404191504399380452e+00
-5.266378723041859750e-02
-8.690380761718942138e-01
-9.694019937380896623e-01
-2.305755813288133282e+00
-2.631848817226504766e-01
7.531273190804764484e-02
9.459421358311427275e-01
-2.806055370028644358e+00
-5.910494710104017280e-01
-5.218211317547675199e-01
-1.347399535271590176e+00
1.623730764059756471e+00
4.373243465326815960e-01
-9.971220544106356165e-01
1.858372092892025262e-01
5.469215694248239501e-01
9.115976654249511313e-01
-1.023041993382919124e+00
2.342221753988714406e-01
-5.395820544250431450e-01
2.074839177518787992e+00
9.686482655125402963e-02
-1.481954477488731436e+00
2.108621170431502989e+00
5.594386004274887192e-01
1.436941514223220695e+00
-1.520279281362102441e-01
-2.374050199269526762e-01
-1.473197439997420699e-01
1.808123255799699292e-01
1.111518481200425956e+00
1.686115651347515065e-01
-1.127564736488585906e+00
8.774891364741203847e-02
-1.522074196521083556e+00
-3.448894990490832257e-01
1.719092970871944903e-01
-7.071424940338749687e-01
3.512431169264033648e-01
7.498370134675255705e-02
-2.060251217986729166e+00
8.449937104706868596e-02
-1.441300481602235672e+00
1.967708860572700669e+00
-9.661088888122213447e-01
-7.674578254053866511e-01
-7.301157218711953334e-01
-4.429318458997090757e-01
7.238347579193205039e-01
-6.875760477645923574e-01
1.236711424336170095e+00
8.307573104774550465e-01
6.873737212465778068e-01
7.488099403777502827e-01
1.079096993969339696e-01
1.260615224420445601e+00
-4.603548476564870429e-01
6.006236092719324793e-01
4.837270801018416777e-01
1.060321028953539857e+00
-4.483649287299518171e-01
-2.864487786508218004e-01
1.583481513021999687e+00
3.223329243786080323e+00
-4.043902735876013232e-01
-4.697718161960345307e-01
-1.037548830315544679e+00
1.098962025586358360e+00
-5.738686797055098099e-01
-8.380781739892920745e-01
-8.274061885399472405e-02
5.141313064856026932e-02
-5.782034642580200501e-01
-4.201821852650177158e-01
-2.298834809706434279e-01
6.964156238591594494e-01
2.870862269714360426e+00
-6.561625096982818262e-01
1.020734573554850366e-02
5.756151886133242107e-02
-1.233944966264737486e+00
-4.043139106455078124e-01
-2.445787038133351299e-01
6.308127752142028699e-01
1.089134650980915220e+00
-4.323836478779816139e-01
-8.353243227823398120e-01
-1.138689594392193971e+00
1.386384701652730644e+00
5.967738160493718524e-01
-6.588392683029888897e-01
1.788638692763063198e-01
-1.478035900906098654e-01
-5.376964003211939236e-01
-8.223141299794636261e-01
-9.502785834383362107e-02
-7.815297442183288812e-02
-1.344728714430645011e+00
-7.023426146940828230e-02
-1.734402848233507433e+00
-1.318297804600030432e+00
4.981608444829818683e-01
5.822715252257100182e-01
