2.832
2.657
2.613
2.669
2.702
2.918
2.813
2.794
2.815
2.699
2.688
2.733
2.847
2.739
2.9560000000000004
3.03
2.72
2.689
2.85
2.763
2.819
2.631
2.5660000000000003
2.732
2.787
2.338
2.471
2.992
2.943
2.964
2.658
2.67
2.705
2.964
2.8760000000000003
2.97
2.75
2.446
2.826
2.955
2.7910000000000004
3.117
2.801
2.844
3.009
3.125
2.753
2.5660000000000003
2.867
2.839
2.9730000000000003
3.124
2.755
2.875
2.773
2.814
2.678
2.754
2.942
2.468
2.6010000000000004
2.792
2.714
2.5980000000000003
2.7060000000000004
2.819
2.835
2.595
2.883
2.9160000000000004
2.465
2.784
2.8510000000000004
3.0460000000000003
2.9210000000000003
2.866
3.082
2.753
2.814
2.845
2.627
2.926
2.926
2.891
2.7110000000000003
2.784
2.768
2.839
2.794
2.615
2.705
2.759
3.071
2.69
3.035
2.701
2.8160000000000003
2.764
2.647
2.6710000000000003
2.9610000000000003
3.07
2.722
2.884
2.734
2.173
2.94
2.74
2.887
2.812
2.766
2.968
2.964
2.9530000000000003
2.647
2.785
2.951
2.564
2.759
2.7
2.799
2.846
3.239
2.758
2.5540000000000003
2.827
2.959
2.8110000000000004
2.889
2.944
2.724
3.044
3.028
2.6860000000000004
2.658
2.664
2.667
2.536
2.629
3.099
2.77
3.008
2.419
2.6830000000000003
2.641
2.6660000000000004
2.685
2.721
2.9130000000000003
3.028
2.815
2.738
3.024
2.899
2.855
2.8110000000000004
2.78
3.008
2.845
2.704
2.8160000000000003
2.722
2.887
2.536
2.756
2.904
2.67
2.654
2.8160000000000003
2.766
2.652
2.741
2.975
2.8710000000000004
2.722
2.729
2.5980000000000003
2.907
2.8480000000000003
2.482
2.95
2.9530000000000003
2.668
2.997
2.786
2.825
2.625
2.897
3.045
2.708
2.802
2.7
3.123
2.6
2.693
2.688
2.805
2.807
2.75
2.797
2.7880000000000003
3.133
2.894
2.679
2.85
2.781
2.955
2.744
2.707
2.861
2.717
2.69
2.564
2.9760000000000004
3.137
2.715
2.902
2.861
2.787
2.782
2.83
2.763
2.919
2.834
2.755
2.945
2.7310000000000003
2.735
2.879
2.8080000000000003
2.6460000000000004
2.784
2.756
2.716
2.712
2.838
2.89
3.002
2.895
2.682
2.9330000000000003
2.926
2.676
2.841
2.667
2.8960000000000004
2.821
2.767
2.859
2.832
2.705
2.881
2.987
2.753
2.952
2.864
2.705
2.489
2.946
2.781
2.6710000000000003
2.8310000000000004
2.763
2.779
2.5980000000000003
2.6860000000000004
3.036
2.8110000000000004
2.72
2.617
2.628
2.537
2.507
2.7910000000000004
2.794
2.907
2.862
2.3080000000000003
2.61
2.667
3.099
2.945
2.846
3.023
2.869
2.8480000000000003
2.512
2.834
2.623
2.724
2.901
2.834
2.688
2.708
2.8510000000000004
2.57
2.914
2.546
2.749
2.713
2.785
2.819
2.9130000000000003
2.665
2.897
2.759
2.732
2.727
2.707
2.789
2.823
2.883
2.732
2.966
2.661
2.573
2.77
2.773
2.752
2.495
2.992
2.911
2.8480000000000003
2.8510000000000004
2.843
2.918
2.653
2.59
3.1060000000000003
2.52
2.617
2.814
2.744
2.714
2.51
2.969
3.054
2.842
2.869
2.75
3.006
2.741
2.824
2.918
2.722
2.787
2.783
2.6660000000000004
2.8080000000000003
2.716
2.802
2.754
2.905
2.725
2.78
3.034
2.858
2.835
2.66
2.874
2.6180000000000003
2.688
2.575
3.15
2.724
2.5580000000000003
2.872
2.715
3.032
2.7030000000000003
2.872
3.114
2.672
2.801
2.863
2.815
2.9730000000000003
2.801
2.9930000000000003
2.85
2.847
2.944
2.877
2.817
2.9560000000000004
2.985
2.732
2.526
2.893
2.758
2.8760000000000003
2.834
2.975
2.784
3.283
2.883
2.912
2.736
2.65
2.617
2.7110000000000003
2.794
2.7030000000000003
2.7060000000000004
2.515
2.727
3.0810000000000004
2.608
2.8760000000000003
2.942
2.938
2.495
2.668
2.631
2.713
2.769
2.6910000000000003
2.849
2.9210000000000003
2.824
3.235
3.054
2.95
2.699
2.809
2.667
2.72
3.023
2.761
2.988
2.8480000000000003
2.739
2.372
2.954
3.091
2.867
2.92
3.442
2.7260000000000004
2.631
2.789
2.97
2.8710000000000004
2.946
2.681
2.702
2.763
2.696
2.52
2.793
3.1010000000000004
2.938
2.968
2.631
3.077
2.887
2.901
2.833
2.847
2.6630000000000003
2.9760000000000004
2.8160000000000003
3.0460000000000003
2.712
2.8310000000000004
2.904
3.293
2.988
2.783
2.894
2.891
2.584
2.802
2.837
2.92
2.729
2.841
2.7110000000000003
2.804
2.657
2.937
3.06
2.945
2.954
3.006
2.8710000000000004
2.922
2.633
2.682
2.575
2.766
2.536
2.761
2.789
2.87
3.429
2.591
2.839
3.1910000000000003
2.893
3.213
2.7910000000000004
2.766
2.97
2.994
2.653
2.847
2.567
2.6660000000000004
2.617
3.0380000000000003
2.591
2.992
2.386
2.899
2.7
2.903
2.572
2.687
3.033
2.735
2.898
2.576
2.972
2.984
2.745
2.9810000000000003
2.898
2.552
2.564
2.371
2.954
2.7060000000000004
2.724
2.853
2.66
2.881
2.842
2.6630000000000003
3.089
2.745
2.63
2.922
2.787
2.659
3.026
3.069
2.878
2.882
2.636
2.7060000000000004
2.889
2.59
3.093
2.872
2.807
2.562
2.775
2.85
3.014
2.963
2.745
2.8560000000000003
2.883
2.841
2.78
2.768
2.878
3.114
2.599
2.853
2.784
2.709
3.1180000000000003
2.431
2.724
2.978
2.908
2.477
2.615
2.804
2.8280000000000003
3.042
2.763
2.707
2.772
2.803
2.853
2.781
2.782
2.782
2.704
2.821
2.762
3.0210000000000004
2.6630000000000003
2.6630000000000003
3.095
2.761
2.7030000000000003
2.97
2.717
2.7960000000000003
2.708
2.532
2.7430000000000003
2.7
2.513
2.7030000000000003
2.651
2.4
2.787
3.015
2.938
2.44
2.793
2.766
2.799
3.003
2.355
2.864
2.965
2.789
3.004
2.632
2.815
2.742
2.94
2.612
2.904
2.709
2.647
2.915
2.616
2.959
2.745
2.565
2.897
2.934
2.91
2.769
2.8160000000000003
2.9760000000000004
2.775
2.676
2.91
2.577
2.656
2.749
2.9
2.7310000000000003
2.883
2.819
2.76
2.792
2.616
2.906
2.932
2.567
3.01
2.733
2.919
2.697
2.8710000000000004
2.72
2.9410000000000003
2.875
2.842
3.175
2.89
2.712
2.8560000000000003
2.821
2.695
2.657
2.693
2.817
2.7880000000000003
2.855
2.887
2.93
2.707
2.805
2.872
2.6660000000000004
2.94
2.9330000000000003
2.75
2.681
2.813
2.645
2.614
2.57
2.6630000000000003
2.717
2.718
2.8760000000000003
2.911
3.067
2.835
2.635
3.069
2.85
2.909
2.802
2.797
2.925
2.603
2.647
2.724
2.824
2.713
2.728
2.577
2.736
2.7510000000000003
2.9210000000000003
2.859
2.654
2.762
3.165
2.577
2.8560000000000003
2.815
2.957
2.763
2.8
2.766
2.954
2.76
2.6860000000000004
2.927
2.775
2.708
2.8560000000000003
2.87
2.645
2.729
2.88
2.772
2.841
2.862
2.8480000000000003
2.8160000000000003
2.98
2.962
2.975
3.063
2.789
2.807
2.767
3.055
2.8510000000000004
2.701
2.864
3.073
2.83
3.014
2.859
2.758
2.843
2.678
2.654
2.624
2.124
2.718
3.002
2.514
2.773
2.597
2.792
2.862
2.7880000000000003
2.5540000000000003
2.803
2.738
3.011
2.6460000000000004
2.947
2.8480000000000003
2.417
2.974
2.817
2.852
2.765
3.264
3.0580000000000003
2.971
2.903
2.4730000000000003
2.5980000000000003
3.134
2.694
2.66
2.5540000000000003
3.017
2.7060000000000004
2.9960000000000004
2.839
3.204
2.861
2.865
2.685
3.009
2.821
2.8080000000000003
2.658
2.754
2.585
2.914
2.902
2.807
2.672
2.909
2.676
2.32
2.95
2.881
2.8160000000000003
2.662
2.715
2.923
2.861
2.732
2.613
2.77
2.747
2.9530000000000003
2.498
2.822
3.0210000000000004
2.52
3.055
2.758
2.7710000000000004
2.734
2.948
2.867
2.652
3.005
2.7310000000000003
2.867
3.002
2.475
2.7060000000000004
2.701
2.768
2.6910000000000003
2.637
2.644
2.855
2.995
2.959
2.5980000000000003
2.992
3.151
2.7510000000000003
3.006
2.7060000000000004
2.909
2.889
2.501
2.736
2.964
2.899
2.572
2.739
2.6660000000000004
2.975
3.073
2.801
2.741
3.108
2.638
2.966
2.529
2.948
2.628
2.857
3.039
2.151
2.893
2.754
2.982
2.906
2.279
2.9330000000000003
2.4290000000000003
2.8160000000000003
2.969
2.946
2.928
2.874
2.965
3.117
2.8480000000000003
2.929
2.904
2.547
2.869
2.89
2.739
2.7460000000000004
3.144
2.92
2.64
2.754
2.922
2.757
2.775
2.781
2.8280000000000003
2.765
2.883
2.84
2.84
2.9760000000000004
2.863
2.762
2.707
2.696
3.084
2.689
2.865
2.644
2.709
2.662
3.169
2.725
2.717
2.98
2.8760000000000003
2.846
3.1830000000000003
3.053
2.613
2.6260000000000003
2.7030000000000003
2.858
2.71
2.9130000000000003
3.3
2.745
2.819
2.76
2.943
2.99
2.787
2.722
3.049
2.495
2.775
2.853
2.9530000000000003
3.084
2.738
2.8960000000000004
2.8760000000000003
2.7510000000000003
2.8110000000000004
2.897
2.661
2.807
2.9760000000000004
2.799
2.732
2.757
2.763
2.858
2.6910000000000003
2.728
2.7230000000000003
2.6830000000000003
3.035
2.667
3.047
3.033
2.75
2.849
2.924
2.678
2.844
2.675
2.782
2.8710000000000004
2.945
2.696
2.957
3.099
2.833
2.914
2.79
2.809
2.829
2.889
3.18
2.431
2.7460000000000004
3.1010000000000004
2.929
2.885
2.719
2.835
2.71
2.628
2.92
2.857
2.787
2.85
2.844
2.954
2.638
2.71
2.754
2.7310000000000003
2.857
2.428
2.972
2.689
2.988
2.9360000000000004
2.789
2.83
2.908
2.479
2.861
2.7910000000000004
2.7030000000000003
2.887
3.06
2.985
3.168
2.829
2.834
2.837
2.705
2.432
2.6860000000000004
2.9160000000000004
2.88
2.522
2.739
2.76
2.742
2.699
2.76
3.125
2.764
2.793
2.988
2.877
3.091
2.94
2.998
2.8280000000000003
2.838
2.9610000000000003
2.888
2.704
2.7510000000000003
2.935
2.966
2.89
2.9130000000000003
2.707
2.843
2.798
2.83
2.479
2.882
2.873
2.805
2.511
2.863
2.8480000000000003
2.8480000000000003
3.007
2.7880000000000003
2.858
2.728
3.035
2.759
2.432
3.0860000000000003
3.011
2.765
2.799
2.803
2.76
2.74
2.795
2.877
2.7510000000000003
2.781
2.7510000000000003
2.748
2.8360000000000003
2.994
2.879
2.907
2.628
2.733
2.748
2.73
3.12
2.8160000000000003
2.9730000000000003
2.736
2.74
2.636
2.9330000000000003
3.018
2.5810000000000004
2.65
2.806
3.069
2.8160000000000003
2.928
2.797
2.874
2.738
2.894
3.019
2.769
2.789
2.637
2.652
2.712
2.97
2.847
2.8110000000000004
2.939
2.738
2.556
2.9810000000000003
2.807
2.842
2.9210000000000003
2.847
3.04
2.918
2.947
2.798
2.589
2.716
2.804
2.97
2.9960000000000004
2.792
3.003
2.824
2.969
3.11
2.748
2.729
2.6710000000000003
3.015
2.845
2.677
3.06
2.784
2.89
2.858
2.74
2.887
2.863
2.813
2.877
2.654
2.859
2.846
2.73
2.672
2.7880000000000003
2.918
2.932
2.844
2.81
2.623
2.678
2.748
2.988
2.932
2.595
2.752
2.8560000000000003
2.647
2.954
2.911
2.943
2.932
3.162
2.735
3.042
2.787
2.632
2.614
2.532
2.85
2.617
2.985
3.093
2.752
2.7030000000000003
2.979
3.034
2.7260000000000004
2.725
2.9530000000000003
2.892
2.696
2.923
2.708
2.736
2.639
2.823
2.495
2.777
3.1660000000000004
3.01
2.764
2.863
2.795
2.875
2.92
2.919
2.801
2.764
2.814
2.843
2.917
2.737
2.632
3.1660000000000004
3.104
2.715
2.693
2.915
2.797
2.817
2.7510000000000003
2.603
2.969
2.861
2.929
2.679
2.803
3.044
2.759
2.522
2.834
2.794
2.644
2.632
2.6630000000000003
2.678
2.7110000000000003
2.91
2.903
2.335
2.901
2.58
2.8480000000000003
2.767
2.76
2.694
2.9360000000000004
2.8160000000000003
2.934
3.272
2.679
2.616
2.918
2.947
2.653
2.7510000000000003
2.684
2.635
2.7230000000000003
2.903
2.728
2.923
2.939
2.879
2.66
3.099
2.802
2.664
2.951
2.481
2.445
2.745
2.7510000000000003
2.602
2.845
2.931
2.807
2.829
3.019
2.943
2.859
3.158
2.759
2.682
2.748
2.587
3.1260000000000003
2.755
2.769
2.847
2.739
2.797
2.81
2.841
2.786
2.794
2.972
2.88
2.722
2.968
2.982
2.452
2.674
2.736
3.012
2.756
2.86
2.655
2.744
2.7460000000000004
2.59
3.051
2.443
3.024
2.789
2.824
3.075
2.925
2.758
2.8710000000000004
2.713
2.504
2.879
2.775
2.807
2.829
2.9810000000000003
2.924
2.838
3.015
2.903
2.73
2.7
2.614
2.9530000000000003
3.016
2.764
2.8110000000000004
2.768
2.729
2.6210000000000004
2.74
2.842
2.777
2.682
2.946
2.907
1.7480000000000002
3.0210000000000004
2.73
2.8
2.722
2.932
2.88
2.531
2.761
2.887
2.912
2.529
2.82
2.878
2.8710000000000004
2.571
2.761
2.9160000000000004
2.943
3.0460000000000003
2.945
2.865
2.989
2.842
3.03
2.769
2.643
2.807
2.65
2.925
2.885
2.93
2.801
2.7960000000000003
2.845
2.95
2.667
2.99
2.559
2.7880000000000003
2.552
2.893
2.645
2.572
3.008
2.908
2.701
2.943
2.837
3.0580000000000003
3.03
3.027
2.888
3.023
2.824
2.858
2.673
2.962
2.881
2.879
2.846
3.031
3.15
3.048
2.813
2.617
2.763
2.772
2.7230000000000003
2.832
3.0380000000000003
2.633
2.724
2.715
2.7710000000000004
2.662
3.237
2.7310000000000003
2.778
2.8510000000000004
2.866
2.724
2.822
2.812
2.7460000000000004
2.527
2.87
2.883
2.911
2.882
2.9760000000000004
2.942
2.89
2.7460000000000004
2.825
2.807
3.1180000000000003
2.806
2.839
2.7960000000000003
2.647
2.757
2.802
2.74
2.969
2.589
2.967
2.832
2.919
2.962
2.985
2.84
3.003
2.9560000000000004
2.798
2.785
2.71
2.842
2.832
2.8480000000000003
3.0010000000000003
2.58
2.754
2.661
2.923
2.589
3.059
2.7060000000000004
2.341
2.999
2.802
3.042
2.887
2.972
3.182
2.7510000000000003
2.85
2.944
2.739
2.653
3.045
2.672
2.773
2.599
2.648
2.937
2.62
2.76
2.694
2.844
2.786
2.753
2.661
2.734
2.854
2.672
2.577
2.793
2.99
2.769
2.435
2.8080000000000003
2.917
2.7
2.489
2.705
2.977
2.477
2.658
2.786
2.709
2.7110000000000003
2.512
2.75
2.8080000000000003
2.86
3.104
2.6860000000000004
3.0210000000000004
2.722
2.676
2.6
2.825
2.659
2.795
2.785
2.947
2.9930000000000003
2.982
2.64
2.749
2.7430000000000003
2.906
2.619
2.917
2.907
2.971
2.509
2.809
2.8480000000000003
2.775
2.702
2.86
2.5810000000000004
2.7430000000000003
2.047
2.576
2.874
2.752
2.8110000000000004
2.6630000000000003
2.9810000000000003
2.807
2.687
1.624
2.6630000000000003
2.937
3.095
2.594
2.79
2.892
2.902
2.698
2.7310000000000003
2.8
3.084
2.7110000000000003
2.849
2.579
2.75
2.909
3.039
2.659
2.82
2.853
2.689
2.923
2.594
2.959
2.985
2.962
2.9530000000000003
2.64
2.682
2.81
2.874
2.882
2.698
3.02
2.651
2.609
2.441
2.875
2.745
2.794
2.817
2.777
2.6910000000000003
2.667
3.01
2.6830000000000003
2.673
2.904
3.228
2.859
2.999
2.949
2.649
2.877
2.756
2.878
2.818
3.02
2.946
2.912
2.681
2.737
2.69
2.923
2.758
2.725
2.819
2.909
2.817
2.912
2.904
2.766
2.478
2.8080000000000003
2.632
2.802
2.658
2.496
2.912
2.858
2.668
2.8710000000000004
2.385
2.613
2.729
2.806
2.701
2.998
2.8480000000000003
2.728
2.911
2.685
2.76
3.149
3.011
3.074
2.678
2.879
2.951
2.672
2.719
3.107
2.775
2.5860000000000003
2.8560000000000003
2.659
2.842
2.853
2.768
2.737
3.007
2.885
3.12
2.821
2.764
2.82
2.813
2.897
2.741
2.909
2.704
2.862
2.986
2.51
2.759
2.971
2.201
2.892
2.548
2.967
2.678
2.6260000000000003
2.721
3.007
2.639
2.679
2.841
2.744
2.758
2.717
3.252
2.801
2.986
2.9960000000000004
3.06
2.568
2.737
2.854
2.865
2.681
2.781
2.497
2.9960000000000004
2.807
2.737
2.757
2.745
3.035
2.839
2.964
2.637
2.6210000000000004
2.639
3.037
2.832
2.867
2.727
3.1830000000000003
2.7310000000000003
2.776
2.564
2.787
2.65
2.975
2.937
2.7060000000000004
2.708
2.5580000000000003
2.732
2.8760000000000003
2.7310000000000003
2.68
2.639
2.713
2.375
2.853
2.83
2.696
2.665
2.7710000000000004
2.675
2.865
2.708
2.8960000000000004
2.8760000000000003
2.911
2.9530000000000003
2.769
2.764
3.102
2.8680000000000003
2.812
2.739
3.0
2.929
2.987
2.682
3.085
2.631
3.22
2.793
2.728
2.757
2.7310000000000003
2.787
2.942
2.77
2.5980000000000003
3.002
2.8510000000000004
2.772
2.833
3.193
2.5810000000000004
2.908
2.575
2.754
2.969
2.562
2.883
2.789
2.677
2.979
2.8160000000000003
2.895
2.805
2.845
2.955
2.562
2.466
2.664
2.588
2.865
3.084
2.4730000000000003
2.8080000000000003
2.761
1.763
2.9160000000000004
2.7430000000000003
2.925
3.0210000000000004
2.812
2.7310000000000003
2.9130000000000003
2.985
2.776
2.901
2.6010000000000004
2.815
2.565
2.737
