3.131
2.967
2.951
2.622
2.999
2.94
2.835
2.752
3.199
3.128
2.734
3.085
3.124
2.612
3.1630000000000003
3.037
3.073
2.66
3.111
3.1260000000000003
3.12
3.087
3.159
3.032
3.115
2.64
2.8960000000000004
3.36
3.175
3.182
3.027
3.02
2.9330000000000003
3.083
2.964
2.972
3.023
2.806
2.807
2.965
3.03
3.282
2.9760000000000004
3.112
3.064
3.451
3.003
3.124
3.105
2.977
3.04
3.097
2.931
3.025
2.997
3.005
2.9810000000000003
3.162
3.004
2.6630000000000003
2.859
2.997
2.761
2.768
3.269
3.1710000000000003
3.125
2.914
3.082
3.195
2.9730000000000003
2.817
3.258
3.69
3.216
3.1
3.229
3.1060000000000003
3.019
3.379
2.774
2.883
3.245
3.139
3.137
3.182
2.965
2.942
3.0660000000000003
3.045
3.0860000000000003
3.02
3.355
2.994
3.016
3.364
3.1660000000000004
2.852
3.099
3.023
2.9360000000000004
3.366
3.062
2.907
2.971
2.104
3.108
3.025
3.033
3.028
3.072
3.297
3.069
3.3110000000000004
2.812
3.022
2.841
2.87
3.096
3.372
3.062
3.458
3.23
2.959
2.714
3.034
3.22
3.102
3.182
3.245
3.295
3.274
2.906
3.003
2.6460000000000004
2.918
2.911
3.042
3.009
3.3
2.965
3.188
2.636
3.057
2.915
3.1010000000000004
3.0410000000000004
2.661
2.9760000000000004
2.974
3.167
3.154
3.096
3.139
2.814
2.932
3.138
3.133
3.0810000000000004
3.241
3.095
3.164
3.093
2.968
2.839
3.149
3.047
3.216
3.415
3.089
3.082
3.076
3.347
2.909
3.043
3.2060000000000004
2.992
2.93
3.088
2.9730000000000003
3.263
3.173
2.869
3.3110000000000004
3.07
2.88
3.221
3.102
3.292
3.253
3.148
3.372
3.307
3.095
2.759
3.084
3.332
3.33
3.155
3.123
2.92
3.447
3.027
3.0980000000000003
3.224
2.99
2.942
2.9530000000000003
2.843
3.238
2.924
3.297
3.043
3.221
3.132
3.091
2.6010000000000004
3.012
3.0460000000000003
3.076
2.867
3.2710000000000004
2.867
2.984
3.208
3.466
2.886
3.047
3.157
2.919
2.837
3.135
3.035
2.91
2.988
2.924
3.0860000000000003
3.09
3.285
2.903
3.125
3.123
2.891
3.131
3.026
3.154
2.802
3.053
3.443
3.286
3.224
3.18
2.928
3.158
2.995
2.943
3.152
2.839
2.889
2.949
2.932
2.915
2.815
3.009
3.057
2.9530000000000003
2.938
2.98
3.36
2.519
3.222
3.24
3.011
2.753
2.908
3.277
3.124
2.748
3.0860000000000003
3.195
3.338
3.045
2.951
3.092
3.15
3.245
2.755
3.034
2.756
3.148
3.279
3.07
2.905
3.137
3.076
2.763
2.944
2.904
3.298
2.826
2.875
3.127
3.305
3.298
3.239
3.155
2.907
3.082
2.9410000000000003
3.079
3.242
3.0380000000000003
3.093
3.157
2.8960000000000004
2.838
2.949
3.102
3.0580000000000003
3.052
3.23
3.114
3.294
2.97
3.063
3.152
3.077
2.971
2.966
2.806
3.082
3.104
3.007
2.797
3.102
3.149
3.225
3.179
3.099
3.027
3.185
2.98
3.034
3.052
3.259
3.1060000000000003
2.823
3.1010000000000004
2.827
2.669
2.967
2.692
2.955
3.0410000000000004
2.93
3.125
3.142
3.2030000000000003
3.029
2.786
2.927
2.9760000000000004
2.952
3.4330000000000003
3.295
3.216
3.05
3.131
3.172
2.603
2.727
3.36
2.83
3.0610000000000004
3.161
3.192
3.088
2.7260000000000004
3.0810000000000004
2.823
3.073
3.221
2.766
2.972
3.238
3.225
2.9810000000000003
2.661
3.284
3.005
2.994
3.132
3.524
2.881
3.3310000000000004
3.287
3.071
2.959
3.219
3.108
3.2060000000000004
3.176
3.2030000000000003
3.028
2.75
2.893
3.24
3.055
3.199
3.113
2.893
2.681
3.159
3.007
3.014
3.4560000000000004
3.044
3.022
3.383
2.759
3.392
3.287
3.3560000000000003
2.977
3.161
2.747
2.688
3.303
3.177
2.9960000000000004
3.178
2.962
2.89
2.988
3.141
3.48
3.143
3.49
2.966
2.9410000000000003
3.178
2.982
2.911
3.034
3.141
3.129
3.0980000000000003
3.156
2.628
3.167
3.067
2.985
2.924
3.135
3.134
2.998
2.8710000000000004
2.842
3.099
3.192
3.103
3.213
3.162
3.012
3.048
3.332
3.35
3.406
3.381
3.026
3.034
2.714
3.06
2.669
2.992
3.096
3.1180000000000003
3.193
3.109
3.067
3.194
2.902
3.15
3.367
2.97
3.1260000000000003
3.133
2.596
2.903
3.0460000000000003
2.895
2.968
2.805
3.047
3.236
3.485
3.165
3.005
3.127
2.772
3.386
3.018
3.174
2.988
2.853
2.924
2.7710000000000004
2.99
3.114
2.908
2.807
2.782
2.908
2.968
2.946
2.882
3.17
2.895
3.28
3.0460000000000003
3.159
3.239
2.852
2.867
3.353
3.067
3.156
2.8710000000000004
3.1060000000000003
2.962
2.885
3.091
3.161
2.905
3.178
2.922
3.092
3.2110000000000003
3.343
3.139
3.032
2.874
2.931
3.1010000000000004
3.093
3.447
3.362
2.843
3.205
3.298
3.049
2.9130000000000003
2.977
3.1910000000000003
3.0210000000000004
3.19
2.772
2.914
3.003
3.137
3.093
3.015
3.1060000000000003
3.049
2.853
3.145
2.88
3.109
3.341
3.043
2.955
2.9610000000000003
2.899
3.036
3.033
2.785
2.8160000000000003
3.152
2.688
2.69
3.049
3.07
3.324
3.138
2.881
3.049
3.003
3.057
3.292
2.9960000000000004
2.986
3.034
2.888
2.64
2.88
2.742
3.03
3.178
3.125
2.69
3.5580000000000003
2.832
2.647
2.742
2.56
3.181
2.99
2.843
2.69
3.125
2.533
3.06
3.241
2.964
2.766
3.17
2.904
3.088
2.983
2.927
2.869
3.287
2.939
3.033
3.033
2.979
3.158
3.037
3.003
3.027
3.05
3.21
2.8160000000000003
2.649
2.949
3.047
2.638
3.207
3.391
3.114
3.03
3.0460000000000003
3.212
3.225
2.789
3.012
2.919
3.294
3.207
3.094
2.969
3.257
3.088
2.872
3.056
3.011
2.992
3.389
2.962
3.054
2.712
2.952
2.8480000000000003
2.918
3.0980000000000003
2.934
2.774
3.138
3.388
3.037
3.229
3.079
3.165
3.168
2.997
2.814
3.202
2.927
3.201
2.99
3.062
3.002
3.04
3.095
2.905
3.025
3.432
3.182
2.7880000000000003
2.963
2.952
3.044
2.6830000000000003
2.998
2.9760000000000004
3.094
2.714
3.097
2.965
3.363
3.149
3.303
3.074
2.9410000000000003
2.999
3.005
3.13
3.054
3.085
3.491
2.8360000000000003
3.22
2.819
3.043
3.2
3.047
3.401
3.0210000000000004
2.585
3.082
3.406
2.9330000000000003
3.185
3.013
3.007
3.1460000000000004
2.875
2.728
3.326
3.072
2.948
3.0460000000000003
3.073
3.056
3.189
2.852
3.156
2.747
3.116
2.985
2.919
2.846
2.979
3.105
2.864
3.158
3.216
3.304
3.024
3.025
2.954
2.9410000000000003
3.079
3.024
3.0210000000000004
3.176
3.229
3.3560000000000003
3.076
3.195
2.9
3.016
3.128
2.9360000000000004
2.485
2.991
3.109
2.946
2.923
2.865
3.056
3.347
2.818
2.825
2.967
3.139
3.003
2.784
3.165
3.1660000000000004
2.7430000000000003
3.139
3.21
2.944
3.178
3.077
3.265
3.213
3.016
2.919
3.026
3.605
2.919
2.938
2.643
3.23
2.966
3.269
3.073
3.287
3.1260000000000003
3.318
2.9
2.891
2.898
3.091
2.9330000000000003
2.927
2.815
3.2
3.209
3.265
3.102
2.908
3.215
2.616
3.258
3.218
3.0580000000000003
3.229
3.264
3.228
2.971
3.283
3.225
3.158
3.256
2.7060000000000004
2.862
3.0610000000000004
3.064
2.906
3.129
3.067
2.971
3.029
2.9360000000000004
3.055
2.861
3.037
2.92
3.48
3.089
3.152
3.0980000000000003
3.076
3.27
3.113
3.2460000000000004
2.697
3.059
3.194
3.1010000000000004
2.7030000000000003
3.105
3.195
3.117
3.164
3.0210000000000004
2.9960000000000004
3.115
2.812
3.089
2.785
3.182
2.9410000000000003
2.85
2.79
3.075
3.194
3.215
3.3110000000000004
2.925
2.881
3.212
3.05
3.349
3.1710000000000003
3.127
2.802
2.237
2.7110000000000003
3.077
3.09
3.346
2.853
3.23
2.61
2.732
2.753
3.127
3.184
2.716
3.337
3.2910000000000004
2.9560000000000004
2.965
3.123
2.6460000000000004
3.02
2.991
2.975
3.05
3.611
3.2260000000000004
2.97
2.9330000000000003
3.082
2.918
3.278
3.205
3.148
3.07
3.418
3.208
3.193
3.199
2.95
3.115
2.833
3.179
3.5
2.712
2.926
3.181
3.154
3.105
3.006
3.228
3.2310000000000003
3.011
3.025
3.0410000000000004
2.9530000000000003
3.527
2.9410000000000003
3.134
2.98
3.184
3.111
3.24
3.37
2.695
2.917
3.037
2.991
3.32
3.132
3.116
3.019
2.85
2.959
3.299
3.016
3.409
2.911
3.031
3.227
3.1710000000000003
3.032
3.094
3.043
3.125
3.162
2.905
2.991
2.9160000000000004
2.989
2.939
3.091
3.1210000000000004
3.069
2.8710000000000004
2.903
3.031
3.119
3.095
2.98
3.1
2.82
3.09
3.116
3.115
3.056
3.1060000000000003
2.9360000000000004
2.837
3.147
2.863
3.0410000000000004
3.169
3.026
3.3110000000000004
3.298
3.154
3.195
3.044
2.962
3.2060000000000004
3.1
3.142
3.202
3.032
2.9360000000000004
2.963
3.039
3.241
2.902
3.07
3.272
3.019
2.835
3.175
2.927
2.702
3.018
2.7910000000000004
3.278
3.1460000000000004
2.948
2.894
3.004
3.375
3.158
3.009
3.025
3.099
2.989
3.179
3.283
2.989
3.2230000000000003
2.989
2.96
2.8960000000000004
2.911
3.073
3.242
3.2960000000000003
3.077
3.064
3.138
3.0780000000000003
2.9760000000000004
3.1860000000000004
3.241
3.4560000000000004
3.105
2.9730000000000003
2.887
3.024
3.002
3.357
3.049
2.978
3.102
3.2910000000000004
3.102
2.93
3.2260000000000004
2.944
3.095
3.052
3.157
3.1210000000000004
3.039
2.999
3.283
2.9
3.134
2.716
2.963
2.907
3.417
3.18
2.9810000000000003
2.935
3.1660000000000004
2.834
3.043
3.256
3.275
2.7960000000000003
3.026
3.052
2.7710000000000004
2.841
3.178
3.049
2.744
2.798
3.21
2.948
3.205
2.7430000000000003
3.172
2.968
3.024
3.137
3.238
3.1710000000000003
2.948
2.982
2.95
3.36
3.099
3.185
3.165
3.04
3.031
3.0780000000000003
3.052
2.888
3.0210000000000004
3.036
3.139
2.8560000000000003
3.22
3.115
2.942
3.244
3.0380000000000003
3.389
3.195
3.069
3.052
2.977
2.957
2.854
3.301
3.03
3.228
2.741
2.815
3.12
2.957
3.3080000000000003
3.218
3.03
3.036
3.175
3.096
3.237
3.117
3.05
2.954
3.266
3.3310000000000004
2.882
3.154
2.959
2.999
3.084
3.23
2.905
3.047
3.247
3.087
2.915
3.028
3.1660000000000004
3.273
3.402
2.935
3.015
3.035
3.142
3.1210000000000004
3.056
3.1
2.87
3.425
3.204
3.383
3.22
3.2510000000000003
3.019
3.027
2.72
2.91
2.6910000000000003
2.844
3.0660000000000003
2.7910000000000004
3.194
3.143
2.878
2.9160000000000004
2.905
3.198
2.854
3.002
2.867
3.019
3.201
2.999
3.002
2.77
2.889
3.044
3.054
3.147
3.096
3.242
3.147
3.2460000000000004
3.1860000000000004
3.228
3.1910000000000003
3.25
2.842
3.239
2.922
3.131
3.006
3.048
2.85
3.181
3.212
3.172
3.24
3.145
3.08
3.178
2.959
2.991
2.979
2.9530000000000003
3.0580000000000003
2.938
3.159
2.943
2.824
3.465
3.119
2.912
2.889
2.68
2.986
3.064
3.053
3.14
3.131
2.821
3.283
3.024
2.966
3.156
3.019
3.0410000000000004
3.21
2.839
2.793
3.088
3.174
3.083
3.137
3.004
3.0810000000000004
3.017
3.077
3.024
3.2
2.777
2.73
3.143
3.117
3.212
2.943
3.263
3.116
2.957
3.2060000000000004
3.124
2.912
3.12
3.1660000000000004
3.012
3.37
2.782
3.055
3.272
3.162
3.178
2.825
3.122
3.361
2.967
3.195
2.577
3.17
3.108
2.966
2.84
2.994
3.1
3.111
3.437
3.158
3.052
2.8760000000000003
2.962
2.809
3.01
2.942
2.957
3.1910000000000003
3.076
3.028
3.139
3.007
3.12
3.2510000000000003
2.907
3.218
3.15
3.161
2.769
2.966
3.124
3.055
3.1010000000000004
3.256
3.074
3.272
2.84
3.199
2.838
2.984
2.874
3.102
3.323
2.593
3.212
3.227
2.846
3.107
2.965
3.01
3.102
3.0380000000000003
2.995
2.972
3.012
3.239
3.033
3.005
3.21
3.083
3.159
3.4
2.968
3.045
2.854
2.832
3.2960000000000003
2.982
3.109
3.475
3.177
3.227
2.908
3.036
3.298
3.234
2.8480000000000003
3.045
1.7380000000000002
3.068
3.016
3.139
2.934
3.297
3.225
3.14
2.8680000000000003
3.2
3.2710000000000004
2.955
3.394
2.8960000000000004
3.137
2.555
2.568
3.0210000000000004
3.148
3.47
2.846
3.458
3.138
3.196
3.115
3.136
2.999
3.194
3.168
3.249
3.125
3.236
3.047
2.752
2.84
3.116
3.244
3.044
3.135
3.026
3.029
2.971
2.958
2.895
3.047
3.109
2.96
3.143
3.232
3.335
3.105
3.143
3.0980000000000003
2.841
3.143
3.176
3.035
3.165
3.108
3.0210000000000004
3.08
3.3680000000000003
3.317
3.103
2.9360000000000004
3.173
2.805
3.049
3.177
3.069
3.346
2.931
2.939
3.131
3.103
2.8760000000000003
2.998
2.909
2.988
3.019
3.265
3.491
3.173
2.927
2.8480000000000003
2.469
3.153
3.18
2.839
2.923
3.358
3.0780000000000003
3.343
2.873
3.12
3.257
3.193
3.204
3.1910000000000003
2.96
2.87
3.054
3.141
2.866
3.059
2.979
3.112
3.269
3.1260000000000003
3.1010000000000004
3.006
3.033
3.036
3.0780000000000003
2.882
3.005
2.967
3.092
2.819
2.677
3.1210000000000004
3.156
3.113
3.275
3.1060000000000003
2.786
3.179
2.983
2.947
3.148
3.125
3.0
3.3480000000000003
3.1710000000000003
3.0
3.242
2.76
3.04
2.847
3.074
3.534
3.065
3.201
2.821
2.886
3.116
3.043
3.123
2.972
2.9160000000000004
3.229
3.011
2.765
2.998
2.946
2.878
3.035
3.0410000000000004
3.094
3.014
2.585
3.1210000000000004
3.175
2.8280000000000003
2.839
2.934
3.194
3.029
3.012
3.033
3.519
2.829
3.0010000000000003
2.817
3.087
3.057
3.563
3.147
3.267
3.019
2.974
2.8
2.948
2.812
3.0810000000000004
3.063
3.156
3.21
3.367
2.774
3.06
3.079
2.512
2.732
3.175
3.043
3.095
2.442
2.8480000000000003
2.989
3.298
3.286
3.003
2.995
2.861
2.134
3.019
2.927
2.918
2.9330000000000003
3.037
3.193
2.867
2.935
1.521
3.2
3.216
3.417
3.01
3.049
2.902
3.047
3.188
2.6630000000000003
3.427
3.4360000000000004
3.175
3.117
3.015
2.837
3.25
3.275
3.06
2.747
3.047
3.015
2.902
3.124
3.053
3.0380000000000003
3.139
3.167
2.71
2.594
2.907
3.007
2.727
3.188
2.909
2.812
2.875
2.804
3.053
3.1830000000000003
2.904
2.999
2.9760000000000004
2.88
2.862
3.259
2.748
3.047
3.213
3.564
2.9130000000000003
3.099
3.227
3.057
3.018
3.188
3.301
2.78
3.116
3.006
3.155
3.096
3.063
3.134
3.295
2.975
3.283
3.139
3.112
2.855
3.228
3.085
3.062
2.776
3.047
3.026
3.0580000000000003
3.341
2.85
3.178
2.925
3.307
3.01
2.575
2.765
3.04
3.1830000000000003
2.892
2.963
3.415
3.024
2.964
3.182
3.1180000000000003
3.503
3.1
2.979
3.32
3.004
3.325
3.065
3.148
3.179
2.942
2.975
3.0980000000000003
2.872
2.9960000000000004
3.176
2.885
3.178
3.4360000000000004
3.031
3.409
2.844
3.208
3.068
3.008
2.925
2.908
3.072
2.967
3.135
3.407
2.7510000000000003
2.984
2.974
2.19
3.122
2.622
3.142
2.694
2.9160000000000004
3.085
3.079
3.07
3.077
2.925
2.969
3.13
3.01
3.492
3.196
3.044
3.115
2.922
2.9360000000000004
3.06
3.045
2.919
3.02
2.922
2.787
3.015
3.125
3.173
2.935
2.964
3.221
2.884
3.192
2.984
3.137
3.0980000000000003
3.159
3.072
3.073
2.982
3.3110000000000004
2.8680000000000003
2.738
3.031
3.184
2.963
3.032
2.6910000000000003
2.763
3.044
3.27
2.729
3.167
3.187
2.781
3.011
3.2260000000000004
2.627
3.116
3.12
2.959
2.814
3.228
2.5810000000000004
3.143
3.033
3.282
3.23
3.052
3.108
3.2030000000000003
2.968
3.2
2.949
3.044
2.784
2.985
2.925
2.777
2.96
3.592
3.286
3.216
2.9130000000000003
3.197
3.148
3.043
2.7960000000000003
3.177
2.787
2.8710000000000004
3.187
2.924
3.114
2.96
3.06
2.94
2.945
3.099
3.322
2.812
3.25
2.915
2.915
3.188
3.305
2.958
3.236
2.6660000000000004
3.049
3.008
2.732
2.88
2.802
3.181
3.084
3.204
3.151
3.076
3.018
1.882
3.107
2.93
3.423
3.267
2.787
3.053
3.035
3.2
3.105
3.185
2.852
3.153
2.364
2.576
