2.367
2.352
2.291
2.229
2.357
2.381
2.342
2.35
2.508
2.317
2.156
2.285
2.33
2.273
2.315
2.414
2.394
2.148
2.383
2.444
2.427
2.266
2.24
2.47
2.322
1.991
2.33
2.547
2.425
2.371
2.305
2.15
2.333
2.485
2.45
2.499
2.387
2.046
2.175
2.181
2.399
2.266
2.441
2.269
2.408
2.462
2.177
2.29
2.428
2.457
2.27
2.408
2.369
2.4330000000000003
2.157
2.325
2.14
2.29
2.469
1.942
2.205
2.325
2.386
2.376
2.369
2.311
2.133
2.247
2.382
2.438
2.1830000000000003
2.282
2.498
2.486
2.381
2.428
2.417
2.389
2.422
2.4730000000000003
2.05
2.253
2.371
2.372
2.277
2.324
2.363
2.35
2.405
2.49
2.322
2.37
2.535
2.39
2.316
2.35
2.387
2.275
2.411
2.263
2.4930000000000003
2.259
2.332
2.456
2.316
1.85
2.394
2.339
2.334
2.204
2.377
2.399
2.298
2.258
2.155
2.3040000000000003
2.321
2.259
2.728
2.471
2.313
2.326
2.331
2.028
2.36
2.232
2.298
2.359
2.241
2.41
2.2880000000000003
2.393
2.449
2.157
2.161
2.13
2.32
2.239
2.303
2.634
2.302
2.347
2.2
2.108
2.077
2.297
2.36
2.373
2.248
2.374
2.419
2.337
2.33
2.11
2.329
2.256
2.301
2.523
2.456
2.311
2.381
2.214
2.365
2.244
2.305
2.588
2.354
2.547
2.213
2.293
2.505
2.5780000000000003
2.6010000000000004
2.4930000000000003
2.295
2.373
2.374
2.505
2.365
2.171
2.571
2.355
2.208
2.226
2.373
2.387
2.393
2.504
2.338
2.198
2.242
2.471
2.51
2.265
2.3040000000000003
2.326
2.309
2.438
2.245
2.497
2.404
2.673
2.419
2.275
2.587
2.252
2.31
2.475
2.309
2.396
2.415
2.267
2.258
2.369
2.319
2.2
2.372
2.483
2.346
2.465
2.376
2.37
2.216
2.553
2.237
2.556
2.298
2.346
2.373
2.261
2.404
2.369
2.325
2.434
2.1790000000000003
2.365
2.374
2.425
2.518
1.969
2.404
2.249
2.229
2.242
2.201
2.462
2.365
2.272
2.52
2.415
2.26
2.274
2.564
2.277
2.227
2.309
2.439
1.844
2.266
2.0340000000000003
2.0780000000000003
2.2840000000000003
2.198
2.346
2.2
2.26
2.2840000000000003
2.277
2.421
2.1
2.3
2.102
2.111
2.417
2.012
2.456
2.5380000000000003
2.213
2.297
2.257
2.355
2.564
2.191
2.497
2.488
2.31
2.059
2.19
2.215
2.264
2.358
2.106
2.194
2.387
2.263
2.228
2.287
2.367
2.0780000000000003
2.187
2.46
2.196
2.512
2.248
2.295
2.28
2.2880000000000003
2.18
2.234
2.4730000000000003
2.149
2.524
2.3080000000000003
2.053
2.256
2.295
2.254
2.29
2.251
2.357
2.45
2.239
2.56
2.224
2.372
2.519
2.211
2.105
2.465
2.231
2.263
2.367
2.312
2.373
2.323
2.3080000000000003
2.593
2.417
2.152
2.287
2.279
2.298
2.248
2.38
2.295
2.25
2.218
2.204
2.3
2.212
2.369
2.291
2.277
2.299
2.253
2.427
2.258
2.327
2.171
2.397
2.418
2.292
2.3280000000000003
2.66
2.2880000000000003
2.392
2.431
2.115
2.533
2.279
2.3
2.319
2.138
2.294
2.46
2.267
2.449
2.006
2.446
2.45
2.559
2.461
2.393
2.255
2.351
2.514
2.315
2.153
2.508
2.385
2.448
2.335
2.526
2.317
2.401
2.426
2.54
2.399
2.235
2.331
2.312
2.338
2.277
2.145
2.24
2.217
2.419
2.43
2.373
2.345
2.34
2.258
2.318
2.156
2.297
2.614
2.334
2.4330000000000003
2.362
2.258
2.519
2.602
2.301
2.285
2.428
2.18
2.316
2.457
2.272
2.354
2.571
2.315
2.106
2.39
2.492
2.134
2.44
2.615
2.277
2.182
2.327
2.144
2.303
2.425
2.46
2.454
2.432
2.265
2.035
2.628
2.228
2.154
2.303
2.416
2.498
2.466
2.311
2.294
2.252
2.388
2.338
2.377
2.437
2.267
2.355
2.217
2.315
2.436
2.389
2.273
2.475
2.211
2.245
2.209
2.527
2.293
2.362
2.16
2.406
2.105
2.339
2.476
2.42
2.415
2.7110000000000003
2.256
2.296
2.407
1.969
2.378
2.1830000000000003
2.201
2.48
2.219
2.406
2.637
2.311
2.36
2.425
2.331
2.522
2.388
2.494
2.322
2.365
2.395
2.2840000000000003
2.157
2.0540000000000003
2.273
2.434
2.114
2.523
2.338
2.311
2.336
2.499
2.384
2.515
2.327
2.42
2.524
2.345
2.208
2.365
2.181
2.518
2.291
2.324
2.113
2.055
2.196
2.214
2.425
2.634
2.21
2.416
2.324
2.221
2.402
2.508
2.116
2.235
2.438
2.251
2.472
2.3480000000000003
2.193
2.513
2.2840000000000003
2.3080000000000003
2.547
2.273
2.232
2.291
2.258
2.252
2.334
2.4330000000000003
2.382
2.285
2.364
2.333
2.418
2.198
2.487
2.339
2.393
2.477
2.292
2.384
2.202
2.356
2.611
2.068
2.536
2.455
2.363
2.165
2.239
2.559
2.292
2.478
2.197
2.315
2.365
2.36
2.361
2.323
2.312
2.244
2.249
2.185
2.175
2.282
2.305
2.274
2.404
2.24
2.073
2.517
2.23
2.2030000000000003
2.467
2.229
2.38
2.352
2.367
2.073
2.269
1.991
2.281
2.485
2.273
2.224
2.583
2.29
2.228
2.311
2.199
2.355
2.5660000000000003
2.353
2.4730000000000003
2.253
2.33
2.29
2.528
2.156
2.147
2.273
2.196
2.45
2.3480000000000003
2.4130000000000003
2.232
2.116
2.277
2.426
2.362
2.366
2.334
2.541
2.458
2.521
2.157
2.317
2.364
2.468
2.38
2.274
2.3280000000000003
2.479
2.466
2.374
2.209
2.386
2.521
2.15
2.401
2.032
2.434
2.193
2.237
2.609
2.084
2.406
2.336
2.471
2.334
2.253
2.358
2.405
2.528
2.249
2.241
2.146
2.178
2.367
2.46
2.408
2.336
2.483
2.379
2.3040000000000003
2.547
2.222
2.431
2.125
2.222
2.236
2.4130000000000003
2.225
2.208
2.36
2.254
2.09
2.2430000000000003
2.324
2.369
2.218
2.4930000000000003
2.199
2.53
2.213
2.465
2.602
2.247
2.184
2.162
2.5540000000000003
2.371
2.346
2.421
2.281
2.212
2.362
2.107
2.123
2.411
2.588
2.237
2.149
2.376
2.525
2.292
2.302
2.215
2.488
2.426
2.242
2.08
2.2880000000000003
2.487
2.549
2.339
2.122
2.158
2.478
2.218
2.121
2.4530000000000003
2.336
2.346
2.48
2.396
2.527
2.357
2.2880000000000003
2.311
2.246
2.48
2.396
2.122
2.404
2.439
2.4130000000000003
2.565
2.301
2.46
2.3480000000000003
2.117
2.371
2.486
2.327
2.448
2.395
2.31
2.199
2.124
2.318
2.481
2.3680000000000003
2.296
2.181
2.344
2.386
2.324
2.48
2.306
2.181
2.441
2.167
2.531
2.4130000000000003
2.417
2.281
2.32
2.469
2.245
2.147
2.469
2.345
2.329
2.337
2.381
2.398
2.533
2.26
2.585
2.439
2.29
2.386
2.494
2.406
2.4530000000000003
2.25
2.228
2.2430000000000003
2.378
2.525
2.385
2.138
2.275
2.442
1.931
2.296
2.317
2.186
2.513
2.301
2.497
2.256
2.181
2.146
2.465
2.458
2.582
2.246
2.26
2.42
2.336
2.33
2.307
2.45
2.102
2.434
2.146
2.184
2.293
2.275
2.134
2.381
2.236
2.28
2.266
2.478
2.238
2.299
2.0980000000000003
2.49
2.437
2.344
2.255
2.522
2.486
2.178
2.427
2.384
2.255
2.3080000000000003
1.96
2.32
2.358
2.352
2.3080000000000003
2.399
2.168
2.536
2.385
2.299
2.394
2.292
2.191
2.397
2.259
2.403
2.272
2.293
2.303
2.427
2.383
2.456
2.217
2.529
2.077
2.432
2.06
2.286
2.262
2.588
2.488
2.267
2.589
2.48
2.358
2.25
2.155
2.249
2.211
2.195
2.482
2.27
2.725
2.259
2.236
2.383
2.324
2.222
2.331
2.334
2.317
2.173
2.471
2.469
2.508
2.422
2.405
2.462
2.315
2.177
2.616
2.366
2.357
2.322
2.316
2.2840000000000003
2.346
2.193
2.406
2.443
2.432
2.4090000000000003
2.388
2.373
2.498
2.41
2.216
2.39
2.185
2.233
2.5340000000000003
2.112
2.2880000000000003
2.095
2.283
2.49
2.41
2.255
2.498
2.487
2.278
2.285
2.295
2.444
2.275
2.174
2.548
2.145
2.36
2.408
2.421
2.404
2.563
2.378
2.218
2.664
2.307
2.457
2.306
2.306
2.294
2.458
2.3
2.442
2.472
2.563
2.381
2.396
2.392
2.166
2.185
2.233
2.296
2.337
2.245
2.256
2.339
2.378
2.27
2.3280000000000003
2.431
2.394
2.467
2.42
2.63
2.317
2.375
2.532
2.391
2.3040000000000003
2.383
2.338
2.214
2.204
2.376
2.422
2.231
2.367
2.327
2.326
2.027
2.299
2.465
2.285
2.309
2.2230000000000003
2.407
2.201
2.337
2.306
2.417
2.437
2.48
2.311
2.361
2.3680000000000003
2.435
2.393
2.407
2.322
2.48
2.518
2.378
2.35
2.38
2.365
2.281
2.335
2.427
1.945
2.386
2.192
2.299
2.192
2.61
2.406
2.373
2.31
2.705
2.199
2.428
2.441
2.518
2.395
2.539
2.41
2.238
2.149
2.459
2.336
2.24
2.281
2.536
2.447
2.075
2.146
2.251
2.15
2.391
2.42
2.265
2.372
2.365
2.428
2.381
2.269
2.2230000000000003
2.374
2.299
2.3480000000000003
2.199
2.378
2.256
2.461
2.148
2.605
2.285
2.3
2.3480000000000003
2.25
2.263
2.498
2.334
2.376
2.335
2.208
2.247
2.352
2.3480000000000003
2.272
2.316
2.355
2.252
2.478
2.417
2.49
2.301
2.21
2.172
2.467
2.247
2.338
2.2880000000000003
2.519
2.518
2.362
2.487
2.2230000000000003
2.224
2.377
2.51
2.271
2.383
2.29
2.3080000000000003
2.287
2.303
2.306
2.418
2.302
2.375
2.417
2.062
2.484
2.351
2.414
2.174
2.39
2.212
2.455
2.444
2.529
2.231
2.1790000000000003
2.19
2.448
2.495
2.168
2.407
2.445
2.3040000000000003
2.444
2.397
2.344
2.282
2.392
2.35
2.249
2.26
2.43
2.542
2.465
2.381
2.277
2.398
2.414
2.372
2.236
2.369
2.405
2.382
2.36
2.454
2.321
2.363
2.437
2.443
2.3680000000000003
2.122
2.325
2.335
2.42
2.375
2.353
2.45
2.359
2.244
2.241
2.436
2.408
2.374
2.55
2.388
2.23
2.309
2.358
2.228
2.477
2.21
2.465
2.316
2.294
2.297
2.369
2.333
2.455
2.193
2.484
2.532
2.451
2.289
2.082
2.354
2.166
2.351
2.487
2.535
2.696
2.521
2.196
2.261
2.279
2.352
2.119
2.445
2.367
2.576
2.479
2.484
2.369
2.322
2.255
2.517
2.216
2.347
2.306
2.25
2.509
2.609
2.225
2.092
2.507
2.116
2.445
2.382
2.418
2.38
1.997
2.156
2.191
2.448
2.312
2.19
2.364
2.201
2.277
2.419
2.394
2.256
2.527
2.09
2.401
2.337
2.351
2.196
2.391
2.416
2.347
2.5380000000000003
2.406
2.158
2.378
2.47
2.403
2.3280000000000003
2.293
2.4
2.305
2.234
2.233
2.195
2.356
2.383
2.484
2.466
2.224
2.309
2.507
2.184
2.229
2.278
2.3280000000000003
2.251
2.287
2.567
2.387
2.347
2.464
2.496
2.341
2.482
2.08
2.251
2.3680000000000003
2.11
2.498
2.448
2.39
2.315
2.306
2.373
2.333
2.332
2.3680000000000003
2.314
2.515
2.468
2.36
2.419
2.471
2.259
2.552
2.019
2.319
2.352
2.289
2.205
2.251
2.299
2.4090000000000003
2.49
2.143
2.622
2.401
2.313
2.285
2.472
2.222
2.373
2.185
2.164
2.296
2.2430000000000003
2.233
2.363
2.565
2.439
2.422
2.341
2.263
2.272
2.286
2.3680000000000003
2.222
2.489
2.505
2.301
2.352
2.33
2.313
2.313
2.318
2.491
2.414
2.3280000000000003
2.362
1.744
2.35
2.416
2.283
2.422
2.474
2.201
2.074
2.44
2.624
2.476
2.062
2.462
2.427
2.669
2.193
2.383
2.272
2.316
2.418
2.4330000000000003
2.218
2.483
2.3680000000000003
2.463
2.361
2.271
2.563
2.257
2.343
2.4330000000000003
2.276
2.421
2.261
2.422
2.437
2.259
2.376
2.143
2.4
2.29
2.251
2.276
2.384
2.333
2.515
2.307
2.395
2.407
2.468
2.333
2.141
2.363
2.462
2.289
2.361
2.418
2.239
2.176
2.501
2.278
2.454
2.465
2.324
2.327
2.458
2.547
2.53
2.359
2.218
2.478
2.255
2.391
2.115
2.227
2.239
2.398
2.294
2.362
2.252
2.347
2.162
2.084
2.312
2.171
2.0780000000000003
2.523
2.315
2.4130000000000003
2.286
2.704
2.3680000000000003
2.629
2.33
2.305
2.5980000000000003
2.395
2.479
2.398
2.127
2.359
2.24
2.4330000000000003
2.264
2.316
2.335
2.402
2.371
2.627
2.478
2.307
2.139
2.41
2.467
2.205
2.491
2.116
2.224
2.487
2.448
2.425
2.119
2.217
2.459
2.462
2.395
2.404
2.235
2.214
2.495
2.389
2.301
2.547
2.391
2.88
2.402
2.376
2.443
2.278
2.196
2.61
2.285
2.583
2.272
2.287
2.51
2.329
2.46
2.277
2.377
2.265
2.282
2.314
2.43
2.485
2.164
2.193
2.476
2.226
2.354
2.19
2.527
2.405
2.285
1.844
2.2840000000000003
2.432
2.462
2.372
2.283
2.3280000000000003
2.312
2.251
2.4930000000000003
2.262
2.294
2.525
2.299
2.264
2.234
2.32
2.287
2.454
2.247
2.241
2.346
2.3
2.633
2.472
2.229
2.261
2.436
2.349
2.287
2.44
2.29
2.5
1.851
2.41
2.426
2.391
2.07
2.391
2.282
2.406
2.449
2.263
2.441
2.47
2.312
2.42
2.356
2.268
2.233
1.629
2.282
2.592
2.641
2.478
2.382
2.354
2.454
2.326
2.2230000000000003
2.174
2.459
2.246
2.379
2.341
1.983
2.39
2.469
2.186
2.305
2.334
2.349
2.3680000000000003
2.343
2.4
2.516
2.256
2.195
2.313
2.251
2.213
2.272
2.391
2.326
2.303
2.239
2.34
2.205
2.359
2.232
2.443
2.333
2.312
2.286
2.184
2.4
2.423
2.28
2.41
2.528
2.272
2.472
2.377
2.388
2.255
2.424
2.48
2.475
2.535
2.319
2.342
2.468
2.439
2.463
2.42
2.345
2.048
2.355
2.24
2.484
2.36
2.406
2.372
2.354
2.224
2.33
2.474
2.657
2.188
2.345
2.255
2.138
2.221
2.117
2.244
2.381
2.42
2.254
2.214
2.349
2.306
2.311
2.086
2.278
2.449
2.401
2.261
2.5610000000000004
2.298
2.487
2.285
2.616
2.232
2.367
2.19
2.699
2.362
2.2430000000000003
2.529
2.332
2.443
2.335
2.3080000000000003
2.434
2.421
2.379
2.311
2.357
2.4
2.378
2.369
2.261
2.509
2.313
2.111
2.257
2.254
1.93
2.373
1.935
2.238
2.333
1.977
2.347
2.299
2.29
2.214
2.26
2.339
2.388
2.383
2.553
2.297
2.509
2.467
2.261
2.062
2.196
2.3080000000000003
2.417
2.349
2.505
2.164
2.435
2.404
2.221
2.437
2.259
2.28
2.471
2.38
2.593
2.161
2.316
2.155
2.365
2.4730000000000003
2.299
2.416
2.434
2.23
2.181
2.4130000000000003
2.214
2.205
2.215
2.237
2.249
2.25
2.11
2.387
2.41
2.37
2.117
2.404
2.422
2.142
2.543
2.192
2.403
2.365
2.329
2.271
2.43
2.166
2.31
2.307
2.432
2.283
2.207
2.617
2.487
2.379
2.123
2.529
2.265
2.283
2.319
2.507
2.497
2.505
2.343
2.392
2.236
2.268
2.283
2.463
2.23
2.314
2.602
2.533
2.424
2.296
2.567
2.351
2.373
2.446
2.25
2.371
2.155
2.228
2.314
2.164
2.338
2.395
2.583
2.365
2.296
2.343
2.07
2.0580000000000003
2.562
2.166
2.396
2.524
2.1590000000000003
2.292
2.475
1.568
2.406
2.303
2.684
2.393
2.361
2.415
2.384
2.35
2.355
2.262
2.375
2.502
2.189
2.466
