2.55
2.454
2.449
2.4019999999999997
2.509
2.667
2.525
2.398
2.441
2.488
2.226
2.582
2.401
2.2569999999999997
2.544
2.693
2.522
2.314
2.662
2.582
2.455
2.405
2.138
2.58
2.434
2.237
2.417
2.6439999999999997
2.62
2.62
2.519
2.439
2.334
2.577
2.6510000000000002
2.349
2.451
2.258
2.407
2.456
2.6460000000000004
2.487
2.59
2.418
2.779
2.727
2.496
2.4019999999999997
2.614
2.588
2.543
2.713
2.661
2.639
2.408
2.222
2.339
2.324
2.702
2.24
2.404
2.665
2.533
2.3169999999999997
2.6239999999999997
2.522
2.245
2.385
2.478
2.5469999999999997
2.2569999999999997
2.515
2.753
2.648
2.6260000000000003
2.515
2.592
2.506
2.605
2.5069999999999997
2.3409999999999997
2.533
2.533
2.515
2.173
2.6189999999999998
2.6060000000000003
2.608
2.653
2.464
2.519
2.42
2.6460000000000004
2.477
2.765
2.5860000000000003
2.075
2.4530000000000003
2.519
2.47
2.4330000000000003
2.31
2.582
2.64
2.5610000000000004
1.78
2.676
2.498
2.546
2.399
2.463
2.708
2.438
2.5180000000000002
1.804
2.497
2.5780000000000003
2.323
2.595
2.483
2.5780000000000003
2.577
2.5869999999999997
2.4290000000000003
2.365
2.5
2.639
2.612
2.5180000000000002
2.6719999999999997
2.291
2.818
2.72
2.3480000000000003
2.112
2.136
2.3819999999999997
2.188
2.345
2.655
2.501
2.537
2.362
2.324
2.27
2.425
2.469
2.479
2.597
2.406
2.719
2.431
2.568
2.437
2.634
2.512
2.4859999999999998
2.616
2.563
2.49
2.478
2.261
2.679
2.177
2.4419999999999997
2.719
2.436
2.377
2.483
2.562
2.4659999999999997
2.452
2.5780000000000003
2.616
2.425
2.537
2.504
2.5860000000000003
2.522
2.2159999999999997
2.7319999999999998
2.428
2.2230000000000003
2.4290000000000003
2.477
2.5669999999999997
2.4819999999999998
2.596
2.645
2.369
2.469
2.483
2.54
2.386
2.503
2.512
2.353
2.274
2.472
2.405
2.5839999999999996
2.553
2.533
2.378
2.464
2.464
2.67
2.625
2.563
2.596
2.569
2.4130000000000003
2.367
2.515
2.7260000000000004
2.399
2.7110000000000003
2.531
2.658
2.611
2.611
2.524
2.34
2.583
2.516
2.595
2.589
2.41
2.555
2.495
2.352
2.489
2.41
2.544
2.444
2.6489999999999996
2.537
2.417
2.556
2.074
2.41
2.6310000000000002
2.4
2.463
2.5069999999999997
2.702
2.571
2.414
2.506
2.4859999999999998
2.392
2.437
2.694
2.541
2.5860000000000003
2.6239999999999997
2.326
1.804
2.508
2.4090000000000003
2.076
2.532
2.502
2.45
2.44
2.582
2.496
2.505
2.616
2.154
2.352
2.283
2.338
2.366
2.256
2.67
2.6069999999999998
2.237
2.553
2.505
2.4330000000000003
2.7119999999999997
2.4130000000000003
2.6710000000000003
2.639
2.447
1.98
2.388
2.378
2.372
2.763
2.464
2.384
2.4219999999999997
2.4090000000000003
2.388
2.525
2.269
2.262
2.523
2.5839999999999996
2.439
2.775
2.254
2.5980000000000003
2.444
2.427
2.363
2.34
2.465
2.536
2.68
2.585
2.281
2.301
2.174
2.388
2.6839999999999997
2.533
2.1
2.6839999999999997
2.226
2.716
2.549
2.5469999999999997
2.718
2.533
2.134
2.394
2.1590000000000003
2.115
2.488
2.457
2.557
2.233
2.502
2.499
2.705
2.633
2.296
2.57
2.539
2.5469999999999997
2.596
2.336
2.457
2.435
2.2680000000000002
2.475
2.336
2.627
2.401
2.458
2.449
2.5839999999999996
2.83
2.271
2.449
2.481
2.552
2.454
2.55
2.323
2.694
2.291
2.589
2.485
2.178
2.634
2.475
2.487
2.7039999999999997
2.378
2.501
2.717
2.5380000000000003
2.7039999999999997
2.359
2.675
2.5540000000000003
2.472
2.6060000000000003
2.338
2.67
2.596
2.6
2.515
2.301
2.552
2.499
2.545
2.515
2.609
2.645
2.521
2.517
2.68
2.444
2.496
2.491
2.364
2.562
2.474
2.156
2.266
2.407
2.333
2.385
2.575
2.594
2.638
2.381
2.464
2.19
2.231
2.595
2.249
2.6180000000000003
2.485
2.614
2.6830000000000003
2.5610000000000004
2.6239999999999997
2.434
2.4419999999999997
2.276
2.459
2.7319999999999998
2.521
2.553
2.415
2.424
1.9909999999999999
2.696
2.6180000000000003
2.418
2.49
2.8480000000000003
2.504
2.509
2.6319999999999997
2.431
2.675
2.536
2.66
2.485
2.6839999999999997
2.418
2.285
2.625
2.616
2.454
2.574
2.4659999999999997
2.634
2.529
2.444
2.424
2.5660000000000003
2.491
2.467
2.563
2.7030000000000003
2.435
2.457
2.198
2.7230000000000003
2.488
2.42
2.32
2.418
2.296
2.588
2.496
2.612
2.365
2.4290000000000003
2.502
2.53
2.226
2.49
2.662
2.565
2.556
2.7319999999999998
2.329
2.502
2.568
2.074
2.33
2.5
2.335
2.602
2.336
2.764
2.721
2.497
2.63
2.7089999999999996
2.455
2.812
2.55
2.545
2.583
2.655
2.441
2.594
2.39
2.279
2.515
2.569
2.291
2.5839999999999996
2.207
2.555
2.395
2.424
2.1919999999999997
2.6430000000000002
2.747
2.517
2.77
2.287
2.582
2.6210000000000004
2.338
2.633
2.427
2.349
2.21
1.953
2.56
2.3819999999999997
2.468
2.53
2.565
2.6239999999999997
2.54
2.301
2.705
2.522
2.359
2.312
2.608
2.546
2.557
2.613
2.636
2.5989999999999998
2.4730000000000003
2.53
2.693
2.496
2.6060000000000003
2.4019999999999997
2.465
2.378
2.6239999999999997
2.6260000000000003
2.637
2.625
2.571
2.551
2.48
2.363
2.371
2.6180000000000003
2.576
2.71
2.506
2.359
2.349
2.454
2.7289999999999996
2.166
2.444
2.573
2.537
2.377
2.305
2.641
2.436
2.406
2.2640000000000002
2.134
2.29
2.622
2.509
2.59
2.617
2.4530000000000003
2.338
2.5639999999999996
1.709
2.213
2.3
2.417
2.654
2.355
2.012
2.6289999999999996
2.555
2.406
2.414
2.154
2.592
2.5180000000000002
2.342
2.012
2.505
2.112
2.595
2.696
2.44
2.24
2.6239999999999997
2.515
2.589
2.674
2.214
2.589
2.4930000000000003
2.455
2.725
2.407
2.5269999999999997
2.52
2.656
2.365
2.542
2.475
2.294
2.477
2.428
2.6430000000000002
2.478
2.161
2.266
2.6510000000000002
2.367
2.616
2.637
2.623
2.614
2.49
2.396
2.359
2.451
2.713
2.6439999999999997
2.1719999999999997
2.376
2.617
2.448
2.5469999999999997
2.24
2.635
2.627
2.311
2.541
2.421
2.557
2.484
2.338
2.642
2.356
2.344
2.44
2.6010000000000004
2.572
2.489
2.444
2.521
2.68
2.404
2.497
2.193
2.374
2.5669999999999997
2.577
2.59
2.522
2.5
2.5
2.449
2.781
2.496
2.543
2.305
2.555
2.447
2.434
2.2969999999999997
2.278
2.487
2.252
2.418
2.443
2.7230000000000003
2.41
2.173
2.623
2.4330000000000003
2.6310000000000002
2.521
2.506
2.6039999999999996
2.133
2.4219999999999997
2.253
2.622
2.627
2.439
2.23
2.472
2.408
2.523
2.253
2.2159999999999997
2.5140000000000002
2.645
2.352
2.461
2.405
2.6719999999999997
2.5839999999999996
2.526
2.4419999999999997
2.7119999999999997
2.501
2.261
2.519
2.497
2.371
2.533
2.62
2.38
2.353
2.406
2.343
2.559
2.548
2.625
2.701
2.513
2.5660000000000003
2.5469999999999997
2.571
2.405
2.593
2.4419999999999997
2.6210000000000004
2.5469999999999997
2.302
2.526
2.7289999999999996
2.541
2.784
2.545
2.301
2.115
2.291
2.622
2.356
2.386
2.492
2.635
2.338
2.465
2.3930000000000002
2.515
2.47
2.641
2.37
2.424
2.499
2.543
2.326
2.637
2.408
2.1959999999999997
2.623
2.333
2.454
2.544
2.6319999999999997
2.481
2.622
2.463
2.28
2.239
2.7039999999999997
2.377
2.4130000000000003
2.4219999999999997
2.5780000000000003
2.52
2.591
2.502
2.735
2.7
2.371
2.384
2.6060000000000003
2.6860000000000004
2.4
2.435
2.563
2.0069999999999997
2.37
2.5780000000000003
2.325
2.3080000000000003
2.645
2.266
1.92
2.633
2.396
2.349
2.628
2.3369999999999997
2.687
2.426
2.165
2.315
2.5869999999999997
2.391
2.71
2.3369999999999997
2.481
2.59
2.536
2.608
2.363
2.6189999999999998
2.4090000000000003
2.6489999999999996
2.513
2.526
2.5780000000000003
2.542
2.418
2.728
2.1430000000000002
2.469
2.459
2.4530000000000003
2.428
2.48
2.439
2.528
2.656
2.494
2.242
2.6630000000000003
2.718
2.472
2.71
2.491
2.449
2.513
1.9980000000000002
2.248
2.517
2.592
2.54
2.6289999999999996
2.457
2.722
2.705
2.5140000000000002
2.291
2.68
2.351
2.529
2.168
2.6010000000000004
2.427
2.6430000000000002
2.622
2.541
2.613
2.647
2.614
2.7030000000000003
2.255
2.5669999999999997
1.8769999999999998
2.4419999999999997
2.483
2.6830000000000003
2.66
2.674
2.6889999999999996
2.781
2.5989999999999998
2.418
2.42
2.279
2.602
2.296
2.568
2.548
2.85
2.5469999999999997
2.461
2.565
2.705
2.471
2.577
2.398
2.522
2.504
2.6519999999999997
2.557
2.5780000000000003
2.687
2.702
2.329
2.54
2.448
2.465
2.377
2.441
2.3819999999999997
2.515
2.4419999999999997
2.325
2.374
2.42
2.6919999999999997
2.6860000000000004
2.6489999999999996
2.7489999999999997
2.526
2.411
2.207
2.463
2.615
2.295
2.5340000000000003
2.845
2.31
2.498
2.324
2.56
2.66
2.323
2.325
2.7
2.388
2.444
2.401
2.634
2.647
2.504
2.537
2.583
2.505
2.5980000000000003
2.8080000000000003
2.329
2.551
2.61
2.407
2.399
2.574
2.364
2.441
2.37
2.394
2.497
2.516
2.615
2.4819999999999998
2.637
2.5269999999999997
2.472
2.385
2.574
2.345
2.425
2.468
2.428
2.603
2.662
2.331
2.585
2.734
2.4730000000000003
2.645
2.739
2.39
2.641
2.6189999999999998
2.826
2.174
2.401
2.61
2.6180000000000003
2.588
2.556
2.553
2.46
2.325
2.654
2.477
2.483
2.548
2.452
2.526
2.343
2.552
2.479
2.41
2.6260000000000003
2.23
2.6460000000000004
2.457
2.459
2.69
2.603
2.494
2.634
2.1590000000000003
2.55
2.61
2.497
2.6239999999999997
2.6639999999999997
2.585
2.86
2.637
2.657
2.58
2.3819999999999997
2.254
2.5
2.449
2.654
2.156
2.474
2.512
2.516
2.4859999999999998
2.465
2.5269999999999997
2.457
2.5989999999999998
2.369
2.506
2.523
2.487
2.565
2.499
2.677
2.605
2.468
2.381
2.6039999999999996
2.553
2.505
2.582
2.7089999999999996
2.679
2.43
2.37
2.483
2.282
2.536
2.6639999999999997
2.396
2.189
2.521
2.6439999999999997
2.206
2.475
2.638
2.75
2.363
2.479
2.367
2.2680000000000002
2.5989999999999998
2.681
2.553
2.6210000000000004
2.253
2.4019999999999997
2.375
2.21
2.436
2.503
2.398
2.286
2.525
2.445
2.447
2.591
2.416
2.427
2.424
2.571
2.331
2.496
2.528
2.5269999999999997
2.6069999999999998
2.541
2.082
2.589
2.596
2.4859999999999998
2.3040000000000003
2.524
2.682
2.49
2.6180000000000003
2.545
2.424
2.498
2.559
2.559
2.36
2.445
2.436
2.447
2.456
2.423
2.616
2.22
2.687
2.4859999999999998
2.2159999999999997
2.6210000000000004
2.456
2.491
2.64
2.5780000000000003
2.5810000000000004
2.4330000000000003
2.7760000000000002
2.529
2.437
2.505
2.408
2.612
2.9210000000000003
2.528
2.5860000000000003
2.623
2.536
2.766
2.69
2.521
2.574
2.47
2.681
2.371
2.67
2.5380000000000003
2.568
2.436
2.33
2.3080000000000003
2.54
2.625
2.57
2.354
2.636
2.525
2.33
2.2840000000000003
2.4819999999999998
2.546
2.594
2.694
2.7569999999999997
2.406
2.334
2.485
2.6460000000000004
2.597
2.39
2.414
2.559
2.557
2.537
2.322
2.665
2.496
2.676
2.12
2.6260000000000003
2.282
2.062
2.491
2.1519999999999997
2.515
2.424
2.569
2.679
2.521
2.6210000000000004
2.608
2.696
2.312
2.374
2.605
2.588
2.642
2.417
2.399
2.611
2.116
2.502
2.388
2.403
2.805
2.884
2.3080000000000003
2.478
2.4930000000000003
2.6710000000000003
2.398
2.634
2.6180000000000003
2.685
2.4330000000000003
2.6039999999999996
2.5469999999999997
2.4419999999999997
2.252
2.583
2.505
2.4219999999999997
2.189
2.596
2.519
2.8369999999999997
2.5
2.4659999999999997
2.582
2.464
2.5780000000000003
2.559
2.476
2.734
2.197
2.432
2.117
2.251
2.418
2.464
2.5069999999999997
2.377
2.173
2.614
2.351
2.013
2.478
2.13
2.5610000000000004
2.565
2.3040000000000003
2.521
2.532
2.531
2.296
2.8289999999999997
2.46
2.366
2.61
2.635
2.569
2.478
2.4619999999999997
2.3680000000000003
2.532
2.452
2.331
2.365
2.506
2.523
2.439
2.552
2.396
2.47
2.577
2.301
2.044
2.347
2.6210000000000004
2.379
2.603
2.595
2.548
2.3819999999999997
2.635
2.544
2.42
2.734
2.371
2.535
2.25
2.0909999999999997
2.798
2.656
2.487
2.455
2.5789999999999997
2.544
2.28
2.654
2.544
2.57
2.823
2.6
2.499
2.661
2.696
2.235
2.414
2.287
2.5610000000000004
2.5140000000000002
2.6039999999999996
2.207
2.335
2.43
2.319
2.665
2.136
2.687
2.215
2.6180000000000003
2.6630000000000003
2.7030000000000003
2.427
2.653
2.438
2.177
2.477
2.463
2.3819999999999997
2.41
2.6910000000000003
2.449
2.7539999999999996
2.645
2.6
2.529
2.509
2.434
2.555
2.634
2.451
2.404
2.421
2.3890000000000002
2.231
2.302
2.658
2.478
2.39
2.352
2.715
1.3330000000000002
2.653
2.485
2.272
2.5
2.693
2.2119999999999997
2.18
2.535
2.6919999999999997
2.6839999999999997
2.062
2.677
2.528
2.562
2.407
2.26
2.485
2.528
2.5869999999999997
2.719
2.464
2.334
2.62
2.32
2.425
2.448
2.568
2.162
2.3409999999999997
2.6639999999999997
2.694
2.391
2.6289999999999996
2.407
2.5610000000000004
2.258
2.681
2.213
2.528
2.487
2.44
2.43
2.1919999999999997
2.6660000000000004
2.55
2.431
2.476
2.725
2.546
2.5180000000000002
2.576
2.468
2.715
2.372
2.477
2.4290000000000003
2.557
2.4819999999999998
2.546
2.648
2.553
2.56
2.702
2.491
2.374
2.3480000000000003
2.509
2.603
2.6460000000000004
2.6069999999999998
2.381
2.3609999999999998
2.178
2.412
2.276
2.7439999999999998
2.488
2.5789999999999997
2.544
2.4219999999999997
2.253
2.084
2.459
2.366
2.185
2.568
2.529
2.5669999999999997
2.469
2.52
2.7089999999999996
2.5980000000000003
2.42
2.354
2.591
2.502
2.5860000000000003
2.612
2.4930000000000003
2.293
2.404
2.451
2.444
2.546
2.377
2.411
2.485
2.535
2.5140000000000002
2.5669999999999997
2.298
2.81
2.661
2.444
2.588
2.459
2.4419999999999997
2.502
2.48
2.657
2.3
2.471
2.343
2.273
2.562
2.608
2.499
2.144
2.627
2.591
2.657
2.766
2.484
2.7569999999999997
2.541
2.53
2.674
2.492
2.43
2.52
2.171
2.6889999999999996
2.272
2.425
2.765
2.279
2.576
2.4130000000000003
2.336
2.231
2.487
2.406
2.529
2.499
2.376
2.447
2.523
2.443
2.6069999999999998
2.161
2.603
2.656
2.456
1.804
2.403
2.7539999999999996
2.285
2.4330000000000003
2.543
2.4819999999999998
2.375
2.366
2.537
2.53
2.349
2.588
2.39
2.52
2.4659999999999997
2.45
2.408
2.59
2.4019999999999997
2.4930000000000003
2.472
2.512
2.69
2.623
2.184
2.556
2.503
2.697
2.2430000000000003
2.637
2.7239999999999998
2.563
2.0869999999999997
2.526
2.546
2.6839999999999997
2.148
2.6010000000000004
2.125
2.4859999999999998
2.602
2.464
2.41
2.515
2.483
2.33
2.72
2.573
2.343
1.185
2.456
2.62
2.805
2.38
2.591
2.61
2.659
2.271
2.4730000000000003
2.41
2.7769999999999997
2.281
2.492
2.1109999999999998
2.226
2.58
2.608
2.4330000000000003
2.6260000000000003
2.535
2.657
2.656
2.553
2.613
2.63
2.642
2.218
2.33
2.383
2.5469999999999997
2.4530000000000003
2.416
2.271
2.487
2.305
2.2430000000000003
2.135
2.659
2.544
2.4
2.541
2.533
2.432
2.3369999999999997
2.555
2.3480000000000003
2.3280000000000003
2.509
2.9760000000000004
2.427
2.7230000000000003
2.511
2.628
2.246
2.505
2.36
2.593
2.783
2.528
2.696
2.454
2.628
2.6430000000000002
2.781
2.489
2.1109999999999998
2.504
2.434
2.536
2.772
2.722
2.4019999999999997
2.195
2.399
2.45
2.698
2.3680000000000003
2.3569999999999998
2.569
2.575
2.281
2.452
1.939
2.363
2.255
2.501
2.4530000000000003
2.582
2.451
2.504
2.474
2.033
2.495
2.401
2.549
2.6889999999999996
2.5380000000000003
2.444
2.533
2.171
2.338
2.516
2.594
2.134
2.6239999999999997
2.38
2.3480000000000003
2.681
2.4019999999999997
2.483
2.498
2.535
2.783
2.388
2.247
2.465
2.504
2.627
2.548
2.536
2.319
2.655
2.287
2.349
2.525
2.449
2.124
2.6189999999999998
2.051
2.52
2.354
1.936
2.597
2.565
2.41
2.315
2.609
2.412
2.668
2.171
2.753
2.5180000000000002
2.543
2.605
2.34
2.32
2.459
2.533
2.543
2.5660000000000003
2.4619999999999997
2.251
2.65
2.551
2.112
2.553
2.47
2.511
2.441
2.4530000000000003
2.5140000000000002
2.45
2.489
2.365
2.54
2.701
2.4330000000000003
2.585
2.47
2.1430000000000002
2.292
2.5869999999999997
2.5669999999999997
2.476
2.529
2.372
2.387
2.265
2.362
2.519
2.2880000000000003
2.378
2.29
2.544
2.169
2.56
2.6489999999999996
2.457
2.511
2.605
2.349
2.501
2.515
2.42
2.6839999999999997
2.403
2.4930000000000003
2.54
2.274
2.6639999999999997
2.56
2.4930000000000003
2.506
2.6630000000000003
2.609
2.654
2.259
2.642
2.4619999999999997
2.6860000000000004
2.6260000000000003
2.384
2.57
2.522
2.4130000000000003
2.697
2.427
2.437
2.572
2.469
2.6210000000000004
2.471
2.806
2.313
2.509
2.202
2.3819999999999997
2.526
2.18
2.496
2.177
2.399
2.536
2.608
2.6
2.33
2.5780000000000003
2.551
2.153
2.1919999999999997
2.613
2.165
2.611
2.702
2.271
2.415
2.41
1.484
2.6010000000000004
2.511
2.417
2.511
2.569
2.56
2.568
2.645
2.491
2.51
2.358
2.471
2.2319999999999998
2.431
