2.532
2.3569999999999998
2.5069999999999997
2.299
2.7039999999999997
2.583
2.438
1.808
2.464
2.36
2.522
2.4219999999999997
2.3369999999999997
2.665
2.6289999999999996
2.68
2.26
2.572
2.472
2.323
2.531
2.246
2.435
2.526
2.427
2.7689999999999997
2.426
2.569
2.647
2.682
2.503
2.49
2.431
2.254
2.2640000000000002
2.6830000000000003
2.217
2.522
2.575
2.497
2.481
2.543
2.244
2.6430000000000002
2.7089999999999996
2.573
2.546
2.74
2.43
2.324
2.472
2.471
2.6260000000000003
2.765
2.201
2.662
2.467
2.4
2.668
2.5610000000000004
2.63
2.659
2.485
2.445
2.583
1.9969999999999999
2.6689999999999996
2.471
2.7680000000000002
2.4019999999999997
2.189
2.298
2.627
2.319
2.51
2.528
2.569
2.531
2.603
2.45
2.71
2.61
2.353
2.6510000000000002
2.476
2.2359999999999998
2.293
2.27
2.4819999999999998
2.437
2.642
2.721
2.434
2.59
2.594
2.762
2.371
2.568
2.411
2.557
2.675
2.605
2.431
2.279
2.5789999999999997
2.394
2.349
2.506
2.4090000000000003
2.7119999999999997
2.7039999999999997
2.5140000000000002
2.616
2.522
2.515
2.387
2.503
2.5380000000000003
2.46
2.299
2.435
2.392
2.41
2.41
2.533
2.521
2.509
2.576
2.316
2.481
2.427
2.46
2.327
2.55
2.428
2.375
2.546
2.245
2.571
2.43
2.5180000000000002
2.22
2.431
2.323
2.7289999999999996
2.522
2.582
2.43
2.392
2.356
2.583
2.331
2.4730000000000003
2.588
2.01
2.515
2.681
2.34
2.6719999999999997
2.542
2.6319999999999997
2.647
2.419
2.8710000000000004
2.498
2.569
2.178
2.546
2.42
2.4930000000000003
2.658
2.565
2.529
2.588
2.54
2.468
2.45
2.5540000000000003
2.533
2.418
2.2880000000000003
2.491
2.535
2.421
2.544
2.372
2.28
2.417
2.544
2.6180000000000003
2.359
2.101
2.344
2.229
2.5869999999999997
2.6289999999999996
2.6039999999999996
2.344
2.296
2.334
2.533
2.612
2.259
2.7560000000000002
2.494
2.477
2.572
2.497
2.426
2.469
2.572
2.648
2.411
2.3
2.491
2.55
2.557
2.625
2.4290000000000003
2.3169999999999997
2.391
2.463
2.694
2.658
2.6189999999999998
2.399
2.217
2.568
2.497
2.322
2.344
2.596
2.541
2.6439999999999997
2.495
2.347
2.484
2.126
2.602
2.2880000000000003
2.51
2.444
2.467
2.6719999999999997
2.487
2.549
2.2359999999999998
2.503
2.478
2.74
2.251
2.54
2.405
2.6310000000000002
2.3280000000000003
2.633
2.444
2.491
2.577
2.3819999999999997
2.377
2.4219999999999997
2.4
2.41
2.642
2.569
2.3280000000000003
2.553
2.613
2.625
2.6860000000000004
2.427
2.7119999999999997
2.529
2.714
2.355
2.489
2.509
2.261
2.5069999999999997
2.608
2.605
2.431
2.6189999999999998
2.394
2.343
2.394
2.54
2.778
2.1069999999999998
2.503
2.533
2.2030000000000003
2.499
2.4659999999999997
2.109
2.509
2.26
2.537
2.63
2.553
2.292
2.251
2.1109999999999998
2.657
2.4859999999999998
2.424
2.5469999999999997
2.5639999999999996
2.3040000000000003
2.435
2.658
2.435
2.293
2.787
2.656
2.477
2.517
2.431
2.766
2.5780000000000003
2.336
2.6310000000000002
2.3209999999999997
2.235
2.722
2.734
2.45
2.233
2.162
2.061
2.404
2.438
2.9760000000000004
2.4219999999999997
2.456
2.667
2.3930000000000002
2.549
2.602
2.546
2.47
1.9040000000000001
2.662
2.472
2.235
2.13
2.676
2.411
2.3480000000000003
2.4
2.381
2.698
2.394
2.339
2.536
2.4530000000000003
2.391
2.46
2.6239999999999997
2.188
2.41
2.205
2.405
2.436
2.614
2.28
2.569
2.188
2.565
2.56
2.517
2.7460000000000004
2.52
2.645
2.2319999999999998
2.576
2.548
2.443
2.287
2.717
2.293
2.498
2.623
2.77
2.597
2.642
2.417
2.4019999999999997
2.474
2.665
2.461
2.313
2.464
2.5789999999999997
2.4530000000000003
2.524
2.276
2.432
2.373
2.319
2.289
2.418
2.48
2.556
2.4459999999999997
2.417
2.6889999999999996
2.194
2.696
2.556
2.511
2.403
2.673
2.53
2.515
2.639
2.386
2.488
2.487
2.5380000000000003
2.256
2.184
2.6439999999999997
2.526
2.5810000000000004
2.51
2.3930000000000002
2.443
2.4090000000000003
2.641
2.191
2.448
2.1390000000000002
2.543
2.375
2.5660000000000003
2.484
2.888
2.6069999999999998
2.556
2.57
2.506
2.4019999999999997
2.583
2.302
2.358
2.548
2.543
2.55
2.5660000000000003
2.69
2.174
2.279
2.51
2.353
2.456
2.491
2.6060000000000003
2.301
2.572
2.563
