3.618
3.322
2.965
3.444
3.491
3.686
3.287
2.906
3.261
2.878
3.408
3.221
3.486
3.634
3.644
2.958
2.9730000000000003
3.151
2.914
3.1630000000000003
3.403
3.1260000000000003
3.478
3.314
4.039
3.287
3.192
3.264
3.3960000000000004
3.274
3.34
3.0780000000000003
3.595
3.366
2.903
3.273
3.596
3.842
3.273
2.903
3.592
3.286
3.676
3.362
3.359
3.923
3.457
2.966
3.239
3.459
3.077
3.363
3.488
3.506
3.292
3.261
3.32
3.793
3.189
3.607
3.418
3.202
3.14
3.339
3.326
3.272
3.747
3.4160000000000004
3.904
3.201
3.466
3.3110000000000004
2.947
4.024
3.327
3.25
3.1010000000000004
3.4810000000000003
3.808
3.783
2.759
3.259
3.746
2.977
3.841
3.02
3.261
3.1710000000000003
3.274
3.679
2.942
3.455
3.529
3.387
3.155
3.995
3.447
3.088
3.398
3.764
4.396
3.742
3.298
3.2460000000000004
3.2910000000000004
2.923
3.551
3.299
3.23
2.637
3.411
3.593
2.975
3.898
2.938
3.172
3.4760000000000004
3.18
3.615
3.731
3.34
3.092
3.866
3.5610000000000004
3.731
3.347
3.034
3.4360000000000004
3.229
3.381
3.609
3.62
3.53
3.482
3.651
3.555
3.708
2.6830000000000003
3.723
3.991
3.215
3.4610000000000003
3.2710000000000004
2.841
3.747
2.905
3.495
3.134
3.37
3.551
3.273
3.712
3.3960000000000004
3.338
3.111
3.574
3.076
3.545
4.0
3.472
3.671
3.907
3.283
3.59
3.109
3.424
3.639
3.785
3.734
3.139
3.277
3.45
3.391
3.378
3.2960000000000003
2.888
2.783
3.274
3.221
3.003
2.917
3.494
3.438
3.741
3.675
3.139
3.49
3.113
3.471
3.389
3.377
3.731
3.526
3.645
3.756
3.313
3.57
3.834
3.095
2.826
3.252
3.439
3.447
3.575
3.623
3.13
3.438
3.197
3.072
3.45
3.628
4.044
3.52
3.293
3.286
3.067
3.267
3.335
3.2060000000000004
3.372
3.322
3.554
3.575
3.124
3.228
4.059
2.834
3.419
3.594
3.144
3.641
2.478
3.59
3.378
3.236
3.174
3.304
3.208
3.492
3.267
3.596
3.492
3.054
3.688
3.326
3.4
3.173
3.062
3.4810000000000003
3.0410000000000004
3.806
3.608
3.667
3.293
3.539
3.347
3.122
3.459
3.303
3.423
3.505
3.242
3.631
3.238
3.377
3.202
3.43
2.8080000000000003
3.393
3.143
3.572
3.664
3.587
3.292
3.485
3.194
4.046
3.033
3.235
2.701
4.041
3.471
3.417
3.789
3.544
3.244
3.405
3.559
3.154
3.509
3.039
3.0860000000000003
3.556
3.499
3.42
3.62
3.077
3.264
3.458
3.713
3.338
3.883
3.529
3.678
3.261
3.524
3.6
3.544
3.488
3.142
3.565
3.254
3.158
4.092
3.576
3.208
3.242
3.38
3.254
3.592
3.676
3.943
3.543
3.417
3.831
3.597
3.781
3.785
3.671
3.268
3.465
3.4410000000000003
4.069
3.53
3.792
3.198
3.132
3.45
3.929
3.714
3.298
3.197
3.314
2.905
4.037
3.787
3.1260000000000003
3.707
3.059
3.72
3.724
3.478
3.235
3.297
3.607
3.582
3.811
3.52
3.389
3.514
3.528
3.359
3.063
3.764
3.609
3.633
3.245
3.727
3.968
3.403
3.182
3.797
3.539
3.285
3.274
3.439
3.088
2.773
3.192
3.358
4.079
3.372
3.575
3.29
3.677
3.265
3.321
3.612
3.576
3.784
3.1460000000000004
3.916
3.1910000000000003
3.292
3.708
3.491
3.394
3.422
3.785
3.59
3.245
3.165
3.372
3.465
3.655
3.327
3.576
3.605
3.465
3.286
3.375
3.582
3.414
3.253
3.26
3.821
3.88
3.3
4.064
3.135
3.383
3.751
3.392
2.825
3.712
4.063
3.435
3.479
3.19
3.509
3.731
3.295
3.029
3.303
3.471
3.76
3.5010000000000003
3.664
3.27
3.275
3.309
3.253
3.105
3.471
3.4810000000000003
3.739
3.031
2.998
3.062
3.401
3.21
3.505
3.137
3.528
3.305
2.758
3.0210000000000004
3.302
3.095
3.202
2.8960000000000004
3.998
3.11
3.286
3.539
3.4560000000000004
3.71
3.792
3.519
3.514
3.884
3.122
3.633
3.214
3.644
3.548
3.39
3.56
3.4960000000000004
3.805
2.898
3.17
3.359
3.444
3.378
3.961
3.51
3.0410000000000004
3.267
3.43
3.947
3.116
3.26
2.783
3.232
3.34
3.018
3.236
3.241
3.5780000000000003
3.4610000000000003
3.332
3.471
3.111
2.982
3.083
3.789
3.864
4.357
3.4410000000000003
3.547
3.677
3.3560000000000003
3.5780000000000003
3.327
3.417
3.105
3.888
3.379
3.5460000000000003
2.942
4.17
3.093
3.47
3.465
3.694
3.559
3.579
3.5410000000000004
3.4810000000000003
3.125
3.707
3.023
3.639
3.909
3.274
3.213
3.388
3.754
3.665
3.238
2.924
3.197
3.511
3.947
3.651
3.587
3.132
3.1460000000000004
3.514
2.885
3.1180000000000003
3.383
3.536
3.382
3.161
3.67
3.349
2.813
3.373
3.524
3.599
3.576
2.982
3.322
3.72
3.135
3.743
4.052
2.854
3.743
2.911
3.245
3.5
3.842
3.196
3.732
3.326
3.229
3.327
3.523
3.921
3.844
3.31
3.53
3.532
3.229
3.723
2.994
3.2110000000000003
3.185
3.006
2.978
3.179
3.25
3.534
3.3680000000000003
3.393
3.624
3.207
3.448
3.497
3.143
3.638
3.152
3.341
3.654
4.034
3.207
3.386
3.032
3.349
3.435
3.255
3.475
3.469
3.06
3.533
3.5
3.053
3.4160000000000004
3.834
3.451
3.412
3.459
3.431
3.165
3.682
2.978
2.9
3.379
3.488
3.301
4.042
3.361
3.227
3.375
3.505
3.948
3.567
3.443
3.2060000000000004
3.817
3.862
3.097
3.3110000000000004
3.758
3.225
4.093
3.409
3.0210000000000004
3.401
3.738
4.06
3.554
3.5460000000000003
3.085
3.138
3.292
3.169
2.92
3.449
3.104
2.905
3.419
3.398
3.448
3.447
4.257
3.235
3.273
3.5980000000000003
3.656
3.294
3.369
3.278
3.76
3.114
3.499
3.387
3.116
3.141
3.34
3.341
3.6010000000000004
3.457
3.793
3.143
3.109
3.1180000000000003
3.127
3.344
3.648
3.219
3.293
3.317
3.123
3.261
3.523
3.663
3.151
3.314
3.763
3.749
2.844
3.589
3.688
3.343
3.4360000000000004
3.506
3.279
3.533
3.345
3.667
3.466
3.48
3.537
3.345
2.6260000000000003
3.471
2.9410000000000003
3.489
3.883
3.3510000000000004
3.425
3.655
3.721
3.47
3.57
3.701
3.643
2.717
3.22
3.749
3.805
3.526
3.665
3.393
3.28
3.29
2.745
3.057
3.734
3.144
4.085
3.458
4.005
3.479
3.621
3.057
3.831
3.027
3.5810000000000004
3.674
3.222
3.039
3.26
3.829
3.659
3.5210000000000004
3.79
3.347
3.522
3.471
2.684
3.42
3.591
3.095
3.332
3.319
3.418
3.407
3.185
3.1660000000000004
3.45
3.659
3.219
3.478
3.807
3.109
2.604
3.4560000000000004
3.594
3.109
3.909
3.43
4.212
3.613
3.43
3.783
3.432
3.65
3.236
3.1460000000000004
3.3160000000000003
3.572
3.324
3.634
3.455
3.606
3.257
3.192
3.93
3.693
3.3760000000000003
3.779
2.885
3.09
3.358
3.719
3.262
3.516
3.201
3.4330000000000003
3.374
2.8160000000000003
3.563
3.447
2.99
3.839
3.675
3.4130000000000003
3.198
3.375
3.257
3.276
3.409
3.79
2.607
2.806
3.451
3.335
3.343
3.901
2.752
3.517
3.3080000000000003
3.79
3.193
3.148
3.51
3.76
3.721
3.662
3.244
3.637
3.95
4.127
3.569
3.45
2.963
3.148
3.387
3.418
3.386
3.177
3.1710000000000003
3.361
3.2430000000000003
3.426
3.013
3.409
3.273
3.406
3.674
2.7510000000000003
3.398
3.55
3.551
3.702
3.268
3.673
3.344
3.447
3.459
4.091
3.389
4.206
3.212
3.234
2.732
2.914
3.194
3.112
3.3710000000000004
2.783
3.973
2.898
3.585
2.991
3.534
3.147
3.4530000000000003
4.008
3.839
3.584
2.978
3.386
3.169
3.222
3.659
3.016
3.1660000000000004
3.851
3.874
3.132
3.198
3.365
3.004
3.616
4.541
3.386
3.32
3.803
3.377
3.178
4.088
3.434
2.895
3.234
3.411
3.798
3.354
3.837
3.23
3.333
3.448
2.972
3.862
3.57
3.334
3.559
3.12
3.5660000000000003
4.3580000000000005
3.523
3.525
3.269
3.717
3.697
3.685
3.717
3.185
3.21
3.085
3.4930000000000003
3.627
3.539
3.921
3.769
3.432
3.437
3.675
2.7460000000000004
3.791
3.38
3.008
3.092
3.07
3.616
2.937
3.23
3.437
3.293
3.136
3.633
3.097
3.52
3.712
3.221
2.97
3.112
3.15
3.592
3.527
3.488
3.814
3.233
3.595
3.2310000000000003
3.537
2.729
3.175
3.69
3.361
3.293
3.419
2.825
3.364
3.2110000000000003
3.536
3.257
3.822
3.808
3.776
3.843
3.46
3.769
4.309
3.888
3.054
3.5980000000000003
2.777
3.432
3.44
3.312
3.404
3.54
3.5810000000000004
3.131
3.568
3.655
3.202
3.289
3.168
3.152
3.15
3.152
3.613
3.06
2.986
3.432
3.689
3.125
3.372
2.763
3.626
3.919
3.5460000000000003
3.591
3.44
3.3510000000000004
2.753
3.671
3.439
3.286
3.482
2.952
3.499
3.09
3.026
3.713
3.364
4.317
3.4130000000000003
4.393
4.03
3.007
3.428
3.733
3.299
3.588
3.429
3.389
3.294
3.488
3.881
3.4360000000000004
3.249
3.367
3.484
3.61
3.276
3.134
3.224
3.239
3.236
3.77
3.159
3.603
3.076
3.677
3.22
3.629
3.297
3.638
3.324
3.282
3.477
3.756
3.5860000000000003
3.772
2.883
3.284
3.275
2.853
3.776
3.911
3.438
3.468
3.11
3.375
3.472
4.541
3.624
3.684
3.2960000000000003
3.27
3.33
3.426
4.206
3.221
3.686
3.228
3.874
3.014
3.4410000000000003
3.457
3.284
3.807
3.388
3.32
3.3680000000000003
3.54
3.3080000000000003
3.4360000000000004
3.508
3.488
3.035
3.265
3.569
3.267
3.464
3.384
3.695
3.314
3.877
3.341
3.287
3.355
3.912
3.399
3.273
3.236
3.37
3.646
3.678
3.691
3.748
3.325
3.503
3.522
3.182
3.212
2.862
3.287
3.202
3.954
2.963
3.452
3.454
3.236
3.613
3.13
2.662
3.0010000000000003
3.804
3.426
3.526
3.364
3.49
3.307
4.448
3.483
2.826
3.737
3.609
3.458
4.158
3.309
3.117
3.248
3.059
3.479
2.804
3.584
2.935
3.051
3.314
3.504
3.397
3.554
3.175
2.998
3.471
3.576
3.726
3.265
3.494
3.2460000000000004
3.398
3.861
3.393
3.407
3.556
3.239
3.574
3.3360000000000003
3.419
3.09
3.2880000000000003
3.109
3.248
3.39
3.032
3.189
3.484
3.862
4.2010000000000005
3.407
3.236
2.985
3.255
3.991
3.721
3.137
3.432
3.573
3.507
3.5580000000000003
3.27
3.285
3.309
3.1460000000000004
3.677
3.508
3.297
2.91
3.302
3.526
2.972
3.138
3.572
3.781
3.185
3.572
3.326
3.402
3.6010000000000004
3.119
3.567
2.922
3.067
3.292
3.454
3.4960000000000004
3.746
3.281
3.2710000000000004
3.5
3.449
3.572
3.193
3.313
3.603
3.205
3.841
3.23
3.341
3.5460000000000003
3.907
3.405
3.224
3.61
3.3310000000000004
3.384
3.359
3.388
3.881
4.255
3.522
3.579
3.549
3.2310000000000003
3.3510000000000004
3.147
3.385
3.361
3.45
3.275
3.387
3.824
3.437
3.363
3.242
3.173
3.769
3.3960000000000004
3.341
3.161
4.345
2.992
3.259
3.728
2.9560000000000004
3.499
3.633
3.364
3.82
3.415
3.346
3.781
2.9
3.397
3.321
3.824
3.592
3.281
3.4760000000000004
3.782
3.254
3.323
4.006
3.332
3.654
3.334
3.334
3.886
3.692
3.353
2.951
3.417
3.264
3.29
3.293
3.386
3.415
2.843
3.689
2.83
3.469
3.252
3.169
3.248
3.728
3.227
3.278
3.495
3.0980000000000003
3.463
3.194
3.401
3.02
3.677
3.873
3.428
3.34
3.633
3.2910000000000004
3.514
3.482
3.31
3.1860000000000004
3.864
3.332
3.406
3.445
3.3760000000000003
3.754
3.192
3.337
3.714
3.429
3.5460000000000003
3.4210000000000003
3.3
3.411
2.547
3.3710000000000004
3.475
3.391
3.12
3.555
3.6010000000000004
3.721
3.672
3.384
3.672
3.665
3.786
3.397
3.3760000000000003
3.678
3.218
3.204
3.241
3.635
3.234
3.809
3.633
3.539
3.795
3.2430000000000003
3.445
3.299
3.811
3.718
3.731
3.377
3.103
3.097
3.756
3.813
3.81
3.129
3.559
3.093
3.174
3.5610000000000004
3.268
3.888
3.273
3.93
3.798
3.249
3.785
3.43
3.249
3.033
3.404
3.1180000000000003
3.62
3.618
3.274
3.139
2.792
3.262
3.583
3.726
3.342
3.287
3.279
3.823
2.968
3.593
3.393
3.254
3.569
3.525
3.54
3.727
3.935
3.045
3.304
3.382
3.172
3.435
3.487
3.506
4.0310000000000015
3.3710000000000004
4.05
3.534
3.817
3.131
3.451
3.176
3.435
3.313
3.173
2.738
3.4130000000000003
3.635
3.706
3.407
3.108
3.023
3.454
3.48
3.583
3.221
3.639
3.517
3.517
3.527
3.3280000000000003
3.804
3.225
3.655
3.858
3.474
3.72
3.575
3.276
3.48
3.2060000000000004
3.158
3.182
3.661
3.202
3.399
3.761
3.064
3.227
3.429
3.674
4.012
3.263
3.542
3.548
3.58
3.197
3.188
3.245
3.188
3.94
3.0460000000000003
3.649
3.383
3.399
3.539
3.511
3.298
3.3560000000000003
3.355
3.588
3.579
3.822
3.639
3.445
2.888
2.985
2.969
3.244
3.127
3.444
3.23
3.247
3.464
3.239
3.762
3.459
3.648
3.644
3.161
3.479
3.06
3.957
3.1710000000000003
3.505
3.426
3.474
3.479
3.579
3.337
3.535
3.692
3.485
3.236
3.48
3.522
3.2060000000000004
3.343
3.664
3.571
3.53
3.262
3.349
3.393
3.149
3.174
3.338
2.967
3.329
2.837
3.19
3.168
3.605
3.681
2.863
3.62
3.78
2.2840000000000003
3.605
3.888
3.138
3.491
3.099
3.167
3.309
3.341
2.482
3.408
3.85
3.4160000000000004
3.0780000000000003
3.45
3.642
3.46
3.524
3.903
4.1960000000000015
3.475
3.545
3.47
3.455
3.287
3.1210000000000004
3.674
3.732
3.2260000000000004
3.451
3.314
3.063
3.567
3.547
3.154
3.354
3.152
3.3360000000000003
3.5380000000000003
3.427
2.995
3.386
3.524
3.542
3.4810000000000003
3.034
3.159
3.262
2.991
3.73
3.903
3.484
3.063
3.05
4.006
3.2960000000000003
2.95
3.907
3.82
3.621
3.372
3.164
3.289
3.817
3.4760000000000004
3.738
3.596
2.875
3.4560000000000004
3.318
3.486
3.374
3.285
3.379
3.276
3.564
3.568
3.499
3.74
3.293
2.972
3.3960000000000004
3.459
3.2310000000000003
3.987
3.502
3.74
3.464
3.497
2.978
3.587
3.362
3.2060000000000004
3.438
3.716
3.903
2.801
3.236
4.4030000000000005
2.989
3.509
3.275
3.544
3.935
4.06
3.705
3.43
3.197
3.624
3.383
3.48
3.459
2.917
3.317
3.196
3.467
3.361
3.281
3.377
3.697
3.781
3.537
3.664
3.189
3.362
3.372
3.015
3.152
3.131
3.072
3.553
3.076
3.753
3.172
3.109
3.358
2.719
2.9810000000000003
3.22
3.019
3.335
3.276
3.286
3.366
3.307
3.448
3.439
3.282
3.616
3.573
4.135
2.9330000000000003
3.38
3.573
3.188
3.26
3.388
3.632
3.827
3.252
3.339
3.74
3.319
3.437
3.24
3.301
3.399
3.876
3.959
3.749
3.605
3.49
3.5810000000000004
3.822
3.263
3.306
3.411
3.327
3.247
3.654
3.657
3.65
3.344
3.402
3.297
3.309
3.23
3.867
3.365
3.494
3.775
3.257
3.257
3.685
3.138
3.92
3.955
2.906
3.169
3.404
3.428
4.001
3.373
3.683
3.459
3.463
3.2
3.445
3.793
3.803
3.812
3.417
2.515
3.36
2.982
3.471
3.537
3.839
3.894
3.304
3.076
3.998
3.394
3.611
3.781
3.499
3.362
3.569
4.098
3.424
3.094
3.025
3.69
3.857
3.83
3.405
3.701
3.721
3.663
3.051
3.964
3.738
4.08
3.35
3.317
3.34
3.131
3.575
3.133
2.894
3.238
3.898
3.237
3.554
3.4160000000000004
3.609
3.393
3.018
3.721
3.219
4.234
3.41
3.3110000000000004
3.0
3.454
3.21
3.013
4.041
3.852
3.857
3.569
3.132
