2.6
2.498
2.379
2.402
2.444
2.724
2.448
2.417
2.539
2.38
2.208
2.551
2.475
2.299
2.564
2.721
2.45
2.253
2.588
2.463
2.438
2.363
2.1180000000000003
2.494
2.529
2.228
2.442
2.643
2.372
2.494
2.4730000000000003
2.389
2.376
2.602
2.547
2.462
2.482
2.307
2.3680000000000003
2.387
2.657
2.401
2.462
2.498
2.611
2.508
2.535
2.321
2.541
2.577
2.469
2.6830000000000003
2.478
2.652
2.238
2.536
2.324
2.415
2.697
2.219
2.447
2.569
2.491
2.208
2.576
2.4090000000000003
2.315
2.329
2.5
2.526
2.215
2.5
2.583
2.655
2.532
2.542
2.636
2.573
2.546
2.496
2.29
2.576
2.499
2.491
2.067
2.565
2.589
2.539
2.57
2.43
2.545
2.504
2.6060000000000003
2.4730000000000003
2.769
2.545
2.162
2.423
2.478
2.403
2.55
2.403
2.54
2.504
2.5660000000000003
1.665
2.604
2.46
2.536
2.4330000000000003
2.488
2.742
2.475
2.386
2.076
2.512
2.505
2.325
2.5980000000000003
2.338
2.508
2.42
2.521
2.39
2.341
2.585
2.503
2.577
2.52
2.655
2.347
2.715
2.6910000000000003
2.411
2.155
2.212
2.242
2.147
2.4290000000000003
2.812
2.552
2.564
2.059
2.345
2.37
2.35
2.422
2.392
2.517
2.714
2.6460000000000004
2.489
2.56
2.537
2.602
2.537
2.536
2.635
2.5810000000000004
2.4330000000000003
2.463
2.332
2.592
1.932
2.516
2.622
2.441
2.291
2.397
2.4730000000000003
2.431
2.515
2.697
2.589
2.396
2.5780000000000003
2.423
2.494
2.569
2.218
2.708
2.652
2.2
2.516
2.458
2.508
2.407
2.636
2.724
2.372
2.369
2.338
2.59
2.483
2.503
2.337
2.457
2.312
2.484
2.5380000000000003
2.47
2.758
2.557
2.415
2.526
2.397
2.608
2.66
2.455
2.392
2.512
2.396
2.3280000000000003
2.504
2.7430000000000003
2.261
2.6060000000000003
2.514
2.555
2.603
2.692
2.46
2.442
2.5660000000000003
2.387
2.539
2.571
2.399
2.439
2.456
2.18
2.471
2.3480000000000003
2.423
2.381
2.6
2.5580000000000003
2.38
2.457
1.981
2.447
2.674
2.4090000000000003
2.423
2.555
2.67
2.529
2.449
2.388
2.463
2.347
2.507
2.5660000000000003
2.551
2.503
2.523
2.363
1.915
2.524
2.403
2.319
2.5660000000000003
2.373
2.489
2.422
2.476
2.474
2.475
2.4930000000000003
2.24
2.391
2.313
2.467
2.31
2.2430000000000003
2.546
2.484
2.146
2.446
2.481
2.422
2.582
2.45
2.5340000000000003
2.518
2.396
1.991
2.37
2.356
2.415
2.636
2.395
2.197
2.33
2.459
2.306
2.492
2.292
2.365
2.483
2.508
2.38
2.7460000000000004
2.281
2.528
2.434
2.421
2.354
2.46
2.299
2.507
2.66
2.6060000000000003
2.234
2.264
2.155
2.375
2.526
2.499
2.114
2.658
2.4130000000000003
2.634
2.463
2.44
2.722
2.369
2.2230000000000003
2.513
2.087
2.198
2.502
2.401
2.556
2.2230000000000003
2.533
2.63
2.65
2.52
2.392
2.536
2.599
2.477
2.557
2.438
2.5380000000000003
2.434
2.295
2.542
2.362
2.576
2.456
2.529
2.445
2.5980000000000003
2.8280000000000003
2.336
2.412
2.41
2.478
2.495
2.472
2.29
2.81
2.347
2.467
2.513
2.324
2.645
2.383
2.479
2.781
2.201
2.54
2.648
2.497
2.604
2.323
2.649
2.5660000000000003
2.388
2.625
2.225
2.595
2.521
2.674
2.518
2.262
2.5340000000000003
2.481
2.503
2.535
2.544
2.599
2.695
2.54
2.6710000000000003
2.425
2.425
2.333
2.405
2.4930000000000003
2.55
2.1630000000000003
2.166
2.379
2.458
2.302
2.524
2.727
2.632
2.4090000000000003
2.444
2.189
2.347
2.661
2.347
2.489
2.524
2.632
2.693
2.537
2.539
2.362
2.336
2.401
2.417
2.5340000000000003
2.497
2.552
2.513
2.447
2.005
2.624
2.629
2.401
2.461
2.957
2.486
2.3480000000000003
2.543
2.377
2.549
2.665
2.678
2.612
2.608
2.369
2.253
2.631
2.6010000000000004
2.454
2.489
2.439
2.589
2.559
2.616
2.382
2.579
2.484
2.51
2.568
2.653
2.384
2.476
2.326
2.641
2.467
2.416
2.306
2.599
2.425
2.448
2.38
2.599
2.285
2.408
2.442
2.587
2.117
2.419
2.6660000000000004
2.514
2.567
2.664
2.291
2.527
2.47
1.981
2.215
2.407
2.367
2.53
2.361
2.644
2.632
2.379
2.608
2.722
2.47
2.696
2.594
2.402
2.522
2.624
2.219
2.515
2.307
2.361
2.544
2.471
2.285
2.658
2.32
2.461
2.37
2.552
2.164
2.507
2.782
2.525
2.73
2.177
2.4330000000000003
2.604
2.31
2.629
2.428
2.389
2.2430000000000003
1.933
2.513
2.378
2.39
2.565
2.486
2.636
2.569
2.2840000000000003
2.642
2.526
2.307
2.256
2.593
2.588
2.549
2.404
2.57
2.557
2.371
2.568
2.665
2.494
2.656
2.424
2.5
2.281
2.496
2.555
2.6260000000000003
2.719
2.435
2.501
2.477
2.338
2.325
2.5610000000000004
2.51
2.76
2.4330000000000003
2.456
2.34
2.443
2.739
2.244
2.392
2.6010000000000004
2.563
2.13
2.201
2.517
2.447
2.55
2.451
2.269
2.393
2.576
2.602
2.526
2.509
2.512
2.338
2.567
2.01
2.405
2.344
2.44
2.6010000000000004
2.474
2.004
2.615
2.501
2.443
2.357
1.89
2.6630000000000003
2.42
2.351
2.004
2.444
2.222
2.497
2.617
2.475
2.27
2.476
2.446
2.52
2.58
2.16
2.583
2.535
2.474
2.599
2.294
2.502
2.553
2.5540000000000003
2.367
2.436
2.5
2.376
2.48
2.3
2.687
2.574
1.999
2.472
2.507
2.41
2.603
2.541
2.7110000000000003
2.513
2.445
2.1830000000000003
2.431
2.48
2.752
2.585
2.256
2.227
2.632
2.492
2.565
2.262
2.527
2.5810000000000004
2.336
2.599
2.312
2.523
2.48
2.407
2.421
2.247
2.467
2.331
2.562
2.5580000000000003
2.418
2.3040000000000003
2.5610000000000004
2.556
2.39
2.397
2.313
2.374
2.5580000000000003
2.594
2.531
2.47
2.518
2.517
2.387
2.762
2.265
2.553
2.214
2.449
2.4290000000000003
2.3
2.175
2.236
2.494
2.234
2.432
2.462
2.6860000000000004
2.371
2.0540000000000003
2.667
2.385
2.505
2.416
2.519
2.574
2.2880000000000003
2.379
2.301
2.595
2.733
2.42
2.234
2.468
2.342
2.519
2.424
2.271
2.418
2.608
2.375
2.1830000000000003
2.396
2.64
2.591
2.501
2.352
2.722
2.488
2.225
2.464
2.485
2.321
2.521
2.619
2.421
2.322
2.388
2.367
2.369
2.664
2.5860000000000003
2.5980000000000003
2.607
2.5540000000000003
2.542
2.428
2.403
2.485
2.465
2.634
2.651
2.293
2.565
2.6710000000000003
2.52
2.705
2.569
2.302
2.297
2.482
2.5380000000000003
2.397
1.812
2.496
2.619
2.28
2.445
2.205
2.455
2.505
2.533
2.444
2.494
2.402
2.524
2.299
2.57
2.357
2.186
2.587
2.307
2.523
2.412
2.661
2.669
2.6210000000000004
2.5610000000000004
2.228
2.261
2.766
2.469
2.425
2.489
2.543
2.432
2.547
2.511
2.875
2.698
2.363
2.341
2.638
2.643
2.34
2.4130000000000003
2.53
2.171
2.379
2.6460000000000004
2.427
2.312
2.624
2.178
2.067
2.562
2.424
2.39
2.287
2.408
2.629
2.4930000000000003
2.273
2.321
2.475
2.394
2.5580000000000003
2.467
2.36
2.7060000000000004
2.423
2.5580000000000003
2.434
2.58
2.396
2.602
2.464
2.302
2.641
2.496
2.401
2.715
2.189
2.508
2.383
2.571
2.326
2.497
2.294
2.6180000000000003
2.6060000000000003
2.497
2.1830000000000003
2.549
2.777
2.375
2.592
2.507
2.517
2.443
1.953
2.191
2.489
2.6010000000000004
2.398
2.642
2.387
2.654
2.648
2.448
2.26
2.614
2.268
2.576
2.027
2.513
2.141
2.551
2.537
1.813
2.583
2.613
2.532
2.716
2.208
2.506
2.049
2.362
2.428
2.589
2.674
2.736
2.548
2.784
2.425
2.43
2.4330000000000003
2.277
2.533
2.372
2.541
2.523
2.784
2.5780000000000003
2.3680000000000003
2.569
2.548
2.569
2.475
2.407
2.4730000000000003
2.494
2.609
2.522
2.625
2.719
2.69
2.435
2.483
2.374
2.615
2.445
2.314
2.4530000000000003
2.542
2.392
2.592
2.169
2.394
2.622
2.57
2.643
2.615
2.608
2.4290000000000003
2.158
2.42
2.537
2.377
2.531
2.8680000000000003
2.278
2.519
2.307
2.472
2.709
2.448
2.454
2.727
2.376
2.452
2.399
2.6210000000000004
2.669
2.415
2.414
2.576
2.498
2.582
2.6660000000000004
2.277
2.388
2.589
2.365
2.439
2.532
2.388
2.528
2.324
2.421
2.481
2.519
2.675
2.381
2.545
2.624
2.496
2.575
2.491
2.28
2.394
2.431
2.367
2.536
2.5780000000000003
2.3480000000000003
2.548
2.584
2.435
2.735
2.632
2.489
2.593
2.582
2.87
2.265
2.468
2.639
2.627
2.567
2.454
2.458
2.513
2.404
2.454
2.385
2.401
2.528
2.44
2.525
2.263
2.4
2.424
2.289
2.559
2.15
2.54
2.38
2.407
2.615
2.5340000000000003
2.431
2.576
2.199
2.418
2.56
2.494
2.684
2.6060000000000003
2.637
2.739
2.533
2.516
2.665
2.47
2.267
2.443
2.546
2.495
2.085
2.417
2.503
2.564
2.397
2.444
2.698
2.359
2.565
2.439
2.48
2.752
2.459
2.718
2.452
2.643
2.571
2.521
2.381
2.599
2.499
2.459
2.568
2.674
2.56
2.395
2.417
2.46
2.229
2.516
2.583
2.3680000000000003
2.211
2.407
2.582
2.452
2.434
2.516
2.699
2.251
2.458
2.351
2.217
2.628
2.644
2.516
2.622
2.35
2.394
2.458
2.167
2.337
2.512
2.407
2.227
2.575
2.463
2.468
2.549
2.295
2.141
2.457
2.445
2.347
2.677
2.454
2.45
2.476
2.474
2.24
2.575
2.5810000000000004
2.437
2.389
2.526
2.669
2.51
2.6860000000000004
2.478
2.46
2.589
2.527
2.46
2.316
2.478
2.46
2.4130000000000003
2.401
2.499
2.57
2.354
2.547
2.527
2.25
2.603
2.416
2.548
2.595
2.589
2.467
2.487
2.641
2.5540000000000003
2.337
2.46
2.425
2.584
2.6860000000000004
2.492
2.531
2.597
2.5
2.702
2.637
2.46
2.485
2.491
2.654
2.294
2.5380000000000003
2.475
2.532
2.5810000000000004
2.343
2.418
2.514
2.597
2.673
2.373
2.667
2.522
2.249
2.381
2.442
2.498
2.633
2.594
2.67
2.569
2.3
2.511
2.545
2.564
2.393
2.406
2.505
2.555
2.4330000000000003
2.364
2.697
2.519
2.748
2.172
2.614
2.256
2.221
2.335
2.192
2.605
2.395
2.528
2.669
2.366
2.494
2.6460000000000004
2.662
2.294
2.169
2.574
2.603
2.549
2.435
2.337
2.509
2.276
2.46
2.376
2.528
2.7
2.684
2.277
2.593
2.505
2.684
2.326
2.6180000000000003
2.642
2.631
2.468
2.624
2.416
2.448
2.266
2.935
2.4730000000000003
2.479
2.2230000000000003
2.503
2.565
2.643
2.462
2.546
2.573
2.461
2.519
2.39
2.62
2.6660000000000004
2.268
2.353
2.102
2.269
2.452
2.422
2.43
2.345
2.067
2.5580000000000003
2.468
2.002
2.611
2.198
2.5660000000000003
2.488
2.45
2.519
2.535
2.499
2.229
2.768
2.427
2.311
2.596
2.57
2.509
2.478
2.517
2.474
2.418
2.474
2.376
2.344
2.535
2.49
2.459
2.661
2.465
2.37
2.608
2.213
2.202
2.397
2.4730000000000003
2.36
2.507
2.664
2.488
2.479
2.512
2.53
2.469
2.665
2.338
2.481
2.114
2.19
2.7430000000000003
2.55
2.495
2.386
2.502
2.549
2.446
2.585
2.478
2.525
2.688
2.49
2.483
2.664
2.734
2.169
2.637
2.332
2.624
2.436
2.549
2.281
2.37
2.434
2.412
2.615
2.173
2.569
2.112
2.562
2.568
2.605
2.397
2.518
2.465
2.186
2.458
2.391
2.317
2.347
2.709
2.522
2.7030000000000003
2.694
2.544
2.498
2.492
2.272
2.458
2.54
2.456
2.508
2.376
2.42
2.2230000000000003
2.247
2.677
2.437
2.416
2.608
2.682
1.287
2.531
2.511
2.2880000000000003
2.505
2.567
2.313
2.172
2.478
2.595
2.676
2.156
2.55
2.629
2.625
2.378
2.367
2.448
2.647
2.777
2.644
2.557
2.655
2.603
2.381
2.417
2.476
2.536
2.144
2.386
2.511
2.595
2.388
2.5580000000000003
2.343
2.67
2.352
2.728
2.253
2.481
2.414
2.483
2.471
2.164
2.608
2.444
2.449
2.5380000000000003
2.648
2.692
2.58
2.518
2.42
2.757
2.316
2.4090000000000003
2.4290000000000003
2.579
2.475
2.52
2.616
2.5860000000000003
2.744
2.623
2.467
2.388
2.496
2.591
2.51
2.529
2.535
2.447
2.228
2.324
2.393
2.196
2.6710000000000003
2.503
2.58
2.549
2.527
2.301
2.154
2.526
2.35
2.185
2.572
2.485
2.4930000000000003
2.427
2.747
2.585
2.693
2.428
2.465
2.57
2.591
2.542
2.547
2.535
2.267
2.349
2.44
2.404
2.533
2.388
2.471
2.577
2.6010000000000004
2.416
2.499
2.321
2.6710000000000003
2.58
2.455
2.488
2.432
2.463
2.638
2.516
2.542
2.378
2.34
2.27
2.271
2.648
2.552
2.42
2.095
2.677
2.544
2.66
2.623
2.471
2.705
2.524
2.562
2.62
2.4730000000000003
2.329
2.45
2.095
2.697
2.361
2.427
2.651
2.221
2.655
2.388
2.38
2.272
2.563
2.436
2.484
2.46
2.334
2.391
2.427
2.383
2.475
2.235
2.505
2.622
2.399
1.915
2.317
2.612
2.299
2.465
2.5
2.57
2.398
2.316
2.519
2.471
2.45
2.633
2.449
2.522
2.483
2.449
2.351
2.541
2.401
2.464
2.469
2.512
2.684
2.589
2.2840000000000003
2.363
2.482
2.656
2.193
2.498
2.611
2.573
1.869
2.553
2.55
2.572
2.086
2.5980000000000003
2.222
2.5610000000000004
1.744
2.371
2.6060000000000003
2.52
2.603
2.416
2.46
2.367
2.197
1.181
2.34
2.6060000000000003
2.849
2.347
2.502
2.622
2.512
2.31
2.403
2.365
2.795
2.323
2.582
2.2840000000000003
2.263
2.614
2.556
2.393
2.55
2.51
2.546
2.564
2.553
2.716
2.548
2.569
2.293
2.468
2.231
2.449
2.502
2.514
2.31
2.463
2.106
2.3040000000000003
2.175
2.563
2.365
2.42
2.425
2.584
2.407
2.405
2.602
2.431
2.301
2.528
2.8760000000000003
2.432
2.709
2.492
2.611
2.311
2.491
2.418
2.573
2.697
2.602
2.562
2.441
2.541
2.632
2.613
2.521
2.102
2.511
2.514
2.521
2.625
2.59
2.479
2.232
2.425
2.277
2.547
2.569
2.238
2.551
2.535
2.362
2.572
2.11
2.407
2.291
2.5980000000000003
2.316
2.612
2.399
2.484
2.501
1.942
2.416
2.6060000000000003
2.58
2.533
2.564
2.406
2.695
2.095
2.291
2.533
2.508
2.185
2.496
2.314
2.24
2.716
2.397
2.428
2.422
2.592
2.708
2.458
2.415
2.487
2.491
2.602
2.545
2.532
2.341
2.605
2.569
2.254
2.503
2.439
2.116
2.579
2.048
2.543
2.388
2.063
2.563
2.539
2.4290000000000003
2.297
2.476
2.355
2.589
2.196
2.8560000000000003
2.465
2.557
2.574
2.5380000000000003
2.349
2.393
2.411
2.555
2.585
2.406
2.196
2.625
2.388
2.258
2.571
2.48
2.596
2.423
2.502
2.445
2.358
2.439
2.486
2.515
2.604
2.363
2.587
2.486
2.208
2.359
2.632
2.447
2.498
2.462
2.402
2.334
2.189
2.287
2.436
2.25
2.415
2.267
2.494
2.17
2.592
2.588
2.406
2.277
2.555
2.135
2.477
2.506
2.53
2.657
2.364
2.5810000000000004
2.503
2.296
2.805
2.539
2.497
2.39
2.644
2.661
2.6210000000000004
2.238
2.57
2.346
2.638
2.585
2.251
2.444
2.535
2.479
2.7430000000000003
2.377
2.387
2.528
2.536
2.54
2.5780000000000003
2.719
2.365
2.417
2.2230000000000003
2.366
2.5340000000000003
2.23
2.485
2.341
2.418
2.386
2.407
2.491
2.514
2.458
2.416
2.29
2.164
2.602
2.211
2.517
2.645
2.336
2.594
2.396
1.481
2.542
2.432
2.5780000000000003
2.551
2.474
2.539
2.5660000000000003
2.563
2.416
2.465
2.381
2.419
2.374
2.403
