2.378
2.372
2.471
2.3280000000000003
2.605
2.574
2.52
1.41
2.404
2.42
2.456
2.475
2.259
2.593
2.559
2.562
2.447
2.402
2.36
2.392
2.383
2.18
2.399
2.442
2.537
2.649
2.439
2.491
2.553
2.637
2.352
2.474
2.336
2.358
2.297
2.7030000000000003
2.292
2.5780000000000003
2.533
2.515
2.474
2.341
2.316
2.679
3.02
2.602
2.568
2.701
2.499
2.411
2.63
2.496
2.556
2.777
2.166
2.6460000000000004
2.509
2.286
2.615
2.535
2.693
2.5780000000000003
2.376
2.232
2.5580000000000003
1.777
2.632
2.423
2.822
2.487
2.178
2.144
2.599
2.3
2.564
2.458
2.612
2.517
2.658
2.559
2.639
2.5610000000000004
2.395
2.736
2.34
2.153
2.3680000000000003
2.26
2.452
2.522
2.564
2.5860000000000003
2.395
2.5340000000000003
2.514
2.689
2.303
2.323
2.406
2.435
2.537
2.589
2.326
2.332
2.475
2.5810000000000004
2.381
2.494
2.383
2.628
2.595
2.49
2.487
2.517
2.466
2.376
2.477
2.5540000000000003
2.419
2.29
2.475
2.258
2.446
2.325
2.391
2.477
2.499
2.572
2.3040000000000003
2.422
2.358
2.5
2.3
2.482
2.299
2.277
2.477
2.215
2.572
2.347
2.447
2.354
2.68
2.358
2.644
2.386
2.709
2.336
2.588
2.327
2.583
2.422
2.457
2.5340000000000003
2.088
2.525
2.56
2.302
2.656
2.492
2.55
2.541
2.496
2.6710000000000003
2.382
2.604
2.24
2.391
2.53
2.47
2.559
2.649
2.516
2.593
2.693
2.516
2.398
2.482
2.334
2.339
2.39
2.55
2.548
2.132
2.552
2.385
2.318
2.442
2.59
2.6660000000000004
2.456
2.303
2.449
2.1630000000000003
2.53
2.587
2.546
2.359
2.225
2.342
2.5780000000000003
2.526
2.527
2.6210000000000004
2.402
2.474
2.44
2.4290000000000003
2.36
2.333
2.633
2.637
2.302
2.299
2.364
2.394
2.568
2.463
2.232
2.279
2.689
2.373
2.736
2.667
2.535
2.422
2.151
2.527
2.491
2.425
2.416
2.627
2.567
2.652
2.551
2.418
2.555
2.291
2.51
2.309
2.486
2.402
2.399
2.6010000000000004
2.486
2.512
2.39
2.576
2.4930000000000003
2.61
2.226
2.54
2.498
2.6210000000000004
2.346
2.647
2.479
2.449
2.576
2.569
2.366
2.52
2.334
2.431
2.513
2.421
2.617
2.452
2.514
2.714
2.612
2.434
2.5860000000000003
2.479
2.637
2.502
2.474
2.512
2.322
2.541
2.633
2.576
2.398
2.521
2.405
2.378
2.323
2.483
2.712
2.091
2.474
2.477
2.44
2.459
2.528
2.27
2.762
2.353
2.528
2.564
2.736
2.589
2.357
2.2840000000000003
2.649
2.438
2.556
2.6830000000000003
2.439
2.242
2.489
2.645
2.51
2.4290000000000003
2.704
2.583
2.518
2.5580000000000003
2.405
2.782
2.556
2.438
2.5780000000000003
2.265
2.3080000000000003
2.685
2.697
2.395
2.439
2.161
2.15
2.29
2.418
2.8760000000000003
2.42
2.378
2.506
2.403
2.501
2.639
2.463
2.525
1.966
2.6460000000000004
2.526
2.343
2.089
2.6180000000000003
2.411
2.346
2.391
2.311
2.577
2.422
2.3080000000000003
2.543
2.414
2.339
2.353
2.722
2.145
2.454
2.073
2.317
2.439
2.58
2.23
2.459
2.27
2.452
2.52
2.506
2.694
2.497
2.491
2.218
2.537
2.562
2.537
2.569
2.728
2.3680000000000003
2.382
2.613
2.825
2.603
2.5540000000000003
2.354
2.279
2.549
2.647
2.468
2.55
2.61
2.524
2.414
2.567
2.1830000000000003
2.526
2.27
2.412
2.139
2.532
2.341
2.58
2.495
2.439
2.774
2.162
2.4930000000000003
2.541
2.524
2.301
2.595
2.4530000000000003
2.455
2.594
2.379
2.52
2.458
2.435
2.353
2.333
2.605
2.54
2.502
2.415
2.576
2.465
2.318
2.573
2.128
2.32
2.14
2.531
2.394
2.428
2.439
2.737
2.519
2.459
2.579
2.526
2.329
2.565
2.321
2.392
2.56
2.698
2.55
2.51
2.536
2.242
2.281
2.445
2.38
2.455
2.441
2.664
2.306
2.495
2.596
