2.462
2.552
2.658
2.412
2.904
2.85
2.667
1.449
2.5580000000000003
2.56
2.563
2.454
2.644
2.905
2.905
2.857
2.4090000000000003
2.7510000000000003
2.633
2.33
2.434
2.408
2.5340000000000003
2.555
2.787
2.778
2.701
2.795
2.756
2.735
2.6460000000000004
2.753
2.52
2.206
2.697
2.912
2.136
2.636
2.801
2.6060000000000003
2.701
2.7710000000000004
2.467
2.835
3.033
2.668
2.877
2.738
2.55
2.474
2.748
2.194
2.9
2.761
2.381
2.786
2.575
2.299
2.682
2.837
2.807
2.83
2.388
2.386
2.588
2.343
2.86
2.7230000000000003
2.902
2.608
2.074
2.233
2.7910000000000004
2.469
2.869
2.545
2.66
2.412
2.765
2.781
2.9360000000000004
2.894
2.445
2.833
2.715
2.424
2.346
2.228
2.644
2.481
2.838
2.692
2.49
2.817
2.679
2.8510000000000004
2.448
2.445
2.56
2.8080000000000003
2.565
2.608
2.611
2.422
2.597
2.639
2.495
2.824
2.5580000000000003
2.8110000000000004
2.918
2.681
2.779
2.604
2.607
2.504
2.7430000000000003
2.681
2.589
2.435
2.7880000000000003
2.544
2.542
2.699
2.595
2.584
2.363
2.71
2.455
2.835
2.549
2.616
2.261
2.736
2.721
2.657
2.802
2.079
2.705
2.609
2.733
2.361
2.674
2.186
2.748
2.415
2.636
2.474
2.485
2.616
2.766
2.6260000000000003
2.5980000000000003
2.784
2.193
2.7880000000000003
2.807
2.1630000000000003
2.807
2.701
2.5340000000000003
2.609
2.634
2.955
2.7430000000000003
2.982
2.339
2.763
2.447
2.685
2.764
2.789
2.522
2.6910000000000003
2.43
2.599
2.607
2.738
2.371
2.434
2.503
2.73
2.633
2.4130000000000003
2.752
2.569
2.481
2.617
2.794
2.733
2.431
2.364
2.609
2.603
2.699
2.613
2.704
2.628
2.204
2.6010000000000004
2.764
2.7260000000000004
2.504
2.832
2.587
2.641
2.785
2.839
2.637
2.515
2.8110000000000004
2.835
2.571
2.602
2.55
2.5980000000000003
2.79
2.776
2.45
2.6860000000000004
2.53
2.657
2.877
2.902
2.728
2.625
2.352
2.763
2.7430000000000003
2.451
2.507
2.766
2.7030000000000003
2.753
2.57
2.735
2.7
2.3680000000000003
2.789
2.356
2.83
2.532
2.6710000000000003
2.8480000000000003
2.6830000000000003
2.82
1.982
2.655
2.704
2.859
2.782
2.867
2.318
2.922
2.384
2.687
2.632
2.696
2.651
2.36
2.4930000000000003
2.773
2.219
2.685
2.903
2.696
2.667
2.692
2.87
2.93
2.85
2.582
2.777
2.68
2.886
2.0540000000000003
2.285
2.6180000000000003
2.244
2.557
2.899
2.733
2.7
2.423
2.637
2.379
2.6060000000000003
2.591
2.997
2.046
2.689
2.648
2.574
2.694
2.615
2.5540000000000003
2.939
2.532
2.698
2.777
2.935
2.717
2.449
2.169
2.757
2.793
2.662
2.5580000000000003
2.7260000000000004
2.565
2.5860000000000003
2.7510000000000003
2.744
2.376
2.829
2.8
2.637
2.742
2.833
2.883
2.722
2.307
2.777
2.46
2.4090000000000003
2.997
2.852
2.461
2.353
2.329
1.804
2.371
2.5780000000000003
2.883
2.579
2.506
2.628
2.547
2.6660000000000004
2.697
2.7110000000000003
2.675
1.905
2.6460000000000004
2.705
2.716
2.301
2.962
2.7
2.528
1.854
2.428
2.789
2.6660000000000004
2.643
2.799
2.759
2.698
2.523
2.772
2.233
2.571
2.305
2.6710000000000003
2.5780000000000003
2.841
2.253
2.631
2.384
2.6060000000000003
2.583
2.737
2.8280000000000003
2.6910000000000003
2.809
2.46
2.7430000000000003
2.75
2.66
2.6910000000000003
2.869
2.346
2.364
2.737
2.9730000000000003
2.676
2.744
2.597
2.6
2.61
2.716
2.713
2.415
2.804
2.744
2.237
2.73
2.171
2.709
2.408
2.1630000000000003
2.544
2.647
2.753
2.823
2.608
2.648
2.842
2.398
2.6830000000000003
2.585
2.6660000000000004
2.622
2.781
2.809
2.755
3.017
2.608
2.729
2.6660000000000004
2.61
2.662
1.925
2.572
2.696
2.7510000000000003
2.758
2.482
2.568
2.408
2.882
2.257
2.396
2.077
2.789
2.625
2.667
2.63
3.019
2.736
2.6710000000000003
2.855
2.733
2.548
2.757
2.5380000000000003
2.5810000000000004
2.544
2.629
2.752
2.733
2.692
2.09
2.432
2.632
2.732
2.675
2.684
3.035
2.412
2.6
2.714
