2.9730000000000003
2.634
2.627
2.7310000000000003
2.58
2.8560000000000003
2.737
2.696
2.5340000000000003
2.818
2.349
2.715
2.742
2.61
2.689
2.6910000000000003
2.854
2.63
2.9130000000000003
2.943
2.5340000000000003
2.739
2.515
2.725
2.668
2.456
2.452
2.638
2.914
2.971
2.7110000000000003
2.532
2.527
2.648
2.657
2.46
2.672
2.599
2.7460000000000004
2.8360000000000003
2.721
2.84
2.678
2.593
2.7960000000000003
2.915
2.742
2.757
2.9160000000000004
2.674
2.733
2.801
2.784
2.8760000000000003
2.563
2.648
2.658
2.572
2.984
2.301
2.515
2.763
2.572
2.635
2.838
2.591
2.667
2.458
2.845
2.9
2.483
2.781
2.845
3.057
2.918
2.834
2.8680000000000003
2.769
2.862
2.696
2.515
2.894
2.8160000000000003
2.817
2.602
2.777
2.692
2.78
2.764
2.633
2.781
2.645
2.815
2.518
2.948
2.565
2.589
2.52
2.813
2.487
2.565
2.892
2.669
2.69
2.61
2.081
2.779
2.76
2.757
2.595
2.48
2.82
2.834
2.6830000000000003
2.355
2.6180000000000003
2.909
2.56
2.63
2.881
2.7030000000000003
2.81
2.983
2.657
2.513
2.903
2.949
2.786
2.852
2.893
2.323
2.879
2.774
2.56
2.221
2.519
2.446
2.592
2.512
2.858
2.84
2.844
2.407
2.519
2.594
2.632
2.639
2.624
2.863
2.767
2.843
2.65
2.965
2.708
2.82
2.857
2.6830000000000003
2.765
2.535
2.4730000000000003
2.834
2.724
2.737
2.486
2.6860000000000004
2.873
2.624
2.715
2.668
2.802
2.787
2.529
2.777
2.624
2.604
2.809
2.565
2.718
2.707
2.384
2.87
2.699
2.613
2.8510000000000004
2.7430000000000003
2.884
2.71
2.8680000000000003
2.748
2.693
2.774
2.881
2.9
2.423
2.4530000000000003
2.7710000000000004
2.345
2.793
2.75
2.776
2.694
3.018
2.721
2.52
2.634
2.755
2.795
2.7110000000000003
2.66
2.87
2.613
2.559
2.509
3.014
3.0810000000000004
2.444
2.754
2.78
2.781
2.762
2.637
2.6460000000000004
2.577
2.884
2.803
2.76
2.744
2.657
2.748
2.76
2.491
2.518
2.662
2.545
2.662
2.8480000000000003
2.983
2.82
2.7430000000000003
2.4530000000000003
2.509
2.758
2.634
2.684
2.682
2.759
2.779
2.651
2.625
2.822
2.779
2.94
2.651
2.795
2.81
2.809
2.678
2.361
3.026
2.762
2.396
2.674
2.592
2.632
2.696
2.721
2.965
2.7310000000000003
2.669
2.463
2.384
2.551
2.343
2.502
2.61
2.817
2.678
2.442
2.737
2.6460000000000004
2.874
3.04
2.665
2.793
2.895
2.563
2.4290000000000003
2.753
2.5380000000000003
2.613
2.905
2.657
2.609
2.694
2.807
2.525
2.776
2.491
2.637
2.501
2.668
2.7510000000000003
2.835
2.588
2.784
2.694
2.418
2.68
2.714
2.437
2.814
3.0210000000000004
2.774
2.8
2.556
2.253
2.757
2.718
2.528
2.459
2.737
2.528
2.9
2.834
2.7910000000000004
2.9410000000000003
2.55
2.685
2.537
2.562
2.728
2.645
2.702
2.599
2.47
2.949
2.967
2.843
2.818
2.81
2.935
2.774
2.66
2.972
2.609
2.707
2.8510000000000004
2.617
2.7060000000000004
2.5980000000000003
2.7460000000000004
2.739
2.792
2.6180000000000003
2.676
2.82
2.73
2.71
2.6460000000000004
2.72
2.641
2.609
2.75
3.087
2.323
2.521
2.653
2.582
2.838
2.452
2.722
2.987
2.436
2.737
2.805
2.732
2.855
2.6460000000000004
2.756
2.838
2.619
2.877
2.528
2.794
2.87
2.881
2.673
2.344
2.873
2.604
2.748
2.7510000000000003
2.879
2.827
2.832
2.8480000000000003
2.906
2.801
2.669
2.609
2.717
2.838
2.733
2.657
2.53
2.448
2.677
2.405
2.909
2.812
2.838
2.371
2.64
2.675
2.452
2.68
2.6910000000000003
2.89
2.982
2.866
2.987
2.74
2.959
2.688
2.688
2.499
2.648
2.997
2.468
2.8960000000000004
2.77
2.764
2.343
2.837
3.067
2.476
2.859
3.26
2.8160000000000003
2.591
2.664
2.821
2.804
2.7110000000000003
2.5380000000000003
2.702
2.619
2.6710000000000003
2.504
2.814
2.842
2.854
2.8280000000000003
2.518
2.798
2.692
2.628
2.489
2.7960000000000003
2.443
2.817
2.749
2.928
2.6460000000000004
2.678
2.516
3.114
2.636
2.763
2.698
2.722
2.583
2.837
2.863
2.748
2.61
2.78
2.481
2.674
2.361
2.8560000000000003
2.804
2.753
2.867
2.918
2.712
2.911
2.432
2.4530000000000003
2.6060000000000003
2.556
2.669
2.638
2.786
2.853
3.217
2.75
2.834
2.937
2.7880000000000003
3.043
2.732
2.872
2.675
2.81
2.474
2.776
2.767
2.767
2.645
2.904
2.541
2.8080000000000003
2.4130000000000003
2.947
2.717
2.617
2.42
2.6660000000000004
2.869
2.821
2.965
2.56
2.543
2.88
2.63
2.882
2.678
2.527
2.669
2.403
2.8
2.656
2.603
2.461
2.624
2.963
2.9
2.614
2.843
2.859
2.551
2.818
2.7460000000000004
2.62
2.914
2.613
2.677
2.91
2.612
2.696
2.801
2.6060000000000003
2.759
2.49
2.752
2.485
2.8110000000000004
2.8080000000000003
2.877
2.9530000000000003
2.721
2.757
2.91
2.674
2.551
2.69
2.747
2.9210000000000003
2.759
2.4730000000000003
2.647
2.545
3.059
2.505
2.7430000000000003
2.782
2.797
2.454
2.452
2.8
3.014
2.6460000000000004
2.654
2.371
2.745
2.77
2.7430000000000003
2.9210000000000003
2.7260000000000004
2.744
2.712
2.6260000000000003
2.363
2.457
2.664
2.655
2.9330000000000003
2.602
2.385
2.978
2.55
2.802
2.5340000000000003
2.369
2.756
2.585
2.459
2.385
2.627
2.341
2.742
2.84
2.749
2.545
2.6210000000000004
2.661
2.7
2.773
2.442
2.604
2.841
2.7060000000000004
2.8560000000000003
2.627
2.712
2.6660000000000004
2.809
2.609
2.737
2.773
2.7
2.642
2.4290000000000003
2.643
2.656
2.387
2.714
2.774
2.877
2.943
2.6910000000000003
2.949
2.678
2.522
2.698
2.591
2.882
2.729
2.8310000000000004
2.613
2.585
2.717
2.654
2.8160000000000003
2.292
2.92
2.744
2.454
2.725
2.602
2.773
2.696
2.615
2.687
2.498
2.557
2.5610000000000004
2.873
2.713
2.779
2.774
2.674
2.612
2.519
2.54
2.68
2.708
2.74
2.648
2.654
2.765
2.556
2.664
2.404
2.9560000000000004
2.847
2.789
2.6180000000000003
2.787
2.637
2.645
2.49
2.514
2.773
2.428
2.521
2.84
2.94
2.7110000000000003
2.559
2.7960000000000003
2.6
2.967
2.96
2.73
2.676
2.526
2.77
2.607
2.717
2.764
2.5660000000000003
2.7710000000000004
2.8360000000000003
2.734
2.7710000000000004
2.303
2.449
2.7710000000000004
2.865
2.475
2.797
2.798
2.667
2.772
2.613
2.624
2.75
2.676
2.497
2.793
2.655
2.635
2.785
2.6010000000000004
2.555
2.573
2.528
2.465
2.624
2.68
2.698
2.761
2.803
2.864
2.7110000000000003
2.995
2.705
2.695
2.614
2.81
2.654
2.53
2.75
2.882
2.832
2.906
2.804
2.664
2.62
2.432
2.733
2.628
2.052
2.805
3.059
2.541
2.7
2.475
2.769
3.026
2.61
2.5780000000000003
2.778
2.682
2.889
2.5660000000000003
2.8760000000000003
2.755
2.385
2.766
2.563
2.718
2.888
3.027
2.7910000000000004
2.815
2.827
2.418
2.472
3.0810000000000004
2.449
2.6010000000000004
2.659
2.546
2.503
2.738
2.755
2.969
3.048
2.7910000000000004
2.302
2.818
2.75
2.787
2.667
2.698
2.6
2.575
2.922
2.6630000000000003
2.76
2.717
2.593
2.148
2.732
2.542
2.71
2.681
2.6260000000000003
3.0
2.7880000000000003
2.5380000000000003
2.537
2.928
2.676
2.592
2.388
2.725
2.841
2.659
2.715
2.463
2.773
2.739
2.9410000000000003
2.832
2.557
2.9330000000000003
2.738
2.476
2.917
2.594
2.629
2.59
2.582
2.6010000000000004
2.669
2.503
2.757
2.874
2.7110000000000003
2.169
2.972
2.807
2.502
3.052
2.62
2.803
2.629
2.306
2.548
2.809
2.875
2.732
2.638
2.695
2.741
2.879
2.8710000000000004
2.568
2.798
2.56
2.705
2.496
2.917
2.549
2.926
2.877
1.922
2.749
2.744
2.844
2.875
2.4290000000000003
2.623
2.261
2.6260000000000003
2.969
2.724
2.909
2.815
2.893
3.107
2.86
2.702
2.809
2.65
2.7880000000000003
2.501
2.767
2.715
3.21
2.775
2.615
2.81
2.858
2.692
2.823
2.575
2.801
2.617
2.959
2.971
2.795
3.1060000000000003
2.795
2.651
2.737
2.727
3.035
2.589
2.456
2.589
2.773
2.813
2.908
2.385
2.476
3.027
2.748
2.957
2.898
3.11
2.556
2.5660000000000003
2.717
2.93
2.532
2.576
2.963
2.536
2.736
2.702
2.81
2.79
2.822
2.608
2.998
2.507
2.7310000000000003
2.818
2.9210000000000003
2.901
2.597
2.789
2.854
2.6060000000000003
2.6710000000000003
2.833
2.549
2.761
3.017
2.714
2.34
2.51
2.817
2.734
2.668
2.783
2.553
2.7430000000000003
2.597
2.6630000000000003
2.901
2.842
2.704
2.812
2.798
2.488
2.6660000000000004
2.764
2.403
2.823
2.845
2.329
2.684
2.827
2.61
2.82
2.803
2.734
2.753
2.776
2.769
2.635
2.254
2.875
2.7060000000000004
2.7910000000000004
2.652
2.792
2.61
2.478
2.944
2.947
2.645
2.832
2.902
2.9330000000000003
2.41
2.607
2.583
2.556
2.821
2.329
2.675
2.573
2.768
2.732
2.674
2.768
2.829
2.37
2.815
2.667
2.643
2.874
2.861
2.8280000000000003
2.884
2.772
2.635
2.8560000000000003
2.562
2.36
2.793
2.76
2.9
2.326
2.782
2.725
2.637
2.708
2.507
3.014
2.605
2.677
2.678
2.75
2.639
2.984
2.949
2.923
2.92
2.679
2.655
2.661
2.613
2.911
2.835
2.793
2.939
2.729
2.737
2.7880000000000003
2.734
2.511
2.8480000000000003
2.94
2.574
2.507
2.929
2.834
2.5860000000000003
2.879
2.675
2.864
2.653
2.675
2.77
2.521
2.903
2.907
2.717
2.769
2.451
2.451
2.512
2.286
2.6830000000000003
2.739
2.575
2.674
2.76
2.841
2.899
2.9560000000000004
2.781
2.549
2.684
2.639
2.678
2.978
2.665
2.684
2.632
2.9610000000000003
2.351
2.87
2.829
2.6060000000000003
2.557
2.6860000000000004
2.792
2.702
2.948
2.6910000000000003
2.793
2.729
2.911
2.833
2.727
2.659
2.567
2.5
2.6910000000000003
2.862
2.799
2.672
3.002
2.729
2.334
2.5610000000000004
2.669
2.83
2.92
2.679
2.96
2.688
2.78
2.967
2.684
2.611
2.8360000000000003
3.073
2.772
2.712
2.892
2.777
2.866
2.885
2.761
2.698
2.636
2.8
2.755
2.6830000000000003
2.899
2.634
2.589
2.809
2.588
2.886
2.86
2.92
2.898
2.485
2.654
2.782
2.4730000000000003
2.753
2.82
2.794
2.934
2.729
2.694
2.501
2.67
2.645
2.781
2.792
2.728
2.753
2.668
2.577
2.7460000000000004
2.827
3.0380000000000003
2.892
2.91
2.451
2.783
2.539
2.447
2.664
2.512
2.943
2.6710000000000003
2.685
2.778
2.734
2.637
2.785
3.018
2.613
2.385
2.817
2.98
2.779
2.884
2.449
2.59
2.4730000000000003
2.735
2.507
2.684
2.93
3.033
2.718
2.672
2.725
2.612
2.681
2.912
2.829
2.83
2.87
2.834
2.747
2.694
2.322
2.908
2.89
2.716
2.494
2.826
2.795
2.719
2.773
2.604
2.745
2.549
2.9130000000000003
2.7880000000000003
2.681
2.734
2.772
2.595
2.605
2.615
2.489
2.748
2.764
2.799
2.602
2.69
2.715
2.505
2.787
2.6660000000000004
2.789
2.724
2.44
2.761
2.987
2.815
2.533
3.1460000000000004
2.639
2.357
2.817
2.9360000000000004
2.653
2.715
2.6
2.63
2.804
2.813
2.64
2.9
2.882
2.847
2.639
2.899
2.827
2.733
2.882
2.6010000000000004
2.501
2.702
2.745
2.496
2.8110000000000004
2.854
2.779
2.642
2.877
2.84
2.867
2.924
2.611
2.669
2.532
2.326
2.773
2.7260000000000004
2.75
2.776
2.54
2.8960000000000004
2.546
2.633
2.898
2.789
2.803
2.862
2.552
2.86
3.0210000000000004
2.502
2.676
2.422
2.858
2.633
2.662
2.632
2.834
2.562
2.374
3.128
2.595
2.73
2.634
2.781
2.7060000000000004
3.0460000000000003
2.6830000000000003
2.805
2.715
2.258
2.6860000000000004
2.894
2.728
2.805
3.052
2.777
2.824
2.8480000000000003
2.805
2.579
2.693
2.651
2.718
2.813
2.729
2.688
2.762
2.3680000000000003
2.553
2.369
2.685
2.719
2.635
2.717
2.823
1.453
2.945
2.795
2.7110000000000003
2.7260000000000004
2.923
2.438
2.266
2.724
2.892
2.744
2.463
2.925
2.714
2.614
2.462
2.497
2.7710000000000004
2.712
3.012
2.881
2.815
2.66
2.85
2.718
2.732
2.795
2.9210000000000003
2.52
2.6660000000000004
2.717
2.927
2.525
2.877
2.59
2.915
2.455
2.735
2.802
2.866
2.437
2.901
2.675
2.42
2.7960000000000003
2.795
2.735
3.0410000000000004
2.877
2.98
2.882
2.924
2.87
2.724
2.8560000000000003
2.759
2.563
2.6180000000000003
2.752
2.531
2.7310000000000003
2.865
3.012
2.9130000000000003
2.749
2.502
2.3280000000000003
2.5980000000000003
2.8960000000000004
2.853
2.729
2.575
2.275
2.582
2.544
2.464
2.991
2.619
2.611
2.649
2.681
2.607
2.596
2.727
2.62
2.381
2.7710000000000004
2.794
2.88
2.715
2.853
2.862
2.909
2.515
2.679
2.872
2.898
2.945
2.865
2.6660000000000004
2.63
2.595
2.641
2.823
2.593
2.03
2.709
2.744
2.903
2.631
2.734
2.77
2.873
2.798
2.6830000000000003
2.769
2.582
2.692
2.695
2.747
2.946
2.548
2.727
2.689
2.755
2.665
3.02
2.7310000000000003
2.4
2.565
2.763
2.813
2.969
2.628
2.987
2.834
2.787
2.815
2.633
2.7460000000000004
3.0210000000000004
2.293
2.945
2.367
2.642
2.9410000000000003
2.528
2.964
2.7030000000000003
2.611
2.506
2.85
2.584
2.744
2.661
2.677
2.6210000000000004
2.81
2.4330000000000003
2.623
2.314
2.679
2.662
2.373
2.361
2.474
3.027
2.466
2.656
2.756
2.882
2.587
2.343
2.5380000000000003
2.644
2.595
2.865
2.815
3.031
2.652
2.687
2.358
2.7260000000000004
2.421
2.672
2.748
2.849
2.93
3.096
2.436
2.884
2.7710000000000004
2.729
2.502
2.806
2.804
2.75
2.055
2.6830000000000003
2.759
2.939
2.524
2.759
2.457
2.6910000000000003
1.899
2.576
2.696
2.631
2.5380000000000003
2.841
2.914
2.4330000000000003
2.312
1.296
2.521
2.889
2.785
2.393
2.728
2.721
2.7880000000000003
2.507
2.458
2.5380000000000003
3.127
2.46
2.834
2.342
2.629
3.0810000000000004
3.023
2.725
2.795
2.6860000000000004
2.657
2.783
2.7230000000000003
2.827
2.887
2.795
2.761
2.423
2.497
2.7030000000000003
2.809
2.636
2.507
2.8160000000000003
2.401
2.525
2.418
2.699
2.8
2.623
2.638
2.5380000000000003
2.512
2.647
3.022
2.4530000000000003
2.814
2.863
3.071
2.764
2.854
3.026
2.766
2.508
2.802
2.672
2.625
2.79
2.648
2.887
2.698
2.682
2.773
2.86
2.741
2.56
2.6
2.4130000000000003
2.755
2.994
2.884
2.496
2.595
2.825
2.466
2.877
2.58
2.342
2.96
2.803
2.48
2.658
2.214
2.556
2.55
2.6460000000000004
2.756
2.922
2.563
2.773
2.698
3.034
2.765
2.779
2.747
2.818
2.633
2.877
2.7910000000000004
2.293
2.475
2.883
2.597
2.526
2.638
2.747
2.617
2.6460000000000004
2.668
2.596
2.827
2.763
3.057
2.668
2.718
2.806
2.842
2.79
2.643
2.827
2.501
2.823
2.717
2.324
2.757
2.793
2.017
2.739
2.364
2.875
2.371
2.475
2.7310000000000003
2.786
2.685
2.377
2.785
2.749
2.747
2.382
2.879
2.894
2.882
2.927
2.987
2.622
2.66
2.675
2.668
2.6660000000000004
2.434
2.374
2.778
2.761
2.536
2.669
2.634
2.767
2.616
2.541
2.553
2.854
2.6830000000000003
2.777
2.817
2.904
2.678
2.963
2.616
2.504
2.49
2.843
2.339
2.786
2.617
2.633
2.636
2.406
2.571
2.634
2.541
2.643
2.6260000000000003
2.739
2.386
2.776
2.632
2.66
2.702
2.82
2.442
2.564
2.845
2.673
2.732
2.867
2.904
2.749
2.425
2.814
2.77
2.802
2.576
2.854
2.859
2.927
2.458
2.855
2.543
3.2460000000000004
2.735
2.491
2.735
2.6180000000000003
2.49
2.805
2.7510000000000003
2.463
2.757
2.518
2.883
2.659
3.077
2.521
2.875
2.268
2.6660000000000004
2.742
2.461
2.7510000000000003
2.2230000000000003
2.229
2.801
2.842
2.736
2.5380000000000003
2.737
2.674
2.454
2.3480000000000003
2.629
2.362
2.766
2.965
2.343
2.519
2.579
1.819
2.774
2.76
2.925
2.6710000000000003
2.522
2.654
2.8310000000000004
2.9
2.571
2.8710000000000004
2.244
2.7110000000000003
2.305
2.855
