2.88
2.5989999999999998
2.596
2.546
2.542
2.847
2.9339999999999997
2.7769999999999997
2.469
2.748
2.469
2.819
2.733
2.3569999999999998
2.813
2.6310000000000002
2.827
2.611
2.9160000000000004
2.865
2.63
2.557
2.772
2.698
2.67
2.303
2.519
2.927
2.784
2.903
2.675
2.565
2.57
2.5810000000000004
2.725
2.662
2.708
2.407
2.7039999999999997
2.845
2.7539999999999996
2.943
2.46
2.577
2.825
2.725
2.883
2.676
2.888
2.91
2.748
2.898
2.708
2.905
2.7430000000000003
2.687
2.784
2.445
3.056
2.399
2.421
2.947
2.69
2.5
2.8539999999999996
2.66
2.3890000000000002
2.2969999999999997
2.696
2.864
2.455
2.7110000000000003
2.9760000000000004
3.08
2.8139999999999996
2.9130000000000003
3.0210000000000004
2.6010000000000004
2.6910000000000003
2.7060000000000004
2.6889999999999996
2.846
2.505
2.8739999999999997
2.6430000000000002
2.8160000000000003
2.7030000000000003
2.639
2.832
2.4290000000000003
2.735
2.5269999999999997
2.806
2.434
2.895
2.625
2.627
2.501
2.628
2.5610000000000004
2.4090000000000003
2.64
2.681
2.9410000000000003
2.8760000000000003
2.177
2.7760000000000002
2.812
2.864
2.7560000000000002
2.6260000000000003
2.844
2.938
2.763
2.094
2.8289999999999997
2.7430000000000003
2.611
2.8489999999999998
2.715
2.719
2.75
3.127
2.636
2.6010000000000004
2.9019999999999997
2.8930000000000002
2.79
2.698
3.01
2.278
3.074
2.6889999999999996
2.5780000000000003
2.3169999999999997
2.588
2.634
2.452
2.501
2.8089999999999997
2.775
2.6839999999999997
2.359
2.536
2.559
2.6310000000000002
2.763
2.782
2.9130000000000003
2.6910000000000003
2.841
2.428
2.978
2.93
2.855
2.719
2.8089999999999997
2.8369999999999997
2.96
2.549
2.846
2.609
2.918
2.7060000000000004
2.681
3.07
2.657
2.512
2.469
2.8689999999999998
2.5540000000000003
2.6
2.783
2.708
2.7119999999999997
2.8739999999999997
2.806
2.6860000000000004
2.697
2.499
3.159
2.611
2.426
2.826
2.931
2.8539999999999996
2.8960000000000004
2.8089999999999997
2.872
2.793
2.721
2.715
3.0180000000000002
2.496
2.553
2.7310000000000003
2.356
2.5789999999999997
2.775
2.759
2.702
2.926
2.727
2.546
2.591
2.8560000000000003
2.888
2.97
2.681
2.9210000000000003
2.55
2.553
2.485
2.958
2.985
2.8560000000000003
2.844
2.865
2.904
2.862
2.753
2.542
2.488
2.753
2.7
2.8489999999999998
2.818
2.611
2.705
2.888
2.588
2.549
2.595
2.675
2.79
2.8339999999999996
2.89
2.775
2.8
2.4459999999999997
2.843
2.8960000000000004
2.575
2.6660000000000004
2.636
2.7430000000000003
2.969
2.733
2.656
2.9410000000000003
2.714
2.927
2.801
2.81
2.802
2.676
2.552
2.263
2.8989999999999996
2.7310000000000003
2.484
2.67
2.641
2.738
2.6889999999999996
2.802
2.969
2.665
2.748
2.58
2.62
2.5069999999999997
2.2569999999999997
2.61
2.597
2.9530000000000003
2.8110000000000004
2.414
2.745
2.611
2.929
3.133
2.6069999999999998
2.81
2.859
2.615
2.352
2.7769999999999997
2.747
2.676
2.8369999999999997
2.702
2.523
2.655
2.7089999999999996
2.5469999999999997
2.873
2.4019999999999997
2.51
2.562
2.775
2.72
2.864
2.603
2.759
2.592
2.576
2.62
2.565
2.38
2.855
3.043
2.801
2.8139999999999996
2.332
2.325
2.42
2.839
2.733
2.439
2.8310000000000004
2.639
2.7969999999999997
2.802
2.844
2.965
2.555
2.582
2.6910000000000003
2.537
2.7560000000000002
2.608
2.6430000000000002
2.6710000000000003
2.45
3.06
2.858
2.9360000000000004
2.6630000000000003
2.702
2.8489999999999998
2.995
2.745
2.909
2.541
2.529
2.73
2.5610000000000004
2.779
2.582
2.951
2.707
2.764
2.735
2.678
2.932
3.005
2.7239999999999998
2.5980000000000003
2.627
2.572
2.8310000000000004
2.725
2.9139999999999997
2.278
2.463
2.747
2.259
2.515
2.569
2.69
2.886
2.371
2.707
2.7119999999999997
2.8139999999999996
2.9389999999999996
2.5639999999999996
2.8710000000000004
2.944
2.611
2.823
2.471
2.7510000000000003
2.805
3.015
2.821
2.541
2.897
2.8689999999999998
2.78
2.807
2.773
3.052
2.8739999999999997
2.661
2.968
2.917
2.708
2.633
2.667
2.8110000000000004
2.7560000000000002
2.4419999999999997
2.318
2.612
2.83
2.3680000000000003
2.861
2.88
2.9019999999999997
2.7
2.5180000000000002
2.573
2.457
2.7489999999999997
2.735
2.883
2.807
2.792
2.991
2.78
2.883
2.6630000000000003
2.785
2.634
2.585
3.052
2.455
2.877
2.6839999999999997
2.852
2.324
3.042
2.987
2.642
2.8369999999999997
3.12
2.582
2.765
2.931
2.895
2.986
2.772
2.347
2.62
2.697
2.605
2.574
2.91
2.903
2.863
2.8819999999999997
2.6210000000000004
2.7910000000000004
2.957
2.63
2.469
2.906
2.657
2.821
2.7
3.022
2.718
2.688
2.662
3.123
2.867
2.8310000000000004
2.66
2.449
2.764
2.77
2.855
2.733
2.7110000000000003
2.843
2.487
2.656
2.338
2.9619999999999997
2.8339999999999996
2.89
3.052
3.1710000000000003
2.5180000000000002
2.6719999999999997
2.424
2.4459999999999997
2.766
2.668
2.715
2.677
2.7510000000000003
2.841
3.0039999999999996
2.8160000000000003
2.714
3.03
2.77
3.218
2.8760000000000003
3.011
2.781
2.839
2.575
2.7119999999999997
2.6689999999999996
2.4330000000000003
2.611
2.531
2.557
2.823
2.472
2.8289999999999997
2.5639999999999996
2.654
2.324
2.826
2.904
2.842
2.932
2.5860000000000003
2.517
2.9019999999999997
2.655
2.773
2.5839999999999996
2.35
2.76
2.311
2.955
2.802
2.696
2.8760000000000003
2.59
2.9419999999999997
2.8960000000000004
2.659
3.102
2.861
2.714
2.841
2.7969999999999997
2.645
2.992
2.8369999999999997
2.7560000000000002
2.9339999999999997
2.718
2.603
2.693
2.8
2.8160000000000003
2.6239999999999997
2.802
2.3890000000000002
2.843
2.825
2.785
2.827
2.843
2.8280000000000003
2.908
2.7680000000000002
2.572
2.611
2.8289999999999997
3.133
2.7960000000000003
2.59
2.745
2.6260000000000003
3.06
2.503
2.568
2.983
2.847
2.396
2.387
2.991
2.496
2.758
2.778
2.3930000000000002
2.568
2.958
2.63
2.865
2.8560000000000003
2.915
2.76
2.8110000000000004
2.0909999999999997
2.291
2.6489999999999996
2.667
3.076
2.721
2.377
3.017
2.9219999999999997
2.885
2.515
2.204
2.845
2.77
2.479
2.377
2.6239999999999997
2.388
2.838
2.991
2.72
2.17
2.7680000000000002
2.6860000000000004
2.799
2.903
2.478
2.6310000000000002
2.8510000000000004
2.513
2.9219999999999997
2.696
2.575
2.77
2.87
2.628
2.734
2.7939999999999996
2.562
2.7230000000000003
2.4419999999999997
2.7310000000000003
2.6839999999999997
2.252
2.654
2.7260000000000004
2.998
2.935
2.5789999999999997
2.9989999999999997
2.81
2.571
2.802
2.6289999999999996
2.702
2.8
2.823
2.708
2.935
2.7119999999999997
2.713
2.832
2.254
2.8289999999999997
2.877
2.397
2.804
2.594
2.528
2.5860000000000003
2.609
2.938
2.738
2.617
2.5869999999999997
3.02
2.6910000000000003
2.785
2.827
2.806
2.678
2.577
2.5839999999999996
2.5180000000000002
2.677
2.752
2.825
2.865
2.67
2.635
2.878
2.5069999999999997
3.051
2.673
2.764
2.593
2.707
2.714
2.6510000000000002
2.258
2.516
2.81
2.441
2.582
2.855
2.895
2.7960000000000003
2.6069999999999998
2.875
2.517
2.889
3.0580000000000003
2.491
2.728
2.436
2.8080000000000003
2.681
2.762
2.7769999999999997
2.858
2.822
2.766
2.763
2.8819999999999997
2.4930000000000003
2.483
2.7260000000000004
3.048
2.471
2.659
2.628
2.833
2.957
2.785
2.8939999999999997
2.977
2.6860000000000004
2.414
2.915
2.823
2.66
2.7739999999999996
2.553
2.725
2.5610000000000004
2.5860000000000003
2.504
2.4090000000000003
2.79
2.733
2.872
2.833
2.8689999999999998
2.782
3.0810000000000004
2.77
2.605
2.627
2.8930000000000002
2.83
2.532
2.7769999999999997
3.029
2.785
2.9330000000000003
2.85
2.7289999999999996
2.5540000000000003
2.4090000000000003
2.7489999999999997
2.5610000000000004
2.907
2.602
3.014
2.552
2.5860000000000003
2.46
2.735
2.891
2.7430000000000003
2.6010000000000004
2.6239999999999997
2.738
2.9419999999999997
2.574
2.855
2.998
2.048
2.847
2.6510000000000002
2.728
2.7260000000000004
3.0389999999999997
2.9330000000000003
2.781
2.86
2.255
2.296
3.1180000000000003
2.399
2.642
2.6489999999999996
2.597
2.6689999999999996
2.6639999999999997
2.8280000000000003
3.103
2.89
2.773
2.475
2.972
2.727
2.84
2.74
2.761
2.6060000000000003
2.716
2.9560000000000004
2.8689999999999998
2.844
2.807
2.5340000000000003
2.064
2.9019999999999997
2.418
2.7769999999999997
2.784
2.8360000000000003
3.069
2.773
2.349
2.3890000000000002
2.8560000000000003
2.79
2.647
2.267
2.6910000000000003
2.833
2.6860000000000004
2.805
2.424
2.887
2.66
2.9939999999999998
2.7760000000000002
2.6310000000000002
2.824
2.786
2.642
2.91
2.397
2.861
2.5789999999999997
2.6010000000000004
2.597
2.734
2.173
2.877
2.838
2.6210000000000004
2.4859999999999998
3.002
2.642
2.463
2.9930000000000003
2.763
2.917
2.529
2.2030000000000003
2.5869999999999997
2.855
2.785
2.616
2.7319999999999998
2.735
2.8289999999999997
2.8939999999999997
2.802
2.548
2.859
2.504
2.798
2.396
3.08
2.6060000000000003
2.963
2.911
2.622
2.846
2.915
2.8360000000000003
3.02
2.285
2.637
1.96
2.522
2.898
2.98
2.863
2.736
2.908
3.2089999999999996
2.8089999999999997
2.7489999999999997
2.822
2.5839999999999996
2.825
2.546
2.827
2.807
2.825
2.793
2.6010000000000004
2.655
2.8089999999999997
2.735
2.946
2.617
2.7880000000000003
2.614
3.133
2.952
3.0780000000000003
3.04
2.846
2.6180000000000003
2.336
2.695
3.2560000000000002
2.416
2.636
2.5810000000000004
2.673
2.694
3.014
2.454
2.7039999999999997
2.9930000000000003
2.655
2.8739999999999997
2.793
2.888
2.469
2.647
2.614
2.937
2.736
2.668
3.176
2.552
2.772
2.7119999999999997
2.915
2.758
2.685
2.803
2.928
2.516
2.6430000000000002
2.932
3.0069999999999997
2.908
2.668
2.6310000000000002
2.818
2.861
2.752
2.945
2.571
2.592
2.971
2.78
2.6180000000000003
2.552
2.92
2.8680000000000003
2.6
2.87
2.638
2.702
2.967
2.53
2.9930000000000003
2.79
2.679
2.741
2.728
2.6239999999999997
2.64
2.74
2.345
2.917
2.748
2.244
2.688
2.825
2.83
2.873
2.805
2.7939999999999996
2.82
2.7289999999999996
2.785
2.457
2.441
2.786
2.7039999999999997
2.84
2.786
2.892
2.565
2.506
2.9610000000000003
2.89
2.8
2.863
2.705
2.895
2.455
2.799
2.6510000000000002
2.617
2.714
2.254
2.9160000000000004
2.58
2.8710000000000004
2.799
2.705
2.859
2.968
2.476
2.875
2.7260000000000004
2.7560000000000002
2.908
2.9139999999999997
2.781
2.912
2.694
2.5860000000000003
2.912
2.642
2.416
2.8819999999999997
2.908
2.935
2.273
2.833
2.71
2.65
2.845
2.628
2.966
2.6860000000000004
2.6719999999999997
2.6189999999999998
2.87
2.405
3.089
3.02
2.8339999999999996
2.781
2.611
2.7110000000000003
2.639
2.7910000000000004
2.987
2.96
2.8
2.71
2.8760000000000003
2.8289999999999997
2.8689999999999998
2.559
2.55
2.6460000000000004
2.898
2.7060000000000004
2.25
2.97
2.7510000000000003
2.608
2.943
2.8160000000000003
2.986
2.55
2.722
2.559
2.553
2.925
2.9410000000000003
2.767
2.813
2.544
2.416
2.53
2.447
2.7430000000000003
2.76
2.617
2.492
2.8280000000000003
2.736
2.991
3.0989999999999998
2.7439999999999998
2.6060000000000003
2.7430000000000003
2.8089999999999997
2.668
2.873
2.7030000000000003
2.7439999999999998
2.6310000000000002
2.803
2.191
2.813
2.892
2.5989999999999998
2.57
2.806
2.783
2.63
2.926
2.7230000000000003
2.84
2.585
2.7680000000000002
2.853
2.504
2.6639999999999997
2.75
2.682
2.7689999999999997
2.7460000000000004
2.767
2.51
2.8760000000000003
2.802
2.349
2.7460000000000004
2.61
2.9539999999999997
2.9619999999999997
2.841
3.153
2.6260000000000003
2.9019999999999997
2.8939999999999997
2.89
2.8560000000000003
2.8280000000000003
3.054
2.735
2.758
2.9739999999999998
2.6830000000000003
2.9330000000000003
2.912
2.82
2.6289999999999996
2.701
2.7880000000000003
2.897
2.832
2.958
2.697
2.58
2.66
2.437
2.906
2.6689999999999996
2.926
2.812
2.497
2.7910000000000004
2.695
2.531
2.735
2.7439999999999998
2.845
2.949
2.847
2.888
2.4530000000000003
2.506
2.827
2.762
3.0269999999999997
2.727
2.727
2.6889999999999996
2.574
2.7430000000000003
2.708
3.008
2.803
2.9339999999999997
2.289
2.822
2.853
2.5839999999999996
2.596
2.5540000000000003
2.925
2.735
2.8
2.812
2.795
2.52
2.8939999999999997
2.955
2.635
2.454
2.877
2.93
2.4819999999999998
2.87
2.6460000000000004
2.6439999999999997
2.653
2.745
2.516
2.6260000000000003
2.826
3.1719999999999997
2.6830000000000003
2.844
2.8310000000000004
2.675
2.733
2.8819999999999997
2.903
2.7710000000000004
2.7880000000000003
2.924
2.679
2.6489999999999996
2.176
3.0039999999999996
2.8819999999999997
2.513
2.595
3.0189999999999997
3.005
2.842
2.7
2.7689999999999997
2.7089999999999996
2.6039999999999996
2.87
2.7680000000000002
2.635
2.935
2.872
2.53
2.702
2.444
2.511
2.66
2.6460000000000004
2.823
2.6430000000000002
2.8819999999999997
2.7710000000000004
2.56
2.642
2.544
2.9789999999999996
2.525
2.318
2.595
2.906
2.8489999999999998
2.717
3.245
2.662
2.529
3.0239999999999996
3.08
2.615
2.738
2.738
2.7689999999999997
2.7489999999999997
2.9010000000000002
2.562
2.8280000000000003
2.764
2.8480000000000003
2.668
3.028
2.803
2.7089999999999996
2.932
2.494
2.591
2.8680000000000003
2.693
2.524
2.812
2.943
2.822
2.8160000000000003
2.958
2.863
2.8310000000000004
2.948
2.655
2.734
2.68
2.296
2.759
3.04
2.721
2.8339999999999996
2.727
2.95
2.687
2.6630000000000003
3.0239999999999996
2.7889999999999997
2.8930000000000002
2.673
2.503
2.963
2.918
2.454
2.553
2.45
2.992
2.783
2.69
2.6239999999999997
2.859
2.613
2.36
3.023
2.638
2.991
2.613
2.7710000000000004
2.582
2.7439999999999998
2.608
2.715
2.722
2.154
2.738
2.761
2.7710000000000004
2.7710000000000004
2.81
2.8510000000000004
2.7489999999999997
2.891
2.8
2.82
2.903
2.488
2.8160000000000003
2.778
2.801
2.745
2.739
2.531
2.499
2.394
2.947
2.642
2.6460000000000004
2.698
3.028
1.405
2.8760000000000003
2.7769999999999997
2.787
2.697
2.889
2.572
2.488
2.802
2.852
2.805
2.437
2.93
2.6889999999999996
2.7489999999999997
2.452
2.314
2.798
2.761
2.873
3.016
2.87
2.583
2.87
2.545
2.6830000000000003
2.685
2.884
2.5580000000000003
2.609
2.7560000000000002
2.927
2.478
2.6660000000000004
2.615
2.654
2.436
2.755
2.5989999999999998
2.9010000000000002
2.549
2.878
2.85
2.324
2.884
2.64
2.679
2.904
2.798
3.049
2.9419999999999997
2.8810000000000002
2.9130000000000003
2.81
2.792
2.815
2.5780000000000003
2.577
2.658
2.589
2.89
2.819
2.69
2.949
2.8569999999999998
2.656
2.458
2.736
2.77
2.917
2.766
2.4
2.416
2.259
2.459
2.46
3.253
2.8689999999999998
2.641
2.7
2.762
2.681
2.6510000000000002
2.865
2.7319999999999998
2.4419999999999997
2.888
2.875
2.6660000000000004
2.69
2.766
2.7460000000000004
2.9589999999999996
2.699
2.5639999999999996
2.755
2.761
2.9139999999999997
2.765
2.719
2.612
2.396
2.764
2.803
2.8819999999999997
2.229
2.807
2.645
2.705
2.56
2.72
2.738
3.0439999999999996
2.969
2.883
2.484
2.7880000000000003
2.7889999999999997
2.67
2.574
2.792
2.291
2.697
2.508
2.74
2.694
3.022
2.668
2.354
2.82
2.8089999999999997
2.983
3.057
2.6460000000000004
2.969
2.82
2.66
2.905
2.675
2.7430000000000003
3.011
2.569
2.859
2.6430000000000002
2.773
2.801
2.605
2.86
2.838
2.46
2.52
2.736
2.569
2.681
2.806
2.742
2.773
2.965
2.5269999999999997
2.67
2.4290000000000003
2.657
2.7960000000000003
2.5380000000000003
2.263
2.5810000000000004
2.951
2.612
2.633
2.759
2.801
2.423
2.511
2.572
2.6430000000000002
2.83
2.931
2.853
3.234
2.741
2.74
2.33
2.8289999999999997
2.366
2.617
2.884
2.779
2.866
3.012
2.438
2.745
2.792
2.898
2.5580000000000003
2.897
2.9019999999999997
2.9960000000000004
2.144
2.8569999999999998
2.752
2.938
2.752
2.88
2.296
2.633
2.764
2.595
2.617
2.532
2.471
2.822
3.0189999999999997
2.758
2.378
1.641
2.615
2.539
2.859
2.3819999999999997
2.694
2.8339999999999996
2.7460000000000004
2.638
2.5869999999999997
2.642
3.139
2.449
2.9410000000000003
2.303
2.44
2.9610000000000003
2.89
2.5340000000000003
2.71
2.708
2.764
2.818
2.694
2.846
2.752
2.909
2.907
2.609
2.4619999999999997
2.7539999999999996
2.755
2.553
2.638
2.847
2.302
2.568
2.2640000000000002
2.734
2.89
2.6919999999999997
2.6069999999999998
2.5789999999999997
2.662
2.4930000000000003
2.925
2.5780000000000003
2.944
2.739
3.187
2.725
2.864
2.717
2.68
2.68
2.673
2.677
2.718
2.8110000000000004
2.722
3.091
2.678
2.801
2.85
2.841
2.877
2.5069999999999997
2.568
2.549
2.6430000000000002
2.9019999999999997
3.025
2.634
2.412
2.861
2.5839999999999996
2.8539999999999996
2.591
2.431
2.895
2.911
2.522
2.675
2.3890000000000002
2.7110000000000003
2.6260000000000003
2.5660000000000003
2.804
2.8989999999999996
2.496
2.775
2.677
2.53
2.772
2.764
2.7230000000000003
2.955
2.661
2.813
2.9330000000000003
2.569
2.529
2.946
2.685
2.3609999999999998
2.617
2.3040000000000003
2.573
3.074
2.755
2.6260000000000003
2.93
2.722
3.0039999999999996
2.41
2.648
2.864
2.847
2.7710000000000004
2.6639999999999997
3.049
2.7119999999999997
2.7939999999999996
2.634
2.3819999999999997
2.7510000000000003
2.995
2.056
2.88
2.32
2.948
2.302
2.445
2.66
2.844
2.784
2.494
2.9419999999999997
2.668
2.89
2.4419999999999997
3.033
2.812
2.842
3.048
3.025
2.628
2.675
2.539
2.5540000000000003
2.8819999999999997
2.495
2.6060000000000003
2.8310000000000004
2.592
2.234
2.822
2.784
2.681
2.6010000000000004
2.735
2.504
2.819
2.6180000000000003
2.7760000000000002
2.863
2.917
2.801
3.008
2.708
2.6430000000000002
2.574
2.782
2.64
2.806
2.6310000000000002
2.702
2.6710000000000003
2.426
2.515
2.546
2.452
2.6830000000000003
2.592
2.8510000000000004
2.4619999999999997
2.825
2.824
2.716
2.801
2.635
2.508
2.806
2.8310000000000004
2.511
2.887
2.678
2.807
2.6510000000000002
2.4
2.815
2.657
2.707
1.839
2.94
2.7880000000000003
2.888
2.5810000000000004
3.0189999999999997
2.512
3.089
2.766
2.681
2.964
2.781
2.582
2.835
2.6289999999999996
2.5780000000000003
2.722
2.748
2.693
2.6069999999999998
2.928
2.471
2.67
2.233
2.6489999999999996
2.784
2.5380000000000003
2.696
2.4619999999999997
2.494
2.8960000000000004
2.71
2.819
2.57
2.736
2.647
2.381
2.252
2.7030000000000003
2.333
2.866
3.182
2.52
2.6510000000000002
2.637
1.492
2.9619999999999997
2.745
2.883
2.736
2.716
2.76
2.838
2.925
2.5789999999999997
2.8139999999999996
2.4219999999999997
2.923
2.456
2.85
