2.568
2.492
2.9010000000000002
2.458
2.977
2.826
2.364
2.265
2.39
2.861
2.5860000000000003
2.58
2.786
2.778
2.728
2.6830000000000003
2.542
2.792
2.7689999999999997
2.36
2.47
2.155
2.41
2.85
2.543
2.862
2.559
2.7230000000000003
2.6910000000000003
2.839
2.51
2.575
2.602
2.5269999999999997
2.739
2.77
2.674
2.261
2.7710000000000004
2.48
2.6489999999999996
2.6260000000000003
2.444
2.6430000000000002
2.907
2.588
2.98
2.928
2.8369999999999997
2.38
2.8360000000000003
2.5140000000000002
2.311
2.559
2.364
2.83
2.59
2.414
2.5780000000000003
2.9530000000000003
2.955
2.781
2.577
2.6919999999999997
2.806
2.548
2.8710000000000004
2.6519999999999997
2.7910000000000004
2.6310000000000002
2.456
2.713
2.8960000000000004
2.4459999999999997
2.431
2.627
2.9160000000000004
2.645
2.718
2.7889999999999997
2.656
2.943
2.391
2.937
2.562
2.425
2.648
2.405
2.6889999999999996
2.417
2.9930000000000003
2.9389999999999996
2.465
2.8089999999999997
2.487
2.6039999999999996
2.234
2.721
2.6289999999999996
3.0669999999999997
2.773
2.7319999999999998
2.853
2.4
2.656
2.8360000000000003
2.7039999999999997
2.734
2.591
2.722
2.537
2.6180000000000003
2.779
2.5269999999999997
2.569
2.645
2.7510000000000003
2.734
2.511
2.7760000000000002
3.0389999999999997
2.471
2.355
2.682
2.612
2.625
2.713
2.6060000000000003
2.6239999999999997
2.8689999999999998
2.735
2.6069999999999998
2.7039999999999997
2.428
2.84
2.775
2.863
2.471
2.463
2.5269999999999997
2.701
2.5989999999999998
2.762
2.6910000000000003
2.84
2.449
2.7
2.654
2.611
2.694
2.55
2.676
2.489
2.5839999999999996
2.426
2.373
2.866
2.693
2.65
2.661
2.532
2.8989999999999996
2.56
2.847
2.792
2.93
2.378
2.7710000000000004
2.5340000000000003
2.344
2.7119999999999997
2.4859999999999998
2.657
2.752
3.0260000000000002
2.6910000000000003
2.543
2.7439999999999998
2.784
2.707
2.431
2.6239999999999997
2.594
2.5610000000000004
2.747
2.5380000000000003
2.47
2.503
2.557
2.611
2.571
2.5380000000000003
2.4819999999999998
2.69
2.562
2.7969999999999997
2.546
2.484
2.4730000000000003
2.416
2.685
2.7880000000000003
3.062
2.61
2.7089999999999996
2.401
2.758
2.8369999999999997
2.529
2.7310000000000003
2.7510000000000003
2.9139999999999997
2.416
2.7
2.676
2.67
2.7439999999999998
2.741
2.759
2.544
2.502
2.662
2.603
2.665
2.716
2.436
2.5780000000000003
2.812
2.562
2.71
2.9530000000000003
2.682
2.698
2.967
2.41
2.9010000000000002
2.4019999999999997
2.72
2.929
2.6189999999999998
2.803
2.725
2.611
2.716
2.3930000000000002
2.5639999999999996
2.42
2.929
2.6060000000000003
2.784
2.805
3.2
2.54
2.675
2.42
2.648
2.62
2.6910000000000003
2.596
2.727
2.622
2.705
2.745
2.6689999999999996
2.574
2.571
2.516
2.779
2.9210000000000003
3.205
2.9
2.685
3.307
2.9419999999999997
2.864
2.2359999999999998
2.542
2.8289999999999997
2.569
2.63
2.716
2.55
2.783
2.873
2.318
2.495
2.641
2.481
2.859
2.397
2.661
2.676
3.1830000000000003
2.6510000000000002
2.335
2.583
3.36
2.428
2.616
2.5140000000000002
2.48
2.7289999999999996
2.397
2.2430000000000003
2.884
2.613
2.36
2.569
2.3169999999999997
2.443
2.5839999999999996
2.5789999999999997
2.6460000000000004
2.741
2.944
2.82
2.7710000000000004
2.76
2.375
2.7539999999999996
2.6439999999999997
2.738
2.7910000000000004
2.416
2.4659999999999997
2.784
2.862
2.576
2.487
2.6260000000000003
2.605
2.497
2.73
3.012
2.3569999999999998
2.291
2.7460000000000004
2.375
2.485
2.625
2.5380000000000003
2.674
2.213
2.45
2.375
2.821
2.398
2.864
2.278
2.459
2.478
2.373
2.775
2.67
2.548
2.807
2.605
2.72
2.396
2.775
2.29
2.873
2.56
2.465
2.612
2.752
2.435
2.63
2.364
2.77
2.457
2.7289999999999996
2.861
2.819
2.733
2.355
2.7969999999999997
2.792
2.766
2.5340000000000003
2.716
2.648
2.608
2.957
2.843
2.637
2.739
2.636
2.6189999999999998
2.803
2.612
2.454
2.494
2.506
2.647
2.394
2.5789999999999997
2.44
2.381
2.221
2.571
2.481
2.468
2.8289999999999997
2.5540000000000003
2.4930000000000003
2.762
3.215
2.481
2.7769999999999997
2.511
2.755
2.477
2.83
2.614
2.7110000000000003
2.888
2.6830000000000003
2.595
2.408
2.7030000000000003
2.6460000000000004
2.592
2.6039999999999996
2.636
2.571
2.707
2.5540000000000003
3.148
2.435
2.7439999999999998
2.654
2.562
2.199
2.87
2.477
2.76
2.3080000000000003
2.843
2.5
2.778
2.74
2.803
2.685
2.802
2.742
2.426
2.5839999999999996
2.634
2.456
2.7310000000000003
2.3209999999999997
2.4090000000000003
2.364
2.6630000000000003
2.602
2.565
2.519
2.964
2.38
2.838
2.783
