2.527
2.652
2.508
2.46
2.399
2.641
2.661
2.518
2.447
2.583
2.386
2.658
2.463
2.33
2.529
2.604
2.589
2.507
2.7710000000000004
2.764
2.524
2.627
2.427
2.563
2.628
2.0780000000000003
2.494
2.533
2.667
2.688
2.614
2.505
2.704
2.781
2.882
2.225
2.434
2.403
2.518
2.62
2.464
2.675
2.795
2.647
2.857
2.712
2.455
2.458
2.715
2.347
2.515
2.76
2.638
2.652
2.494
2.286
2.343
2.61
2.969
2.36
2.659
2.73
2.676
2.52
2.749
2.636
2.392
2.692
2.643
2.701
2.612
2.609
2.793
3.089
2.651
2.71
2.6460000000000004
2.676
2.689
2.636
2.557
2.521
2.736
2.676
2.3280000000000003
2.535
2.77
2.673
2.6180000000000003
2.589
2.565
2.494
3.048
2.62
2.633
2.553
2.787
2.362
2.564
2.422
2.488
2.5810000000000004
2.769
2.778
2.681
1.619
2.595
2.826
2.555
2.513
2.391
2.744
2.577
2.823
2.335
2.682
2.826
2.564
2.962
2.685
2.718
2.779
2.7060000000000004
2.732
2.497
2.6710000000000003
2.725
2.754
2.563
2.8080000000000003
2.456
2.86
2.803
2.312
2.337
2.551
2.717
2.6010000000000004
2.591
3.0010000000000003
2.504
2.522
2.369
2.501
2.443
2.615
2.568
2.695
2.585
2.744
2.79
2.567
2.76
2.49
2.707
2.802
2.629
2.875
2.747
2.638
2.636
2.441
2.79
2.448
2.519
2.82
2.64
2.719
2.529
2.553
2.5380000000000003
2.656
2.744
2.519
2.625
2.693
2.391
2.732
2.9160000000000004
2.222
2.83
2.7030000000000003
2.699
2.855
2.588
2.507
2.488
2.729
2.675
2.595
2.657
2.685
2.8560000000000003
2.544
2.539
2.774
2.543
2.8160000000000003
2.68
2.826
2.6260000000000003
2.805
2.487
2.525
2.576
2.458
2.802
2.582
2.573
2.872
2.653
2.599
2.758
2.88
2.8680000000000003
2.356
2.874
2.697
2.698
2.69
2.637
2.79
2.451
2.793
2.6210000000000004
2.7710000000000004
2.719
2.734
2.676
2.7
2.496
2.375
2.415
2.427
2.747
2.653
2.862
2.511
2.6660000000000004
2.241
2.327
2.764
2.552
2.588
2.4930000000000003
2.76
2.785
2.5610000000000004
2.702
2.603
2.664
2.623
2.591
2.722
2.63
2.536
2.65
2.414
2.901
2.447
2.639
2.877
2.56
2.465
2.455
2.6060000000000003
2.6910000000000003
2.677
2.862
2.299
2.75
2.81
2.476
2.568
2.559
2.853
2.83
2.542
2.687
2.794
2.6260000000000003
2.634
2.6630000000000003
2.6630000000000003
2.874
2.535
2.293
2.719
2.443
2.443
2.7710000000000004
2.587
2.347
2.564
2.664
2.172
2.693
2.826
2.714
2.477
2.633
2.917
2.877
2.962
2.7310000000000003
2.715
2.569
2.6910000000000003
2.6830000000000003
2.411
2.54
2.818
2.681
2.425
2.527
2.54
2.283
2.612
2.523
2.568
2.859
2.664
2.829
2.599
2.777
2.69
2.545
2.393
2.611
2.334
2.314
2.716
2.8080000000000003
2.732
2.478
2.6630000000000003
2.7030000000000003
2.739
2.465
2.818
2.822
2.696
2.351
2.7960000000000003
2.725
2.697
2.8080000000000003
2.443
2.431
2.264
2.79
2.767
2.627
2.67
2.675
2.8560000000000003
2.712
2.5610000000000004
2.603
2.747
2.499
2.694
2.495
2.91
2.456
2.895
2.713
2.4090000000000003
2.805
2.644
2.5380000000000003
3.035
2.6180000000000003
2.6180000000000003
2.652
2.532
2.648
2.669
2.826
2.78
2.658
3.014
2.658
2.591
2.633
2.789
2.636
2.3680000000000003
2.887
2.535
2.782
2.738
2.633
2.622
2.729
2.829
2.68
2.491
2.567
2.729
2.4530000000000003
2.675
2.819
2.4
2.378
2.509
2.476
2.459
2.625
2.608
2.729
2.565
2.645
2.785
2.638
2.616
2.717
2.5660000000000003
2.873
2.468
2.647
2.805
2.766
2.351
2.7230000000000003
2.62
2.802
2.914
2.563
2.724
2.845
2.533
2.463
2.5660000000000003
3.015
2.571
2.435
3.016
2.614
2.533
2.841
2.594
2.793
2.652
2.753
2.6630000000000003
2.762
2.505
2.466
2.9210000000000003
2.613
2.696
2.7030000000000003
2.694
2.867
2.77
2.6180000000000003
2.68
2.705
2.5810000000000004
2.678
2.619
2.716
2.694
2.454
2.636
2.9930000000000003
2.612
2.654
2.707
2.713
2.5340000000000003
2.676
2.654
2.705
2.769
2.614
2.233
2.901
2.52
2.583
2.789
2.6660000000000004
2.657
2.749
2.639
2.717
2.824
2.241
2.7710000000000004
2.637
2.501
2.432
2.757
2.8310000000000004
2.812
2.463
2.784
2.955
2.55
2.869
2.7230000000000003
2.728
2.708
2.501
2.571
2.6860000000000004
2.585
2.448
2.656
2.721
2.57
2.629
2.49
2.727
2.636
2.713
2.592
2.7
2.82
2.781
2.9960000000000004
2.176
2.659
2.712
2.364
2.89
2.366
2.623
2.6180000000000003
2.487
2.434
2.44
2.7880000000000003
2.5660000000000003
2.574
2.809
2.478
2.65
2.752
2.855
2.426
2.837
2.747
2.687
2.8280000000000003
2.814
2.722
2.907
2.273
2.547
2.665
2.795
2.682
2.547
2.527
2.428
2.655
2.685
2.889
2.748
2.697
2.71
2.6060000000000003
2.349
2.658
2.512
2.69
2.7460000000000004
2.71
2.484
2.377
2.757
2.787
2.539
2.91
2.733
2.763
2.245
2.032
2.762
2.649
2.725
2.461
2.229
2.615
2.627
2.766
2.765
2.636
2.494
2.595
2.426
2.02
2.36
2.448
2.469
2.982
2.5980000000000003
2.798
2.739
2.591
2.6060000000000003
2.6180000000000003
2.501
2.92
2.585
2.472
2.798
2.7310000000000003
2.451
2.641
2.758
2.71
2.523
2.652
2.608
2.881
2.782
2.489
2.5780000000000003
2.57
2.627
2.613
2.392
2.696
2.5580000000000003
2.9210000000000003
2.541
2.5610000000000004
2.632
2.697
2.9560000000000004
2.6260000000000003
2.574
2.549
2.501
2.635
2.464
2.572
3.033
2.728
2.971
2.649
2.589
2.55
2.5860000000000003
2.7110000000000003
2.56
2.729
2.7960000000000003
2.452
2.834
2.609
2.76
2.506
2.717
2.755
2.441
2.878
2.7
2.695
2.189
2.459
2.7460000000000004
2.675
2.6060000000000003
2.63
2.589
2.733
2.59
2.787
2.551
2.909
2.442
2.337
2.651
2.658
2.695
2.7230000000000003
2.689
2.623
2.544
2.605
2.6210000000000004
2.774
2.692
2.536
2.385
2.589
2.7880000000000003
2.421
2.662
2.28
2.7510000000000003
2.529
2.411
2.59
2.841
2.724
2.55
2.923
2.588
2.929
2.596
2.702
2.873
2.658
2.52
2.693
2.739
2.684
2.494
2.2230000000000003
2.769
2.515
2.584
2.463
2.391
2.737
2.908
2.519
2.658
2.778
2.745
2.639
2.605
2.623
2.998
2.617
2.46
2.4290000000000003
2.776
2.772
2.603
2.248
2.334
2.498
2.451
2.545
2.575
2.818
2.673
2.754
2.883
2.707
2.906
2.776
2.61
2.795
2.532
2.704
2.657
2.357
2.844
2.736
2.748
2.752
2.709
2.546
2.156
2.396
2.714
2.452
1.992
2.54
2.7110000000000003
2.436
2.68
2.383
2.553
2.779
2.717
2.27
2.8110000000000004
2.6
2.476
2.825
2.662
2.815
2.126
2.754
2.514
2.704
2.659
2.767
2.943
2.603
2.607
2.377
2.492
2.914
2.562
2.343
2.549
2.773
2.696
2.863
2.582
2.915
2.759
2.661
2.6910000000000003
2.77
2.672
2.625
2.786
2.624
2.439
2.334
2.616
2.719
2.497
2.6630000000000003
2.519
1.897
2.753
2.568
2.537
2.863
2.7310000000000003
2.924
2.6660000000000004
2.526
2.564
2.692
2.745
2.613
2.353
2.667
2.6860000000000004
2.713
2.824
2.633
2.754
2.675
2.542
2.692
2.596
2.802
2.71
2.571
2.652
2.314
2.55
2.648
2.801
2.624
2.692
2.518
2.5660000000000003
2.786
2.879
2.209
2.9210000000000003
2.98
2.61
2.719
2.719
2.637
2.31
1.943
2.522
2.619
2.69
2.6710000000000003
2.778
2.404
2.863
2.887
2.674
2.377
2.695
2.292
2.757
2.529
2.713
2.767
2.516
2.5810000000000004
1.818
2.897
2.588
2.539
2.786
2.55
2.741
2.356
2.563
2.583
2.505
2.681
2.708
2.793
2.7460000000000004
2.86
2.7230000000000003
2.704
2.623
2.515
2.65
2.6710000000000003
2.599
2.435
2.715
2.587
2.522
2.761
2.543
2.592
2.638
2.603
2.539
2.898
2.778
2.699
2.849
2.754
2.524
2.544
2.97
2.693
2.5340000000000003
2.68
2.597
2.448
2.599
2.937
2.49
2.351
2.63
2.551
2.829
2.839
2.958
2.503
2.6060000000000003
2.579
2.682
2.569
2.839
3.06
2.338
2.922
2.419
2.812
2.985
2.537
2.499
2.741
2.761
2.864
2.763
2.594
2.755
2.625
2.732
2.809
2.568
2.56
2.697
2.404
2.488
2.753
2.607
2.463
2.454
2.514
2.608
2.648
2.553
2.576
2.7
3.02
2.545
2.733
2.689
2.6010000000000004
2.327
2.658
2.696
2.407
2.622
2.388
2.6010000000000004
2.616
2.384
2.542
2.8360000000000003
2.757
2.573
2.712
2.702
2.717
2.511
2.895
2.4530000000000003
2.612
2.616
2.628
2.677
2.623
2.672
2.541
2.633
2.642
2.772
2.5780000000000003
2.68
2.587
2.54
2.392
2.62
2.752
2.655
2.758
2.43
2.952
2.605
2.678
2.754
2.528
2.7510000000000003
2.71
2.448
2.758
2.704
2.5580000000000003
2.732
2.658
2.469
3.19
2.739
2.64
2.617
2.716
2.697
2.64
2.592
2.9160000000000004
2.382
2.6460000000000004
2.522
2.556
2.443
2.864
2.815
2.567
2.668
2.547
2.555
2.644
2.627
2.8510000000000004
2.632
2.6630000000000003
2.714
2.721
2.5660000000000003
2.925
2.69
2.735
2.6210000000000004
2.71
2.798
2.483
2.514
2.677
2.303
2.7510000000000003
2.6210000000000004
2.467
2.299
2.487
2.773
2.546
2.66
2.664
2.687
2.757
2.717
2.765
2.439
2.76
2.863
2.39
2.739
2.333
2.518
2.443
2.713
2.526
2.543
2.638
2.6
2.638
2.3480000000000003
2.641
2.735
2.49
2.767
2.679
2.574
2.594
2.928
2.526
2.754
2.611
2.765
2.261
2.892
2.7460000000000004
2.567
2.415
2.693
2.735
2.358
2.825
2.5810000000000004
2.692
2.57
2.535
2.773
2.642
2.637
2.485
2.5660000000000003
2.5860000000000003
2.505
2.5580000000000003
2.821
2.737
2.769
2.56
2.826
2.468
2.834
2.643
2.685
2.516
2.645
2.821
2.86
2.445
2.289
2.592
2.7430000000000003
2.967
2.539
2.647
2.667
2.8280000000000003
2.739
2.623
2.614
2.59
2.592
2.747
2.485
2.769
2.67
2.689
2.628
2.5660000000000003
2.589
2.619
2.8
2.813
2.585
2.517
2.637
2.535
2.772
2.917
2.718
2.894
2.687
2.786
2.408
2.436
2.637
2.813
2.795
2.347
2.645
2.573
2.627
2.559
2.494
2.638
2.446
2.786
2.649
2.608
2.882
2.406
2.676
2.399
2.824
2.424
2.767
2.64
2.649
2.676
2.759
2.676
2.742
2.49
2.898
2.392
2.657
2.654
2.479
2.6060000000000003
2.389
2.739
2.761
2.88
2.9210000000000003
2.9360000000000004
2.59
2.494
2.415
2.911
2.592
2.93
2.741
2.839
2.656
2.647
2.822
2.587
2.494
2.952
2.656
2.472
2.443
2.4730000000000003
2.588
2.8680000000000003
2.5860000000000003
2.668
2.472
2.162
2.784
2.7060000000000004
2.632
2.681
2.386
2.532
2.492
2.689
2.311
2.6860000000000004
2.611
2.628
2.3280000000000003
2.986
2.541
2.458
2.753
2.3480000000000003
2.9210000000000003
2.59
2.548
2.717
2.637
2.861
2.584
2.924
2.405
2.574
2.685
2.694
2.481
2.544
2.65
2.667
2.8680000000000003
2.736
2.279
2.942
2.678
2.577
2.619
2.881
2.865
2.574
2.84
2.384
2.689
2.605
2.716
2.513
2.56
2.68
2.704
2.569
2.859
2.707
2.807
2.783
2.585
2.557
2.659
2.327
2.709
2.85
2.7030000000000003
2.599
2.755
2.644
2.529
2.607
2.8
2.707
2.823
2.777
2.905
2.78
2.736
2.595
2.773
2.7260000000000004
2.659
2.745
2.661
2.568
2.609
2.625
2.377
2.619
2.623
2.755
2.6060000000000003
2.6210000000000004
2.59
2.802
2.5860000000000003
2.76
2.573
2.528
2.575
2.643
2.551
2.713
2.918
2.537
2.749
2.725
2.614
2.532
2.603
2.269
2.91
2.732
2.584
2.635
2.747
2.5810000000000004
2.363
2.345
2.827
2.7110000000000003
2.825
2.7060000000000004
2.837
1.526
2.758
2.712
2.707
2.471
2.849
2.61
2.544
2.5580000000000003
2.724
2.68
2.372
2.714
2.822
2.734
2.256
2.526
2.728
2.778
2.972
2.894
2.712
2.539
2.759
2.511
2.405
2.552
2.728
2.548
2.642
2.553
2.7310000000000003
2.81
2.757
2.521
2.665
2.5580000000000003
2.825
2.688
2.957
2.466
2.7060000000000004
2.506
2.592
2.662
2.602
2.511
2.835
2.658
3.027
2.705
2.657
2.6060000000000003
2.9160000000000004
2.801
2.543
2.589
2.673
2.64
2.465
2.695
2.694
2.9560000000000004
2.705
2.66
3.0210000000000004
2.254
2.79
2.6210000000000004
2.714
2.66
2.4090000000000003
2.555
2.4090000000000003
3.053
2.587
2.99
2.6660000000000004
2.654
2.6830000000000003
2.7310000000000003
2.693
2.49
2.628
2.253
2.196
2.784
2.745
2.672
2.559
2.68
2.738
2.622
2.715
2.309
2.869
2.702
2.793
2.665
2.425
2.655
2.505
2.707
2.678
2.707
2.229
2.4530000000000003
2.729
2.747
2.801
2.62
2.8560000000000003
2.782
2.939
2.5
2.573
2.655
2.767
2.527
2.651
2.4930000000000003
2.627
2.6180000000000003
2.846
2.752
2.658
2.902
2.804
2.583
2.827
2.722
2.583
2.917
2.674
2.772
2.825
2.633
2.863
2.477
2.55
2.972
2.427
2.898
2.401
2.565
2.837
2.533
2.794
2.419
2.709
2.617
2.827
2.595
2.639
2.589
2.579
2.474
2.689
2.451
2.659
2.412
2.536
2.803
2.391
2.414
2.707
2.9560000000000004
2.503
2.535
2.449
2.639
2.485
2.301
2.448
2.55
2.71
2.655
2.787
2.814
2.689
2.54
2.299
2.597
2.33
2.709
2.573
2.6830000000000003
3.048
2.923
2.406
2.78
2.593
3.036
2.401
2.8680000000000003
2.772
2.749
1.947
2.728
2.679
2.824
2.448
2.675
2.476
2.383
1.855
2.629
2.798
2.375
2.86
2.39
2.932
2.504
2.479
1.371
2.735
2.728
2.612
2.404
2.51
2.758
2.7030000000000003
2.673
2.255
2.7880000000000003
2.9610000000000003
2.702
2.842
2.494
2.5810000000000004
2.792
2.889
2.367
2.68
2.693
2.78
2.8480000000000003
2.9130000000000003
2.885
2.927
2.677
2.645
2.641
2.754
2.607
2.582
2.536
2.673
2.668
2.233
2.3480000000000003
2.777
2.75
2.669
2.6260000000000003
2.6210000000000004
2.5340000000000003
2.7510000000000003
2.318
2.966
2.353
2.604
2.776
3.04
2.515
2.895
2.633
2.776
2.55
2.814
2.6260000000000003
2.6460000000000004
2.7710000000000004
2.523
2.7880000000000003
2.471
2.65
2.7460000000000004
2.64
2.502
2.472
2.842
2.498
2.733
2.757
2.83
2.575
2.508
2.441
2.4130000000000003
2.699
2.884
2.612
2.755
2.464
2.779
2.567
2.155
2.539
2.77
2.474
2.52
2.7880000000000003
2.597
2.677
2.654
2.279
2.702
2.682
2.767
2.668
2.675
2.71
2.765
2.427
2.548
2.649
2.542
2.31
2.667
2.592
2.613
2.79
2.677
2.5980000000000003
2.58
2.68
2.922
2.617
2.875
2.867
2.384
2.623
2.693
2.698
2.372
2.73
2.512
2.458
2.688
2.5580000000000003
2.175
2.778
2.235
2.885
2.373
2.7260000000000004
2.5580000000000003
2.722
2.6260000000000003
2.5610000000000004
2.567
2.745
2.865
2.372
2.6910000000000003
2.675
2.662
2.901
2.541
2.628
2.608
2.519
2.585
2.573
2.478
2.557
2.611
2.488
2.468
2.787
2.78
2.416
2.681
2.576
2.685
2.712
2.547
2.562
2.885
2.7030000000000003
2.471
2.8280000000000003
2.631
2.549
2.361
2.639
2.664
2.535
2.544
2.5340000000000003
2.597
2.2840000000000003
2.302
2.704
2.518
2.801
2.37
2.459
2.571
2.716
2.76
2.655
2.54
2.718
2.381
2.654
2.8
2.59
2.837
2.594
2.738
2.676
2.441
2.7260000000000004
2.56
2.614
2.62
2.844
2.507
2.632
2.56
2.67
2.673
2.877
2.445
2.512
2.592
2.613
2.576
2.7060000000000004
2.495
2.53
2.556
2.694
2.774
2.869
2.864
2.462
2.869
2.546
2.556
2.638
2.6460000000000004
2.629
2.4
2.625
2.837
2.699
2.967
3.005
2.7510000000000003
2.607
2.555
2.194
2.656
2.5
2.7060000000000004
2.661
2.481
2.577
2.4090000000000003
1.665
2.667
2.631
2.648
2.6710000000000003
2.622
2.714
2.6860000000000004
2.843
2.757
2.616
2.436
2.802
2.437
2.8110000000000004
