2.552274026460021439e+00
2.484856939292469757e+00
2.684478533548026569e+00
2.543168206096016348e+00
2.694197078015284408e+00
2.686419428177485358e+00
2.661731634332567431e+00
2.530051241265000250e+00
2.737539095441171355e+00
2.667667427435262528e+00
2.657263794775711840e+00
2.486797833921928103e+00
2.666982339242969680e+00
2.671841611476598377e+00
2.691278700411114055e+00
2.652404522542083143e+00
2.506641435736982615e+00
2.679619261314397871e+00
2.708774894716171389e+00
2.413908750417494975e+00
2.544078785652315933e+00
2.436264216956181006e+00
2.613138911996278679e+00
2.686419428177485358e+00
2.659790739703109530e+00
2.686419428177485358e+00
2.676700883710227075e+00
2.703915622482542247e+00
2.684478533548026569e+00
2.700997244878371895e+00
2.684478533548026569e+00
2.657263794775711840e+00
2.666982339242969680e+00
2.674212976856327639e+00
2.700997244878371895e+00
2.676700883710227075e+00
2.608996953606847136e+00
2.574264734127247767e+00
2.691278700411114055e+00
2.606338745133191637e+00
2.691278700411114055e+00
2.642685978074825304e+00
2.705856517112000592e+00
2.684478533548026569e+00
2.745913197894139568e+00
2.747257639908429194e+00
2.657263794775711840e+00
2.684478533548026569e+00
2.531466629412825409e+00
2.570029648028421931e+00
2.676700883710227075e+00
2.637435273164423055e+00
2.613138911996278679e+00
2.699056350248913549e+00
2.578012025403184637e+00
2.662123067009340538e+00
2.674759989080769174e+00
2.519629428791521519e+00
2.514012572694242831e+00
2.679619261314397871e+00
2.734538310085295354e+00
2.681560155943856216e+00
2.674612095756651264e+00
2.663157384196897848e+00
2.733513904990406473e+00
2.477452542414700698e+00
2.671841611476598377e+00
2.689337805781655710e+00
2.729336460859940861e+00
2.674759989080769174e+00
2.563755345936744146e+00
2.428486567118381512e+00
2.713634166949800086e+00
2.659790739703109530e+00
2.661731634332567431e+00
2.575963215213406432e+00
2.666982339242969680e+00
2.580672817877636138e+00
2.671841611476598377e+00
2.684478533548026569e+00
2.674759989080769174e+00
2.708774894716171389e+00
2.598561095295392143e+00
2.684087100871253906e+00
2.665041444613511334e+00
2.549915898907469725e+00
2.515621610289664467e+00
2.460560578124325382e+00
2.462501472753783727e+00
2.501375650622814639e+00
2.708774894716171389e+00
2.681560155943856216e+00
2.622857456463536518e+00
2.669900716847140032e+00
2.691278700411114055e+00
2.682168746314120611e+00
2.470279122591583221e+00
2.522388158991059282e+00
2.647545250308454001e+00
2.693410594489523469e+00
2.708774894716171389e+00
2.647545250308454001e+00
2.681003165786995712e+00
2.479997667058841060e+00
2.657263794775711840e+00
2.722950558940693710e+00
2.689337805781655710e+00
2.671841611476598377e+00
2.642685978074825304e+00
2.684478533548026569e+00
2.642685978074825304e+00
2.676953593130281028e+00
2.686419428177485358e+00
2.593701823061763445e+00
2.684478533548026569e+00
2.652404522542083143e+00
2.686419428177485358e+00
2.652404522542083143e+00
2.491657106155556800e+00
2.729344596707328208e+00
2.685925631835575977e+00
2.671841611476598377e+00
2.598561095295392143e+00
2.677397791968564089e+00
2.642685978074825304e+00
2.680949949904463558e+00
2.689337805781655710e+00
2.686419428177485358e+00
2.520812739557330318e+00
2.660182172379882637e+00
2.645604355678996100e+00
2.691278700411114055e+00
2.705942926978104790e+00
2.710324356668856183e+00
2.671841611476598377e+00
2.700997244878371895e+00
2.691278700411114055e+00
2.588128204878324734e+00
2.689337805781655710e+00
2.662123067009340538e+00
2.705856517112000592e+00
2.550038960802862853e+00
2.467360744987412424e+00
2.689337805781655710e+00
2.662123067009340538e+00
2.536556878859203668e+00
2.700102487551107266e+00
2.623357097053469200e+00
2.680351271481089537e+00
2.642685978074825304e+00
2.645212923002222549e+00
2.665711744954878171e+00
2.681560155943856216e+00
2.640745083445366959e+00
2.626012721416823403e+00
2.679227828637624764e+00
2.676700883710227075e+00
2.506761171411938882e+00
2.660182172379882637e+00
2.684478533548026569e+00
2.655326518525159329e+00
2.657263794775711840e+00
2.694031070862767496e+00
2.669900716847140032e+00
2.652404522542083143e+00
2.655322900146253495e+00
2.484856939292469757e+00
2.764387233415092293e+00
2.468645319370914581e+00
2.654931467469480388e+00
2.665041444613511334e+00
2.698664917572140443e+00
2.681560155943856216e+00
2.713634166949800086e+00
2.572522657105075883e+00
2.569405461893619069e+00
2.745216223698866642e+00
2.703915622482542247e+00
2.664235005125726197e+00
2.479997667058841060e+00
2.635494378534965154e+00
2.654931467469480388e+00
2.669900716847140032e+00
2.574544859377884354e+00
2.689337805781655710e+00
2.679619261314397871e+00
2.559686917426361230e+00
2.713634166949800086e+00
2.679619261314397871e+00
2.705856517112000592e+00
2.666982339242969680e+00
2.573613581992389321e+00
2.684087100871253906e+00
2.658346517927294261e+00
2.681560155943856216e+00
2.713634166949800086e+00
2.705465084435227485e+00
2.699056350248913549e+00
2.540249828491845552e+00
2.577183111731418563e+00
2.647545250308454001e+00
2.681560155943856216e+00
2.554482484200210290e+00
2.694197078015284408e+00
2.703915622482542247e+00
2.515953467323701176e+00
2.660182172379882637e+00
2.671450178799825270e+00
2.540249828491845552e+00
2.716945303803595113e+00
2.713634166949800086e+00
2.686419428177485358e+00
2.654931467469480388e+00
2.711424159477418883e+00
2.652404522542083143e+00
2.681560155943856216e+00
2.689337805781655710e+00
2.739926414826622914e+00
2.543940577956369964e+00
2.477079289454670263e+00
2.598154224331767459e+00
2.662123067009340538e+00
2.642685978074825304e+00
2.660182172379882637e+00
2.657263794775711840e+00
2.564546189659989928e+00
2.589626384513348700e+00
2.669900716847140032e+00
2.462501472753783727e+00
2.712802961873040708e+00
2.713504745695264564e+00
2.676700883710227075e+00
2.691278700411114055e+00
2.752533403003608825e+00
2.499434755993356294e+00
2.689337805781655710e+00
2.640353650768593852e+00
2.531852444306071259e+00
2.679619261314397871e+00
2.577564858828612415e+00
2.708774894716171389e+00
2.491657106155556800e+00
2.650463627912624798e+00
2.689337805781655710e+00
2.616057289600449476e+00
2.679227828637624764e+00
2.575005329910941665e+00
2.686419428177485358e+00
2.689337805781655710e+00
2.694197078015284408e+00
2.671841611476598377e+00
2.721841161935205200e+00
2.714875053807944916e+00
2.666982339242969680e+00
2.472220017221041566e+00
2.700605812201598788e+00
2.689337805781655710e+00
2.686419428177485358e+00
2.666982339242969680e+00
2.618012230213662139e+00
2.684478533548026569e+00
2.700997244878371895e+00
2.581622567332714002e+00
2.645212923002222549e+00
2.695746539967969646e+00
2.669900716847140032e+00
2.632252279744144552e+00
2.686419428177485358e+00
2.655322900146253495e+00
2.655322900146253495e+00
2.666982339242969680e+00
2.719353320969649435e+00
2.704985041675640023e+00
2.676674209904914115e+00
2.652404522542083143e+00
2.561129297226649282e+00
2.501594065902348341e+00
2.652404522542083143e+00
2.632909342015370413e+00
2.692422775438394034e+00
2.699056350248913549e+00
2.647545250308454001e+00
2.666982339242969680e+00
2.734865741033503994e+00
2.562605295030531583e+00
2.677538967449392349e+00
2.443064383819268048e+00
2.608279639762649982e+00
2.662123067009340538e+00
2.639010692598152463e+00
2.652404522542083143e+00
2.686419428177485358e+00
2.535896848851688201e+00
2.703915622482542247e+00
2.654931467469480388e+00
2.703220782822326473e+00
2.688368392765986936e+00
2.537022517551951406e+00
2.676700883710227075e+00
2.666982339242969680e+00
2.734620717837000559e+00
2.666982339242969680e+00
2.540249828491845552e+00
2.504326546280322141e+00
2.662123067009340538e+00
2.647545250308454001e+00
2.567464567264160724e+00
2.549453586435158847e+00
2.549968372959103391e+00
2.613138911996278679e+00
2.611198017366820778e+00
2.662123067009340538e+00
2.676700883710227075e+00
2.477079289454670263e+00
2.679619261314397871e+00
2.666982339242969680e+00
2.647545250308454001e+00
2.689337805781655710e+00
2.489716211526098455e+00
2.655322900146253495e+00
2.666982339242969680e+00
2.594873313773847556e+00
2.679619261314397871e+00
2.418768022651123673e+00
2.657263794775711840e+00
2.713242734273026979e+00
2.694197078015284408e+00
2.443064383819268048e+00
2.523643899588473793e+00
2.618141943869630062e+00
2.505457383091682644e+00
2.499434755993356294e+00
2.703915622482542247e+00
2.735832120570317993e+00
2.564546189659989928e+00
2.616057289600449476e+00
2.660182172379882637e+00
2.545109100725474693e+00
2.613138911996278679e+00
2.713242734273026979e+00
2.739479990070629700e+00
2.662123067009340538e+00
2.418768022651123673e+00
2.737539095441171355e+00
2.630635106301336013e+00
2.637826705841196606e+00
2.593449789827228180e+00
2.642685978074825304e+00
2.562605295030531583e+00
2.604806205517896878e+00
2.509153300460614133e+00
2.460560578124325382e+00
2.647545250308454001e+00
2.756990230359440908e+00
2.665041444613511334e+00
2.684478533548026569e+00
2.637435273164423055e+00
2.674759989080769174e+00
2.583983278594505606e+00
2.666982339242969680e+00
2.455701305890696240e+00
2.665041444613511334e+00
2.681440354186185537e+00
2.530531284024587713e+00
2.548027478329645046e+00
2.674759989080769174e+00
2.494575483759727597e+00
2.686419428177485358e+00
2.399330933716607994e+00
2.702749976018480993e+00
2.588842550828134303e+00
2.691278700411114055e+00
2.671841611476598377e+00
2.686419428177485358e+00
2.647545250308454001e+00
2.423627294884752370e+00
2.700997244878371895e+00
2.642685978074825304e+00
2.662123067009340538e+00
2.551350884921913309e+00
2.694197078015284408e+00
2.515621610289664467e+00
2.562132262515666170e+00
2.666982339242969680e+00
2.713634166949800086e+00
2.700997244878371895e+00
2.694197078015284408e+00
2.700997244878371895e+00
2.662123067009340538e+00
2.665041444613511334e+00
2.708774894716171389e+00
2.627716728697165660e+00
2.489745403601962170e+00
2.652013089865310036e+00
2.642685978074825304e+00
2.573102863215904090e+00
2.666982339242969680e+00
2.557829914599146992e+00
2.523731117161500670e+00
2.457642200520154585e+00
2.525328334642285455e+00
2.534938963549223434e+00
2.747257639908429194e+00
2.666982339242969680e+00
2.699056350248913549e+00
2.674368556403996067e+00
2.674759989080769174e+00
2.720342982300181678e+00
2.450842033657067542e+00
2.640353650768593852e+00
2.666590906566196573e+00
2.657263794775711840e+00
2.637435273164423055e+00
2.674759989080769174e+00
2.642685978074825304e+00
2.671841611476598377e+00
2.694197078015284408e+00
2.457642200520154585e+00
2.713634166949800086e+00
2.509153300460614133e+00
2.647545250308454001e+00
2.679619261314397871e+00
2.480094862819569812e+00
2.716885434508335528e+00
2.671841611476598377e+00
2.676700883710227075e+00
2.662123067009340538e+00
2.643560647711971523e+00
2.756516455819306266e+00
2.552886750563274187e+00
2.674759989080769174e+00
2.656088170573602802e+00
2.646075096594497467e+00
2.431404944722551864e+00
2.674759989080769174e+00
2.530531284024587713e+00
2.676700883710227075e+00
2.637435273164423055e+00
2.703305415908629605e+00
2.533449661628758509e+00
2.705856517112000592e+00
2.705465084435227485e+00
2.699056350248913549e+00
2.679619261314397871e+00
2.689337805781655710e+00
2.694197078015284408e+00
2.588842550828134303e+00
2.563063539949754333e+00
2.746578396012752332e+00
2.664650011936738228e+00
2.657263794775711840e+00
2.543168206096016348e+00
2.531027598637047404e+00
2.520812739557330318e+00
2.708774894716171389e+00
2.662123067009340538e+00
2.662123067009340538e+00
2.671450178799825270e+00
2.676700883710227075e+00
2.515953467323701176e+00
2.708774894716171389e+00
2.660182172379882637e+00
