2.442223764106350378e-02
2.443945526728581036e-02
2.438985836899086601e-02
2.441422799466977378e-02
2.439029148273335820e-02
2.438637199333776664e-02
2.444106186793946686e-02
2.444891908788084794e-02
2.449756442501023826e-02
2.442302050502773506e-02
2.438616130957922679e-02
2.443054664281384125e-02
2.438558758619465902e-02
2.438554220624140553e-02
2.438697056468859189e-02
2.438668965301053759e-02
2.444867806201449223e-02
2.438988329385864684e-02
2.439214856204224846e-02
2.448774314246406764e-02
2.442594023150143623e-02
2.447818665532802002e-02
2.441721255468866369e-02
2.438637199333776664e-02
2.443332019027825291e-02
2.438637199333776664e-02
2.438565781411417346e-02
2.439136854777993260e-02
2.438985836899086601e-02
2.438865067086830318e-02
2.438985836899086601e-02
2.438616130957922679e-02
2.438558758619465902e-02
2.442500541528032018e-02
2.438865067086830318e-02
2.438565781411417346e-02
2.441827244167651956e-02
2.440972422756144608e-02
2.438697056468859189e-02
2.441305897106395284e-02
2.438697056468859189e-02
2.438822930335122346e-02
2.438973220569718922e-02
2.438985836899086601e-02
2.446798406248858540e-02
2.450849273522009292e-02
2.438616130957922679e-02
2.438985836899086601e-02
2.443253297138857014e-02
2.442808887572497575e-02
2.438565781411417346e-02
2.442712486348881662e-02
2.441721255468866369e-02
2.439074952134363469e-02
2.442523485108939740e-02
2.438579395397393393e-02
2.439006920655244909e-02
2.443970721021795911e-02
2.442394385010943775e-02
2.438988329385864684e-02
2.445822923791152875e-02
2.438593440981295934e-02
2.442513589515386135e-02
2.442182282775964830e-02
2.445739403337996928e-02
2.447303567812640634e-02
2.438554220624140553e-02
2.438999443194910313e-02
2.445406221235548946e-02
2.439006920655244909e-02
2.441782053364738650e-02
2.447340606166566526e-02
2.439308956413058574e-02
2.443332019027825291e-02
2.444106186793946686e-02
2.442592594232024725e-02
2.438558758619465902e-02
2.442438004848944758e-02
2.438554220624140553e-02
2.438985836899086601e-02
2.439006920655244909e-02
2.439214856204224846e-02
2.441319702332080815e-02
2.444896934841645289e-02
2.439092399541811090e-02
2.442325611449746095e-02
2.444235273314436865e-02
2.445680861348166826e-02
2.444558744704675504e-02
2.442345401418632989e-02
2.439214856204224846e-02
2.438593440981295934e-02
2.442069451473066408e-02
2.439041610707226929e-02
2.438697056468859189e-02
2.442781125642671386e-02
2.444938431152526501e-02
2.445415637555963320e-02
2.438737898426786982e-02
2.443251174023011382e-02
2.439214856204224846e-02
2.438737898426786982e-02
2.442416480275222054e-02
2.444260396087294396e-02
2.438616130957922679e-02
2.444919893849318779e-02
2.438999443194910313e-02
2.438554220624140553e-02
2.438822930335122346e-02
2.438985836899086601e-02
2.438822930335122346e-02
2.442592325274801912e-02
2.438637199333776664e-02
2.441218048851689568e-02
2.438985836899086601e-02
2.438668965301053759e-02
2.438637199333776664e-02
2.438668965301053759e-02
2.442802144544531720e-02
2.445331550995033867e-02
2.442648122793581594e-02
2.438554220624140553e-02
2.441319702332080815e-02
2.442257298953962388e-02
2.438822930335122346e-02
2.442414066294186503e-02
2.438999443194910313e-02
2.438637199333776664e-02
2.441625100558059147e-02
2.439159287158997394e-02
2.439456542706167769e-02
2.438697056468859189e-02
2.443876748886272127e-02
2.448100996379224542e-02
2.438554220624140553e-02
2.438865067086830318e-02
2.438697056468859189e-02
2.441142275203890891e-02
2.438999443194910313e-02
2.438579395397393393e-02
2.438973220569718922e-02
2.442320202652528693e-02
2.444225731054813083e-02
2.438999443194910313e-02
2.438579395397393393e-02
2.444478707407036697e-02
2.443571889005707529e-02
2.440933308745783445e-02
2.442387042061905725e-02
2.438822930335122346e-02
2.442586254930756776e-02
2.442248412877297617e-02
2.438593440981295934e-02
2.439587825453761599e-02
2.441723326922345602e-02
2.444551754113677422e-02
2.438565781411417346e-02
2.444859010769532756e-02
2.439159287158997394e-02
2.438985836899086601e-02
2.441476018063929929e-02
2.438616130957922679e-02
2.443065547820364239e-02
2.439041610707226929e-02
2.438668965301053759e-02
2.439242273558785493e-02
2.443945526728581036e-02
2.448208199773100821e-02
2.448152592207095829e-02
2.443067332212867093e-02
2.439092399541811090e-02
2.446029069721161048e-02
2.438593440981295934e-02
2.439308956413058574e-02
2.441505274020162181e-02
2.440951263188763376e-02
2.446530726426942443e-02
2.439136854777993260e-02
2.442209638923490897e-02
2.444260396087294396e-02
2.442169572779054679e-02
2.443067332212867093e-02
2.439041610707226929e-02
2.441448872014786303e-02
2.438999443194910313e-02
2.438988329385864684e-02
2.440957240401806644e-02
2.439308956413058574e-02
2.438988329385864684e-02
2.438973220569718922e-02
2.438558758619465902e-02
2.441474500289680244e-02
2.444896934841645289e-02
2.441563306934318653e-02
2.438593440981295934e-02
2.439308956413058574e-02
2.447629070898987846e-02
2.439074952134363469e-02
2.441162380219117148e-02
2.441021777607407101e-02
2.438737898426786982e-02
2.438593440981295934e-02
2.442131818953747688e-02
2.439029148273335820e-02
2.439136854777993260e-02
2.441781027599299742e-02
2.439159287158997394e-02
2.444776358450186440e-02
2.441162380219117148e-02
2.444514223715670009e-02
2.439308956413058574e-02
2.438637199333776664e-02
2.443067332212867093e-02
2.444184013666981029e-02
2.438668965301053759e-02
2.438593440981295934e-02
2.438999443194910313e-02
2.446273998038234199e-02
2.444044696889634272e-02
2.443608000102894667e-02
2.441996433420209195e-02
2.438579395397393393e-02
2.438822930335122346e-02
2.439159287158997394e-02
2.438616130957922679e-02
2.440946202403983939e-02
2.442185813421100110e-02
2.439041610707226929e-02
2.444558744704675504e-02
2.444204283001623346e-02
2.444251513190956460e-02
2.438565781411417346e-02
2.438697056468859189e-02
2.447141415360793923e-02
2.443097511348053461e-02
2.438999443194910313e-02
2.442369864463604656e-02
2.443231521438142539e-02
2.438988329385864684e-02
2.441369831032168605e-02
2.439214856204224846e-02
2.442802144544531720e-02
2.439341358741175733e-02
2.438999443194910313e-02
2.441529393866873759e-02
2.444551754113677422e-02
2.442625886792655285e-02
2.438637199333776664e-02
2.438999443194910313e-02
2.439029148273335820e-02
2.438554220624140553e-02
2.444824422183112730e-02
2.444344703135232361e-02
2.438558758619465902e-02
2.443908816187552804e-02
2.447173244201353293e-02
2.438999443194910313e-02
2.438637199333776664e-02
2.438558758619465902e-02
2.440910562942265674e-02
2.438985836899086601e-02
2.438865067086830318e-02
2.441273420849536177e-02
2.442586254930756776e-02
2.446733516286320534e-02
2.439041610707226929e-02
2.441734686093030571e-02
2.438637199333776664e-02
2.439242273558785493e-02
2.439242273558785493e-02
2.438558758619465902e-02
2.444664751935562291e-02
2.443825154746236822e-02
2.442582734270167324e-02
2.438668965301053759e-02
2.443178334948018990e-02
2.447038518968863707e-02
2.438668965301053759e-02
2.441022469262009442e-02
2.443206417993884841e-02
2.439074952134363469e-02
2.438737898426786982e-02
2.438558758619465902e-02
2.445729218238400574e-02
2.441097051423039496e-02
2.442612593274464186e-02
2.446051787130144178e-02
2.441571305640669043e-02
2.438579395397393393e-02
2.441776935984066657e-02
2.438668965301053759e-02
2.438637199333776664e-02
2.443009360034825023e-02
2.439136854777993260e-02
2.443067332212867093e-02
2.443592993200690774e-02
2.443029691258373839e-02
2.444450239243172937e-02
2.438565781411417346e-02
2.438558758619465902e-02
2.450702105519438068e-02
2.438558758619465902e-02
2.441162380219117148e-02
2.445039772445286447e-02
2.438579395397393393e-02
2.438737898426786982e-02
2.441055861368560120e-02
2.442346023190361537e-02
2.441027612745257785e-02
2.441721255468866369e-02
2.441409596095333451e-02
2.438579395397393393e-02
2.438565781411417346e-02
2.443608000102894667e-02
2.438988329385864684e-02
2.438558758619465902e-02
2.438737898426786982e-02
2.438999443194910313e-02
2.443646756152469818e-02
2.439242273558785493e-02
2.438558758619465902e-02
2.441036770527394914e-02
2.438988329385864684e-02
2.448280312770524658e-02
2.438616130957922679e-02
2.447306093644094696e-02
2.439029148273335820e-02
2.446051787130144178e-02
2.443716708223527684e-02
2.440910884348809415e-02
2.444955309498047721e-02
2.443097511348053461e-02
2.439136854777993260e-02
2.445929431508405555e-02
2.440946202403983939e-02
2.441529393866873759e-02
2.439159287158997394e-02
2.441086947090886569e-02
2.441721255468866369e-02
2.447306093644094696e-02
2.451270623695286574e-02
2.438579395397393393e-02
2.448280312770524658e-02
2.449756442501023826e-02
2.441985379877106496e-02
2.438924061026059506e-02
2.441056454383105229e-02
2.438822930335122346e-02
2.441097051423039496e-02
2.441883133279288895e-02
2.442612661674044977e-02
2.445680861348166826e-02
2.438737898426786982e-02
2.447531268801249674e-02
2.439092399541811090e-02
2.438985836899086601e-02
2.442712486348881662e-02
2.439006920655244909e-02
2.441063038238713151e-02
2.438558758619465902e-02
2.446076224619889855e-02
2.439092399541811090e-02
2.442753642110272530e-02
2.441361542823384037e-02
2.441317214282090128e-02
2.439006920655244909e-02
2.443364084358960742e-02
2.438637199333776664e-02
2.450352911369664544e-02
2.443707201203651480e-02
2.441132494153900462e-02
2.438697056468859189e-02
2.438554220624140553e-02
2.438637199333776664e-02
2.438737898426786982e-02
2.447802410077244695e-02
2.438865067086830318e-02
2.438822930335122346e-02
2.438579395397393393e-02
2.443646494049253950e-02
2.439029148273335820e-02
2.444235273314436865e-02
2.441839042259235856e-02
2.438558758619465902e-02
2.439308956413058574e-02
2.438865067086830318e-02
2.439029148273335820e-02
2.438865067086830318e-02
2.438579395397393393e-02
2.439092399541811090e-02
2.439214856204224846e-02
2.442267697649069466e-02
2.446206946171207430e-02
2.443500410268114806e-02
2.438822930335122346e-02
2.442693864575491008e-02
2.438558758619465902e-02
2.443329011591248087e-02
2.442006128032547102e-02
2.444907857137139720e-02
2.445209959285149504e-02
2.443060969343481201e-02
2.450849273522009292e-02
2.438558758619465902e-02
2.439074952134363469e-02
2.444222672168311350e-02
2.439006920655244909e-02
2.444729304555435037e-02
2.446487686674214679e-02
2.442369864463604656e-02
2.444433223230765492e-02
2.438616130957922679e-02
2.442712486348881662e-02
2.439006920655244909e-02
2.438822930335122346e-02
2.438554220624140553e-02
2.439029148273335820e-02
2.444907857137139720e-02
2.439308956413058574e-02
2.442612661674044977e-02
2.438737898426786982e-02
2.438988329385864684e-02
2.449026397205744665e-02
2.444510531577216705e-02
2.438554220624140553e-02
2.438565781411417346e-02
2.438579395397393393e-02
2.441822919728971891e-02
2.447787157765278152e-02
2.441227727879804674e-02
2.439006920655244909e-02
2.441497446189170445e-02
2.441854387143923763e-02
2.448294522717534699e-02
2.439006920655244909e-02
2.441361542823384037e-02
2.438565781411417346e-02
2.442712486348881662e-02
2.443736196003507000e-02
2.441682266184558303e-02
2.438973220569718922e-02
2.447629070898987846e-02
2.439074952134363469e-02
2.438988329385864684e-02
2.438999443194910313e-02
2.439029148273335820e-02
2.441132494153900462e-02
2.441806124084946322e-02
2.446858182248933672e-02
2.443612804625385285e-02
2.438616130957922679e-02
2.441422799466977378e-02
2.443278199835673473e-02
2.441625100558059147e-02
2.439214856204224846e-02
2.438579395397393393e-02
2.438579395397393393e-02
2.444776358450186440e-02
2.438565781411417346e-02
2.441781027599299742e-02
2.439214856204224846e-02
2.439159287158997394e-02
