1.367617273915528120e+00
-4.404554148602006225e-01
4.195454057740101717e-01
1.310919037854706648e+00
1.119283734790033957e+00
1.579011373555696762e+00
1.133890731978190125e+00
-7.355079298451202341e+00
-9.362504773961658477e-01
-7.721298936710395688e-01
8.820158558215036582e-01
-9.711783272393726962e-01
-7.555276979438368956e-01
-7.354159922307732522e-01
5.233067509651089244e-01
-1.104008020220426989e+00
2.709028290585204224e-01
-7.531363104737719416e-01
-4.851771213219643331e-01
3.648338851946303363e-01
-1.369771063742738049e+00
-1.295210049580768907e-01
2.422953325001255265e-01
-1.520346776003011158e+00
2.700327866384060749e-01
4.213956385716389336e-02
2.900831428431956960e-01
-2.363698675591666409e-01
-5.089149467094350454e-01
2.305376437035948911e-01
-1.411762599814026409e+00
6.386767681310963063e-01
-1.594417052619350850e+00
-1.389851605874684815e+00
-1.094952366308895586e+00
2.644682375997847723e-01
1.600057018823535515e-01
1.438433508944393813e+00
-2.579268312089321724e-01
7.274469819898966572e-01
-8.406502408633367285e-01
-6.842647123403056142e-02
-1.330945064026634483e+00
7.076882737861133199e-01
1.848115759763789834e+00
-3.146409886414014423e-01
2.864754570002409628e-01
1.200732736829045910e+00
1.865108180877720123e+00
2.173478262085640211e-01
-1.581776989164935532e-01
4.450951970474126274e-01
5.366763416753085325e-01
6.271388572456332300e-01
-3.711920399368593970e-01
-3.921033585956271855e-02
-3.688205777510544098e-02
-1.575456224445832276e-01
7.037771257527503099e-01
5.723202051163922555e-01
-1.116036147169666481e+00
1.654968643394037597e+00
2.200326931109037598e-01
-1.184818968750808832e+00
-1.454798532704563607e+00
-4.119523832292788512e+00
7.822707409809910306e-01
-3.671429715489457069e-01
4.518766273236345388e-01
-6.707936274907693175e-01
-6.383850828784793929e-01
1.646086603211588395e+00
4.249238864768178359e-01
-1.041450069765770481e+00
-1.454020822912740207e-01
-1.081101941173525205e+00
-1.599802934795398479e-01
1.793714987555512286e+00
7.758669994906467471e-01
-3.296260510574592351e-01
1.231966214460209069e-01
1.045109821738644973e+00
-1.629219888007684247e+00
2.320983893683168819e+00
-1.229648085077793329e+00
-9.656799468559182920e-01
6.740312842873855681e-01
-4.447984757351518548e-01
1.103278493468540011e+00
-1.239803201259198906e-01
1.576548383554673860e+00
1.104251303923086347e+00
-1.221321848225097373e+00
5.513024605799256017e-01
-9.143442845052886236e-02
9.394555340691621570e-01
-1.389581537542070810e+00
2.337996788064140130e+00
-1.002437562216556222e+00
4.707943437185185820e-01
7.187293744905391690e-02
-4.261225323978696244e-01
-6.418933127927406446e-03
-7.291589790158801154e-01
1.263839519407622680e-01
3.868859269989601696e-02
-1.110166921813399432e-01
1.102457815498239624e+00
-5.871009557918837052e-01
4.067390560845847158e-01
1.410756318060587544e+00
1.088032743964676641e+00
-5.598018949414267365e-01
-2.605017084611888079e-01
9.298348869362502156e-02
-1.533048606071143016e+00
-1.488328613300956338e+00
2.087281006660974825e-01
1.813426859101412714e-01
-2.835775420332372065e-01
6.083212582017791803e-01
-1.523076195543206168e+00
-9.572079765162614384e-01
-2.393041627556951045e-01
-1.944619359819846682e+00
-1.916401287982853752e-01
-1.289197577272326312e+00
8.696499164003848592e-02
-1.067553685848525280e+00
-1.932548553337145592e-01
-1.181939919281113749e+00
-1.327320341234049961e+00
-2.961336798956745398e+00
6.823063143289338772e-02
1.211321420834106766e+00
-1.408556924351717643e-01
-3.795943563016083711e-01
3.255970916969812556e-01
-3.607398145647562338e-01
-1.383989107339182123e+00
1.351992135034915110e+00
1.733826147979229626e+00
3.047153311627552874e-01
-1.378841775050986929e+00
-1.160548370869696339e-01
8.215192056848511504e-01
-1.075379070840389195e+00
3.369472165962864030e-01
-3.733731469592055374e-01
-9.520941115918541975e-01
9.584057076406604647e-01
4.689639547248021234e-01
-6.759745143667357237e-01
1.090037486076015139e+00
-1.164805780118491008e+00
5.613803723179991989e-01
-1.517739726056415439e-01
6.218889048900523298e-01
3.381897600773866031e-01
8.101390713015308442e-01
7.083001609647923136e-01
4.401633018573440359e-01
1.661446960808971307e-01
1.217225030440577838e+00
-1.754873493494708836e-01
1.393751261993119162e+00
-1.195262983822061864e+00
-1.319042094422281819e+00
7.755990881328170827e-01
3.523187733794476140e-01
-6.533749379989196582e-01
-1.385243860412178896e-01
9.377553640830323944e-01
-2.537676916500250512e-01
3.505428362966967609e-02
-2.010136877084436335e-01
3.310688960480885346e-01
-3.787759243094982603e-02
1.028726720542378015e+00
7.483776100945668253e-01
-1.244569476143408515e+00
1.177638056052548565e+00
3.335970050485599914e-01
-5.986818741539974287e-01
6.509589889372878746e-01
-2.398751404708898693e+00
8.276798430635740056e-01
6.874366666956936989e-01
7.388026660117736899e-01
1.601716599864037027e+00
-1.235807862834397364e+00
-8.359152406944883040e-01
-3.267239565796838385e-01
-5.845989112610233684e-01
3.870380246120783685e-01
-1.321154276461560528e-01
-1.089588815377090958e+00
-1.319390734894231754e+00
-1.268862276661920419e+00
-1.262071294419369938e+00
4.773649211971166262e-02
-9.990755006513947836e-03
-9.949400652312920812e-01
6.070342954412334402e-01
-6.013395347304020255e-01
4.418638954084774251e-01
1.525042920421835480e-01
-8.343055067345498399e-01
3.504185995819170119e-01
-1.489901904011140976e+00
3.160771239470416272e-01
1.253867868825032372e-01
-1.650200106284744228e+00
-2.132701701425805396e+00
2.151316914996924401e-01
-6.567634443851900761e-01
-5.400282101220802433e-01
8.891849448931330446e-01
-8.759465056015409701e-01
-3.249280420777061335e-02
-8.520840509186838885e-01
-1.159859312092580863e+00
1.353125819776382244e+00
1.509929092851259425e+00
2.544571559883457845e-01
-1.315080047956991849e-01
7.894651074475566022e-01
1.607814230070385486e+00
9.369858225216286529e-01
-5.232392063385745695e-01
-9.946509482625428555e-01
8.856296897524983391e-01
-1.301706125425065030e+00
3.865324807815873620e-01
9.568861820456293632e-01
-1.065087082825670661e+00
-3.861871590808184096e-01
-6.452144973841752451e-01
-1.233374178441220437e+00
-7.012203266477867736e-01
-1.074241551286718499e+00
1.249837269180471333e+00
-1.686880734079740041e+00
2.091411570281658250e-01
-1.056340013027407210e+00
4.526503935414130098e-01
2.239099669600032871e-01
1.239618848913935256e+00
1.771253721072158227e-01
1.588160360110315028e-01
-8.314721145859489404e-01
-3.827156132218361151e-01
1.011391188295899468e+00
2.114363673691633805e-01
6.254714018159500677e-01
6.225879092528079362e-01
2.795758838542581337e-01
3.815320884989253925e-01
-6.978940781569672458e-01
1.036826987239674258e+00
-1.631435050949117671e-01
-7.043490300250195846e-01
-4.711972492756932862e-01
-1.050708818331649752e+00
4.363463392333955526e-01
-1.402325158138256478e-01
1.841461550263850278e+00
-3.612892861887017082e-01
1.675476145175134546e+00
1.208068952623150505e+00
1.063133193108427133e+00
-6.354373420894905422e-01
4.606675788834428409e-01
8.594779955029152596e-01
2.155419714078307791e+00
-2.380763625111741888e+00
3.094412468723496956e-01
7.466297306878931783e-01
-5.562635119804096862e-01
1.060551445818320587e-01
1.766883157906475654e+00
1.270805055401588612e+00
-1.146155565388160547e+00
-7.984341664425408380e-01
-8.743292558593814823e-01
9.051270160723889902e-01
6.901316601990388211e-01
8.780733738307726355e-02
1.472064854946103729e+00
-3.200441369229912736e-01
-1.033568521050905575e+00
-1.371621472743316250e-01
-1.528438102886997330e+00
3.255515035648240407e-02
-1.850984339425692793e-01
-1.255250978002686590e+00
1.328400692011720174e+00
1.215098620225555148e+00
-7.024944353389743767e-01
3.010886648154003087e-01
7.907700277237433850e-02
-3.392848883720165909e-01
4.801337458724801339e-03
-6.604077053019201393e-02
6.139679245733945523e-01
7.777355298900475722e-01
-4.254037583860207361e-01
2.172678921206288472e+00
6.082495815495669866e-01
-9.096303555766690474e-01
4.595323739439624022e-01
3.642232955843214270e-01
-3.010317269943908400e-02
4.984678298165864385e-01
6.646965085734361789e-02
1.383319969702134111e+00
5.920340202818052955e-01
4.780737503641504516e-01
3.472569419601206353e-01
2.328565647097087243e+00
-2.368251198620298648e-01
8.328738172907049764e-01
2.521616264714237610e-01
1.132691164163820874e+00
-9.174126610470442200e-01
1.033997887322833042e+00
1.189718032700491923e+00
-5.247130785223845795e-01
2.517599425711828376e-01
-1.249035162917123909e+00
-2.075764301934863998e-01
1.609460188907269940e+00
-7.678169267734205050e-01
1.944873633075525632e+00
-1.891134325050558285e-01
3.803238739758209308e-02
-3.533285346744067801e-01
1.401109179628536594e-01
1.611806983880319288e+00
3.819852309952596059e-01
-1.414616974590881204e+00
-9.613443505884455842e-01
-2.733869287115012980e+00
-2.142840722722910984e-01
-2.326192149336803877e-02
-1.554881546006740001e+00
-1.570991201817059757e+00
1.417159706758831961e+00
2.457416736107728705e-01
-9.778642161889319340e-01
8.628057272855113036e-01
5.079677989511311997e-01
1.642208074618073166e+00
-8.692477695879727850e-01
-1.588218043260207546e+00
-1.247244560266298208e-01
9.377634174467658346e-01
1.936312403033175200e-01
7.041565137332691515e-01
4.611820531122538536e-01
-1.270473843302741379e+00
-2.884019448489660298e-01
-7.386144772653775448e-01
-2.722027100648883868e-01
-3.393820498332383861e-01
9.299931647204998653e-01
-3.043610825367069617e-01
-1.161743353740020135e+00
1.000849867746171240e+00
-6.444962089973728103e-01
7.882518694354369027e-01
9.779590815745888843e-01
1.416241148525143823e+00
-1.755839425167963486e-01
-7.014730466445754375e-01
1.351016728159534441e+00
1.665043098865649773e-01
-9.328839454971209477e-01
-2.697438395417834367e-01
-2.517301956700827570e-01
2.164440979377736940e-01
6.740312842873855681e-01
1.253442424882383222e+00
2.882811937516533973e-01
9.947687020738873453e-01
2.945709775206219461e-01
4.981812895796111640e-01
-9.732890320565407150e-01
-1.448026191695356069e+00
-8.070477772199530220e-01
5.328798826388587706e-01
5.265200535049446851e-01
3.213136620995805659e-01
1.496874376967082698e+00
1.236751897133212819e-01
5.368001380212639173e-01
-2.368251198620298648e-01
-1.860578935930370825e+00
-3.246392687190521875e-01
7.633426975206200060e-01
-9.485626992780159528e-01
-1.272778112428566422e+00
-1.962656915112739764e+00
7.237352099190940136e-01
-3.608139047203145914e-04
9.358727312954644162e-02
-5.363275369450204444e-01
1.296123121643148357e+00
1.650494243987818299e+00
1.591022680527914401e+00
-9.759769577899328752e-01
-6.036333111304623689e-01
-9.177402697715759672e-01
1.167934742771765400e-01
1.346722431078137827e+00
1.162816259851110062e-01
2.932815138400937660e-01
1.844167884003458768e+00
-7.147657447173155765e-01
-9.991342942183102371e-01
-1.008841062547874090e+00
-1.034875859681342991e+00
-5.172646030486225538e-02
-1.271859472011381276e-01
-1.078493261769647021e-01
-9.414043580796774280e-02
-7.115997215993724589e-01
-2.275687268443649658e-01
7.700889795487756428e-01
-2.335360589055555103e+00
-8.436786010495843646e-01
-2.291721489635382358e+00
1.592973187834507254e+00
-3.413104924300408571e-01
3.473067723555994801e-01
-1.314014208781921766e-01
8.600147845090903020e-01
-9.049436926183473950e-01
5.673746669091215278e-01
5.410915795535914397e-01
-5.369493296981582287e-01
1.823911620970084524e-01
-8.967889155480777141e-01
-1.192223247567365391e-01
-2.326766748809533658e-01
-1.147420034328407112e+00
5.861096082714532113e-02
2.456992139123415519e+00
1.351589981559164544e+00
-9.893131044125194062e-01
2.480534957859673040e-01
-5.194747583456696960e-01
-8.254602308301632885e-01
9.227571092378794582e-01
-6.516518515293934222e-01
-1.025381434944619530e+00
4.794900474254332190e-01
-1.883511894967544176e-01
1.987070615219166836e+00
2.754766658790805955e-01
2.127361707014937264e-01
1.004096266134669069e+00
