2.7880000000000003
2.718
2.724
2.675
3.062
2.904
2.7230000000000003
2.048
2.809
3.047
2.952
2.962
2.819
2.87
2.906
2.832
2.861
3.022
2.773
2.734
3.016
2.487
2.6710000000000003
2.733
2.917
3.019
2.9130000000000003
2.783
2.862
3.08
2.7910000000000004
2.842
2.804
2.799
2.806
2.804
2.997
2.781
2.89
2.925
2.747
2.867
2.784
3.016
2.945
2.812
3.0980000000000003
3.137
3.138
2.897
3.002
2.9960000000000004
2.924
3.026
2.668
3.09
2.798
2.901
2.922
2.88
2.861
2.998
2.776
3.055
3.127
2.4330000000000003
3.079
3.007
2.9930000000000003
2.732
2.6210000000000004
2.8680000000000003
3.115
2.8280000000000003
2.948
2.934
2.843
2.763
2.878
2.967
2.864
2.9760000000000004
2.656
3.027
2.733
2.859
2.758
2.6710000000000003
2.906
2.737
3.0660000000000003
2.972
2.617
2.8760000000000003
2.958
3.007
2.815
3.04
2.8760000000000003
2.98
2.842
2.781
2.841
2.782
2.873
2.85
2.905
2.902
2.679
3.067
2.9960000000000004
3.0660000000000003
2.7310000000000003
2.882
2.9530000000000003
2.63
2.86
2.9130000000000003
2.885
2.982
3.042
2.73
2.826
3.095
2.737
2.883
2.801
2.817
2.852
2.849
2.858
2.783
2.847
2.718
2.875
2.912
2.859
2.643
2.814
2.74
3.04
2.86
2.768
2.772
3.054
3.015
2.903
2.9330000000000003
2.8280000000000003
2.719
2.803
2.878
2.833
2.893
2.698
2.938
2.991
2.873
2.8360000000000003
2.806
3.085
2.9760000000000004
3.07
3.05
2.824
3.045
2.766
3.114
2.898
2.915
2.802
2.969
3.002
2.968
2.873
2.824
2.685
2.82
2.835
2.793
2.909
2.946
2.834
2.932
2.9610000000000003
2.885
2.735
2.832
2.967
2.82
2.782
2.777
2.779
2.9930000000000003
3.016
2.782
2.994
2.736
2.907
2.812
2.803
2.865
2.96
2.999
2.855
2.914
2.855
2.783
2.674
2.949
3.02
2.994
2.844
2.943
2.752
2.713
3.06
2.823
2.734
2.789
2.719
2.9560000000000004
3.042
2.88
2.857
2.543
2.773
2.958
2.947
2.888
2.9930000000000003
3.0460000000000003
2.929
3.115
2.822
2.88
2.878
3.112
2.715
2.841
2.777
2.716
2.715
3.108
2.736
2.991
2.664
3.131
2.881
3.132
2.777
2.708
2.777
3.028
2.712
2.904
2.6830000000000003
2.826
2.934
2.982
2.792
2.9360000000000004
3.023
2.7030000000000003
2.982
2.975
3.048
2.877
2.952
3.112
2.944
2.968
3.254
2.873
3.085
2.761
2.902
2.889
2.853
3.153
2.9960000000000004
2.855
2.707
2.932
2.664
2.599
2.859
2.832
3.27
2.664
2.859
3.042
2.787
2.911
2.766
2.924
2.878
3.005
2.838
2.821
2.866
2.8680000000000003
2.652
2.897
2.929
3.025
2.837
2.829
2.879
2.689
2.701
2.747
2.95
2.8160000000000003
2.8710000000000004
2.99
2.849
2.8080000000000003
2.773
3.016
2.911
3.05
2.997
2.688
2.529
3.125
3.082
2.866
2.866
2.8160000000000003
2.768
2.777
2.82
3.18
2.761
2.741
3.004
2.998
2.809
3.017
2.897
2.693
1.981
3.053
2.792
2.739
2.852
3.032
2.838
2.83
2.909
2.64
2.8560000000000003
2.966
2.677
2.852
2.78
2.926
2.657
3.1060000000000003
2.547
2.63
2.9160000000000004
2.7510000000000003
2.8480000000000003
2.931
2.804
2.9
2.776
3.0410000000000004
2.929
2.858
3.013
3.007
2.96
2.885
2.807
2.7260000000000004
3.027
2.9360000000000004
2.9160000000000004
2.758
2.822
2.891
3.17
2.9730000000000003
2.949
2.753
2.869
2.719
2.803
2.792
2.8760000000000003
2.918
2.905
2.69
2.885
2.8510000000000004
2.874
2.734
2.844
2.952
2.782
2.878
2.807
2.716
2.9760000000000004
3.1
2.675
3.042
2.6630000000000003
2.882
2.701
3.1180000000000003
3.0010000000000003
2.8760000000000003
3.05
2.735
2.774
2.7710000000000004
2.758
2.83
2.721
2.897
2.928
2.93
2.918
3.132
2.91
2.7110000000000003
2.849
2.6660000000000004
3.056
2.511
3.033
2.7110000000000003
2.955
2.82
2.83
2.955
2.789
2.963
3.053
2.865
2.946
2.904
2.733
2.84
3.045
2.918
2.775
2.93
2.716
2.6460000000000004
2.769
2.73
2.8360000000000003
2.718
2.879
2.882
2.826
2.886
