2.623
2.259
2.396
2.342
2.427
2.69
2.672
2.485
2.5340000000000003
2.553
2.415
2.508
2.35
2.377
2.48
2.61
2.577
2.157
2.714
2.537
2.543
2.444
2.522
2.498
2.45
2.068
2.3280000000000003
2.552
2.49
2.724
2.491
2.354
2.469
2.555
2.428
2.795
2.391
2.178
2.608
2.5540000000000003
2.614
2.801
2.322
2.431
2.764
2.571
2.552
2.53
2.733
2.385
2.695
2.794
2.522
2.616
2.393
2.349
2.391
2.332
2.7260000000000004
2.181
2.292
2.595
2.4
2.322
2.414
2.414
2.356
2.199
2.536
2.631
2.15
2.48
2.608
2.584
2.647
2.668
2.8
2.341
2.45
2.613
2.365
2.6460000000000004
2.56
2.652
2.656
2.498
2.559
2.547
2.494
2.455
2.574
2.276
2.619
2.294
2.6910000000000003
2.4330000000000003
2.579
2.499
2.41
2.321
2.476
2.6010000000000004
2.545
2.577
2.494
2.152
2.725
2.51
2.539
2.497
2.587
2.631
2.611
2.547
2.427
2.623
2.6910000000000003
2.344
2.459
2.513
2.6010000000000004
2.596
2.862
2.435
2.376
2.495
2.71
2.472
2.4
2.675
2.362
2.789
2.456
2.445
2.381
2.315
2.6210000000000004
2.377
2.375
2.759
2.679
2.52
2.294
2.418
2.272
2.41
2.446
2.482
2.6210000000000004
2.556
2.6910000000000003
2.374
2.8080000000000003
2.6630000000000003
2.584
2.399
2.616
2.501
2.5580000000000003
2.356
2.573
2.507
2.583
2.518
2.48
2.64
2.353
2.468
2.459
2.454
2.329
2.313
2.609
2.585
2.491
2.455
2.351
2.452
2.256
2.172
2.724
2.669
2.371
2.583
2.627
2.595
2.52
2.485
2.649
2.667
2.555
2.513
2.769
2.522
2.373
2.498
2.485
2.427
2.522
2.542
2.5380000000000003
2.807
2.451
2.365
2.721
2.582
2.607
2.627
2.461
2.761
2.383
2.389
2.329
2.674
2.805
2.507
2.555
2.544
2.466
2.559
2.522
2.389
2.334
2.297
2.542
2.712
2.548
2.445
2.4130000000000003
2.541
2.394
2.457
2.3040000000000003
2.425
2.552
2.596
2.6660000000000004
2.7060000000000004
2.742
2.481
2.633
2.632
2.498
2.462
2.418
2.605
2.471
2.4
2.476
2.612
2.501
2.563
2.563
2.587
2.524
2.658
2.401
2.26
2.6860000000000004
2.563
2.551
2.489
2.426
2.515
2.455
2.372
2.6860000000000004
2.516
2.528
2.148
2.358
2.3480000000000003
2.16
2.527
2.612
2.705
2.472
2.17
2.31
2.445
2.588
2.727
2.404
2.628
2.509
2.5810000000000004
2.265
2.546
2.365
2.39
2.583
2.5780000000000003
2.35
2.463
2.582
2.294
2.639
2.336
2.335
2.435
2.488
2.467
2.727
2.421
2.673
2.397
2.457
2.282
2.461
2.467
2.498
2.6460000000000004
2.528
2.591
2.35
2.26
2.399
2.576
2.434
2.327
2.615
2.498
2.59
2.469
2.503
2.776
2.39
2.52
2.653
2.218
2.434
2.323
2.529
2.338
2.3040000000000003
2.702
2.861
2.575
2.458
2.438
2.735
2.548
2.471
2.713
2.388
2.491
2.632
2.464
2.6210000000000004
2.371
2.552
2.52
2.488
2.523
2.352
2.724
2.639
2.378
2.498
2.42
2.375
2.471
2.505
2.801
2.362
2.45
2.383
2.411
2.428
2.371
2.591
2.804
2.19
2.627
2.572
2.442
2.642
2.457
2.7710000000000004
2.553
2.611
2.511
2.582
2.645
2.79
2.611
2.53
2.237
2.608
2.6060000000000003
2.616
2.5660000000000003
2.787
2.5340000000000003
2.8110000000000004
2.364
2.568
2.496
2.326
2.548
2.404
2.536
2.383
2.399
2.298
2.511
2.689
2.376
2.568
2.6
2.693
2.189
2.4730000000000003
2.541
2.198
2.591
2.369
2.575
2.511
2.576
2.837
2.728
2.6460000000000004
2.459
2.338
2.237
2.575
2.713
2.468
2.559
2.508
2.333
2.198
2.63
2.763
2.582
2.418
3.119
2.4330000000000003
2.418
2.539
2.659
2.556
2.565
2.269
2.275
2.428
2.531
2.229
2.68
2.773
2.469
2.7710000000000004
2.37
2.79
2.591
2.391
2.622
2.619
2.295
2.645
2.704
2.864
2.336
2.445
2.692
2.857
2.58
2.567
2.645
2.4
2.282
2.619
2.571
2.406
2.444
2.63
2.391
2.546
2.355
2.639
2.6630000000000003
2.65
2.656
2.9610000000000003
2.512
2.551
2.286
2.481
2.608
2.375
2.492
2.258
2.636
2.616
2.883
2.452
2.647
2.814
2.42
2.947
2.576
2.5780000000000003
2.555
2.546
2.333
2.4
2.331
2.436
2.391
2.4090000000000003
2.248
2.562
2.143
2.48
2.309
2.445
2.451
2.479
2.803
2.494
2.678
2.377
2.398
2.539
2.445
2.632
2.41
2.2430000000000003
2.325
2.139
2.713
2.406
2.318
2.568
2.349
2.571
2.467
2.431
2.803
2.492
2.508
2.5
2.52
2.354
2.782
2.533
2.546
2.641
2.309
2.458
2.463
2.382
2.7060000000000004
2.324
2.495
2.144
2.624
2.546
2.617
2.6830000000000003
2.53
2.619
2.698
2.52
2.383
2.354
2.572
2.759
2.388
2.506
2.52
2.38
2.7060000000000004
2.149
2.423
2.573
2.627
2.317
2.402
2.58
2.301
2.512
2.539
2.397
2.254
2.452
2.452
2.718
2.544
2.556
2.531
2.615
2.5610000000000004
2.463
2.2880000000000003
2.45
2.919
2.486
2.511
2.725
2.475
2.573
2.38
2.351
2.48
2.279
2.34
2.511
2.526
2.253
2.4930000000000003
2.83
2.6660000000000004
2.114
2.547
2.545
2.5780000000000003
2.702
2.164
2.451
2.812
2.358
2.568
2.455
2.528
2.403
2.451
2.46
2.623
2.436
2.229
2.389
2.277
2.556
2.564
2.1180000000000003
2.485
2.546
2.416
2.5980000000000003
2.401
2.4530000000000003
2.424
2.324
2.677
2.386
2.477
2.659
2.55
2.454
2.634
2.381
2.402
2.593
2.363
2.6710000000000003
2.696
2.291
2.653
2.64
2.519
2.4290000000000003
2.541
2.631
2.331
2.488
2.397
2.7460000000000004
2.61
2.508
2.563
2.445
2.559
2.2430000000000003
2.29
2.678
2.563
2.631
2.369
2.65
2.417
2.48
2.574
2.346
2.728
2.727
2.597
2.386
2.461
2.405
2.293
2.24
2.311
2.593
2.482
2.513
2.837
2.802
2.475
2.386
2.673
2.521
2.596
2.7460000000000004
2.336
2.507
2.342
2.454
2.52
2.585
2.483
2.382
2.445
2.632
2.573
2.647
2.523
2.232
2.4290000000000003
2.947
2.316
2.573
2.286
2.366
2.6
2.422
2.497
2.837
2.407
2.459
2.639
2.434
2.329
2.556
2.369
2.3
2.373
2.552
2.398
2.219
2.6260000000000003
2.631
2.611
2.48
2.704
2.717
2.806
2.423
2.516
2.394
2.373
2.503
2.491
2.664
2.72
2.625
2.6830000000000003
2.53
2.545
2.543
2.158
2.54
2.373
2.481
2.333
2.628
2.106
2.513
2.133
2.564
2.572
2.379
2.364
2.535
2.517
2.675
2.298
2.661
2.5580000000000003
2.06
2.704
2.589
2.573
2.462
2.903
2.775
2.664
2.693
2.172
2.404
2.77
2.324
2.498
2.301
2.4730000000000003
2.364
2.562
2.556
2.966
2.659
2.475
2.452
2.755
2.611
2.619
2.36
2.4530000000000003
2.376
2.509
2.65
2.39
2.51
2.572
2.387
2.126
2.744
2.513
2.577
2.482
2.559
2.6830000000000003
2.484
2.385
2.434
2.557
2.522
2.536
2.174
2.533
2.741
2.425
2.543
2.365
2.51
2.551
2.668
2.6210000000000004
2.456
2.689
2.516
2.582
2.76
2.343
2.504
2.345
2.423
2.378
2.444
2.114
2.682
2.7230000000000003
2.498
2.345
2.755
2.467
2.552
2.653
2.498
2.542
2.602
2.083
2.363
2.7880000000000003
2.679
2.496
2.528
2.482
2.735
2.719
2.605
2.428
2.78
2.442
2.6180000000000003
2.471
2.789
2.448
2.506
2.589
2.518
2.556
2.59
2.555
2.632
2.05
2.595
2.211
2.36
2.759
2.665
2.595
2.638
2.6660000000000004
2.911
2.694
2.615
2.553
2.151
2.505
2.584
2.572
2.707
2.966
2.742
2.515
2.5340000000000003
2.59
2.5540000000000003
2.5860000000000003
2.37
2.5980000000000003
2.423
2.569
2.634
2.609
2.7230000000000003
2.49
2.394
2.399
2.396
2.947
2.245
2.536
2.486
2.461
2.47
2.881
2.439
2.519
2.658
2.629
2.684
2.762
2.747
2.481
2.425
2.509
2.637
2.531
2.415
2.7430000000000003
2.315
2.571
2.37
2.789
2.52
2.349
2.48
2.6660000000000004
2.434
2.39
2.591
2.681
2.773
2.333
2.564
2.687
2.4530000000000003
2.522
2.512
2.533
2.519
2.781
2.537
2.444
2.373
2.51
2.737
2.386
2.483
2.276
2.416
2.482
2.347
2.744
2.422
2.339
2.479
2.588
2.479
2.458
2.518
2.332
2.619
2.685
2.229
2.674
2.734
2.51
2.676
2.522
2.439
2.603
2.496
2.651
2.114
2.339
2.664
2.414
2.659
2.475
2.5660000000000003
2.407
2.306
2.705
2.5860000000000003
2.585
2.648
2.435
2.325
2.263
2.511
2.422
2.411
2.524
2.29
2.642
2.378
2.611
2.633
2.504
2.564
2.684
2.131
2.541
2.6
2.357
2.672
2.755
2.485
2.685
2.583
2.542
2.62
2.321
2.131
2.424
2.641
2.619
2.236
2.521
2.461
2.4730000000000003
2.381
2.298
2.655
2.506
2.491
2.826
2.5860000000000003
2.633
2.7960000000000003
2.672
2.5
2.694
2.505
2.3080000000000003
2.418
2.562
2.672
2.673
2.639
2.658
2.5380000000000003
2.253
2.404
2.5380000000000003
2.145
2.51
2.564
2.405
2.32
2.637
2.634
2.568
2.719
2.511
2.645
2.661
2.463
2.395
2.242
2.741
2.704
2.454
2.443
2.65
2.369
2.302
2.311
2.532
2.406
2.37
2.379
2.563
2.555
2.583
2.597
2.499
2.448
2.461
2.616
2.479
2.9210000000000003
2.485
2.469
2.557
2.535
2.242
2.5780000000000003
2.669
2.285
2.422
2.648
2.65
2.394
2.784
2.483
2.658
2.5540000000000003
2.59
2.632
2.504
2.467
2.58
2.379
2.528
2.593
2.514
2.316
2.697
2.533
2.246
2.567
2.398
2.59
2.715
2.431
2.807
2.523
2.789
2.645
2.547
2.559
2.529
2.8280000000000003
2.781
2.514
2.665
2.587
2.585
2.78
2.574
2.4930000000000003
2.499
2.557
2.587
2.435
2.635
2.311
2.378
2.519
2.325
2.661
2.357
2.6180000000000003
2.754
2.392
2.407
2.5580000000000003
2.399
2.543
2.627
2.688
2.669
2.583
2.583
2.26
2.502
2.406
2.675
2.582
2.339
2.619
2.512
2.254
2.6260000000000003
2.39
2.672
2.716
2.772
2.536
2.676
2.437
2.424
2.356
2.46
2.529
2.407
2.345
2.77
2.527
2.478
2.724
2.689
2.638
2.439
2.496
2.521
2.42
2.617
2.32
2.345
2.377
2.5540000000000003
2.434
2.59
2.519
2.82
2.408
2.527
2.49
2.435
2.574
2.702
2.645
2.644
2.273
2.682
2.266
2.53
2.353
2.9530000000000003
2.698
2.324
2.327
2.674
2.535
2.5660000000000003
2.542
2.357
2.514
2.384
2.6060000000000003
2.478
2.338
2.824
2.532
2.28
2.559
2.575
2.363
2.426
2.4290000000000003
2.428
2.656
2.63
2.745
2.294
2.53
2.326
2.719
2.516
2.204
2.533
2.76
2.4930000000000003
2.59
2.924
2.311
2.268
2.761
2.761
2.246
2.5
2.557
2.416
2.455
2.662
2.357
2.472
2.458
2.514
2.337
2.6660000000000004
2.571
2.504
2.682
2.07
2.335
2.508
2.483
2.285
2.632
2.574
2.692
2.495
2.472
2.752
2.503
2.756
2.517
2.486
2.47
2.486
2.957
2.583
2.5860000000000003
2.7310000000000003
2.569
2.568
2.535
2.625
2.6910000000000003
2.595
2.794
2.495
2.479
2.6630000000000003
2.629
2.315
2.405
2.41
2.651
2.524
2.655
2.415
2.547
2.513
2.309
2.768
2.236
2.587
2.653
2.643
2.582
2.532
2.316
2.556
2.248
2.271
2.704
2.517
2.516
2.419
2.6260000000000003
2.498
2.5380000000000003
2.635
2.678
2.502
2.434
2.393
2.553
2.591
2.595
2.505
2.589
2.42
2.312
2.3480000000000003
2.567
2.464
2.46
2.669
2.697
1.746
2.571
2.536
2.406
2.4290000000000003
2.839
2.377
2.14
2.447
2.7030000000000003
2.575
2.471
2.655
2.422
2.54
2.345
2.619
2.546
2.6630000000000003
2.591
2.608
2.62
2.7
2.569
2.513
2.531
2.459
2.651
2.547
2.565
2.5580000000000003
2.8
2.281
2.5660000000000003
2.489
2.38
2.337
2.611
2.233
2.531
2.291
2.61
2.43
2.451
2.735
2.641
2.34
2.8110000000000004
2.576
2.639
2.654
2.676
2.685
2.712
2.616
2.629
2.394
2.592
2.661
2.457
2.559
2.485
2.783
2.722
2.648
2.406
2.507
2.32
2.624
2.687
2.65
2.275
2.575
2.411
2.44
2.324
2.9160000000000004
2.582
2.329
2.571
2.533
2.52
2.651
2.562
2.372
2.232
2.659
2.507
2.674
2.645
2.721
2.478
2.739
2.388
2.355
2.476
2.742
2.654
2.7060000000000004
2.547
2.208
2.383
2.352
2.535
2.403
2.307
2.539
2.503
2.699
2.5660000000000003
2.637
2.689
2.696
2.709
2.622
2.516
2.497
2.497
2.457
2.498
2.459
2.336
2.547
2.555
2.656
2.234
2.768
2.447
2.186
2.853
2.576
2.765
2.736
2.5380000000000003
2.807
2.678
2.424
2.6060000000000003
2.4530000000000003
2.475
2.667
2.367
2.662
2.343
2.465
2.597
2.418
2.437
2.495
2.412
2.346
2.508
2.182
2.527
2.597
2.451
2.48
2.589
2.349
2.443
2.287
2.428
2.572
2.329
2.26
2.337
2.767
2.406
2.302
2.512
2.553
2.271
2.221
2.285
2.297
2.608
2.695
2.527
2.7110000000000003
2.371
2.484
2.222
2.508
2.33
2.485
2.403
2.62
2.441
2.699
2.454
2.4930000000000003
2.476
2.779
2.322
2.694
2.645
2.5780000000000003
2.162
2.506
2.584
2.6460000000000004
2.565
2.681
2.319
2.281
2.521
2.186
2.459
2.467
2.387
2.417
2.637
2.438
2.131
1.72
2.389
2.46
2.858
2.406
2.513
2.674
2.605
2.547
2.33
2.505
2.922
2.382
2.64
2.372
2.314
2.567
2.78
2.385
2.523
2.444
2.4290000000000003
2.6260000000000003
2.448
2.721
2.682
2.543
2.651
2.351
2.467
2.5660000000000003
2.575
2.4290000000000003
2.547
2.603
2.428
2.329
2.267
2.451
2.51
2.417
2.527
2.357
2.552
2.244
2.634
2.303
2.523
2.605
2.839
2.556
2.75
2.697
2.564
2.518
2.525
2.6460000000000004
2.486
2.579
2.36
2.555
2.36
2.508
2.4090000000000003
2.661
2.332
2.676
2.281
2.383
2.42
2.705
2.624
2.268
2.186
2.494
2.323
2.567
2.405
2.337
2.6010000000000004
2.588
2.443
2.628
2.146
2.277
2.451
2.475
2.522
2.767
2.425
2.514
2.472
2.357
2.6010000000000004
2.7110000000000003
2.464
2.702
2.597
2.656
2.705
2.367
2.479
2.748
2.468
2.379
2.494
2.238
2.358
2.682
2.513
2.521
2.651
2.572
2.879
2.488
2.438
2.553
2.514
2.6
2.442
2.622
2.292
2.6910000000000003
2.645
2.145
2.507
2.7430000000000003
1.961
2.68
2.15
2.7430000000000003
2.204
2.283
2.541
2.7110000000000003
2.54
2.196
2.53
2.337
2.474
2.46
2.8280000000000003
2.57
2.482
2.677
2.869
2.388
2.516
2.342
2.394
2.524
2.411
2.081
2.766
2.519
2.391
2.542
2.496
2.555
2.361
2.533
2.373
2.451
2.339
2.439
2.631
2.681
2.587
2.803
2.457
2.511
2.361
2.679
2.36
2.5780000000000003
2.537
2.248
2.574
2.297
2.29
2.492
2.466
2.323
2.374
2.629
2.064
2.353
2.602
2.5340000000000003
2.367
2.5
2.522
2.414
2.602
2.6
2.552
2.387
2.667
2.462
2.341
2.821
2.44
2.342
2.707
2.672
2.591
2.662
2.373
2.866
2.391
2.87
2.543
2.455
2.632
2.459
2.361
2.605
2.477
2.338
2.42
2.465
2.589
2.587
2.6660000000000004
2.4330000000000003
2.592
2.237
2.441
2.552
2.38
2.482
2.359
2.385
2.752
2.609
2.651
2.457
2.714
2.799
2.115
2.192
2.422
2.461
2.674
2.591
2.278
2.417
2.52
1.732
2.699
2.543
2.8560000000000003
2.511
2.385
2.633
2.647
2.724
2.461
2.647
2.248
2.641
2.26
2.722
