2.524
2.339
2.603
2.35
2.721
2.656
2.322
1.896
2.296
2.523
2.471
2.31
2.602
2.715
2.56
2.6830000000000003
2.449
2.557
2.497
2.209
2.491
2.116
2.246
2.383
2.395
2.764
2.4930000000000003
2.583
2.5340000000000003
2.405
2.463
2.5
2.529
2.184
2.492
2.694
2.354
2.267
2.616
2.424
2.608
2.5810000000000004
2.398
2.616
2.773
2.481
2.592
2.728
2.642
2.504
2.596
2.58
2.411
2.725
2.287
2.7510000000000003
2.7430000000000003
2.513
2.4219999999999997
2.605
2.7439999999999998
2.781
2.7239999999999998
2.636
2.67
2.5860000000000003
2.608
2.6060000000000003
2.859
2.322
2.2230000000000003
2.407
2.761
2.4019999999999997
2.474
2.2969999999999997
2.6510000000000002
2.445
2.687
2.6010000000000004
2.656
2.6460000000000004
2.178
2.6189999999999998
2.573
2.464
2.489
2.356
2.425
2.327
2.77
2.6860000000000004
2.404
2.673
2.454
2.76
2.2430000000000003
2.416
2.4290000000000003
2.697
2.412
2.4659999999999997
2.667
2.306
2.496
2.546
2.559
2.6839999999999997
2.48
2.627
2.6239999999999997
2.7030000000000003
2.58
2.334
2.513
2.271
2.603
2.4819999999999998
2.4419999999999997
2.6519999999999997
2.717
2.384
2.267
2.515
2.515
2.573
2.589
2.4459999999999997
2.498
2.588
2.4930000000000003
2.5
2.653
2.3819999999999997
2.6010000000000004
2.468
2.6889999999999996
2.35
2.532
2.5269999999999997
2.5660000000000003
2.316
2.351
2.452
2.766
2.411
2.7539999999999996
2.24
2.441
2.4090000000000003
2.4130000000000003
2.548
2.325
2.612
2.345
2.27
2.722
2.4619999999999997
2.557
2.4419999999999997
2.53
2.5980000000000003
2.521
2.827
2.555
2.678
2.215
2.617
2.6
2.313
2.461
2.386
2.52
2.5669999999999997
2.74
2.4219999999999997
2.5180000000000002
2.543
2.6630000000000003
2.5140000000000002
2.293
2.51
2.568
2.5140000000000002
2.602
2.408
2.325
2.479
2.494
2.679
2.385
2.447
2.505
2.718
2.509
2.556
2.503
2.405
2.305
2.289
2.698
2.6839999999999997
2.765
2.657
2.55
2.431
2.6710000000000003
2.54
2.436
2.4530000000000003
2.7960000000000003
2.7960000000000003
2.28
2.6639999999999997
2.6510000000000002
2.29
2.71
2.467
2.528
2.4619999999999997
2.345
2.569
2.64
2.6510000000000002
2.569
2.225
2.488
2.597
2.611
2.4659999999999997
2.481
2.7239999999999998
2.555
2.695
2.2030000000000003
2.699
2.383
2.5580000000000003
2.543
2.6
2.616
2.305
2.495
2.736
2.506
2.315
2.385
2.5789999999999997
2.625
2.735
2.595
2.9739999999999998
2.5069999999999997
2.394
2.4090000000000003
2.557
2.515
2.3930000000000002
2.536
2.688
2.427
2.589
2.491
2.41
2.443
2.5860000000000003
2.594
2.451
2.673
2.67
2.74
2.427
2.918
2.737
2.86
2.327
2.484
2.634
2.119
2.483
2.7510000000000003
2.574
2.54
2.6639999999999997
2.178
2.377
2.399
2.27
2.6460000000000004
2.387
2.633
2.5839999999999996
2.717
2.639
2.399
2.501
2.926
2.648
2.352
2.6519999999999997
2.605
2.569
2.2430000000000003
2.372
2.583
2.59
2.4090000000000003
2.4619999999999997
2.417
2.265
2.44
2.6180000000000003
2.648
2.458
2.714
2.7289999999999996
2.6239999999999997
2.6719999999999997
2.492
2.549
2.459
2.388
2.6010000000000004
2.1
2.218
2.6239999999999997
2.772
2.351
2.512
2.48
2.282
2.302
2.545
2.839
2.252
2.12
2.522
2.331
2.568
2.427
2.4419999999999997
2.559
2.03
2.248
2.452
2.6310000000000002
2.219
2.8110000000000004
2.329
2.362
2.406
2.351
2.528
2.4530000000000003
2.445
2.487
2.432
2.583
2.247
2.701
2.29
2.425
2.3169999999999997
2.342
2.432
2.6289999999999996
2.024
2.332
2.464
2.695
2.439
2.5340000000000003
2.693
2.826
2.497
2.262
2.6310000000000002
2.602
2.5980000000000003
2.645
2.681
2.489
2.583
2.602
2.8169999999999997
2.7239999999999998
2.521
2.395
2.572
2.487
2.6310000000000002
2.43
2.4619999999999997
2.4330000000000003
2.7689999999999997
2.456
2.504
2.46
2.4290000000000003
2.186
2.309
2.344
2.3480000000000003
2.576
2.543
2.38
2.463
2.8510000000000004
2.092
2.474
2.458
2.656
2.4859999999999998
2.675
2.542
2.645
2.9610000000000003
2.512
2.5810000000000004
2.27
2.447
2.552
2.701
2.435
2.515
2.544
2.594
2.383
2.532
2.363
2.565
2.417
2.424
2.008
2.685
2.467
2.6660000000000004
2.336
2.717
2.497
2.51
2.614
2.614
2.476
2.5810000000000004
2.491
2.258
2.49
2.722
2.452
2.61
2.491
2.258
2.302
2.546
2.428
2.515
2.497
2.904
2.282
2.654
2.533
