3.167
2.877
3.034
2.912
3.2230000000000003
3.136
3.0860000000000003
2.069
2.887
2.995
2.892
2.795
2.96
3.077
3.2889999999999997
3.142
2.8169999999999997
3.117
2.9339999999999997
2.7910000000000004
2.905
2.678
2.818
2.782
3.153
3.142
2.98
2.975
3.032
3.253
2.821
2.9330000000000003
2.8710000000000004
2.792
2.9939999999999998
2.9410000000000003
2.969
3.161
3.1010000000000004
3.048
3.017
2.9810000000000003
2.7689999999999997
3.188
3.114
3.1830000000000003
3.2489999999999997
3.15
2.9930000000000003
2.9189999999999996
3.0869999999999997
3.096
2.805
3.1630000000000003
3.015
2.886
3.0239999999999996
2.819
2.855
3.0639999999999996
2.9360000000000004
3.0860000000000003
2.9010000000000002
3.031
3.1689999999999996
2.8960000000000004
3.03
3.042
2.9619999999999997
2.7439999999999998
2.9010000000000002
2.8560000000000003
3.168
2.9960000000000004
3.002
2.838
3.1069999999999998
3.063
3.031
3.115
3.258
3.12
2.762
3.181
2.885
3.028
3.037
2.85
2.935
2.815
3.155
3.1310000000000002
2.86
3.116
3.153
3.042
2.897
3.17
2.9139999999999997
3.315
2.898
3.0980000000000003
2.985
2.912
2.9560000000000004
3.1289999999999996
3.074
3.068
2.855
3.22
2.9760000000000004
3.324
3.281
2.975
3.0010000000000003
2.86
3.0210000000000004
2.988
2.875
3.0389999999999997
3.103
2.8160000000000003
2.867
2.978
2.99
3.028
2.907
3.016
2.77
3.0580000000000003
2.94
2.9730000000000003
3.123
2.9219999999999997
3.0589999999999997
2.958
3.113
2.9139999999999997
2.8680000000000003
2.8739999999999997
3.005
2.9960000000000004
2.9210000000000003
2.972
3.2289999999999996
2.964
3.103
2.85
3.013
2.9
3.0389999999999997
3.08
2.884
2.995
2.937
3.0660000000000003
3.161
2.8110000000000004
3.0460000000000003
2.978
3.057
3.017
3.2030000000000003
3.3110000000000004
3.091
3.28
2.6860000000000004
3.242
3.056
3.028
3.076
3.0010000000000003
3.0239999999999996
3.02
2.9939999999999998
3.074
3.051
3.109
3.1489999999999996
2.9810000000000003
2.853
3.05
2.878
2.925
3.117
2.924
2.925
2.992
3.083
3.075
2.799
2.843
2.96
3.045
2.97
2.891
3.103
2.8819999999999997
2.792
2.832
3.0010000000000003
3.114
2.9530000000000003
3.18
3.04
2.898
3.102
3.003
2.863
3.01
3.185
3.167
2.915
3.0389999999999997
2.8930000000000002
2.804
3.035
3.1430000000000002
2.875
3.0060000000000002
3.141
2.917
3.234
3.177
2.966
2.9939999999999998
3.013
3.2569999999999997
3.0269999999999997
3.011
3.0
3.198
3.0239999999999996
3.125
2.844
3.014
3.128
2.952
3.002
2.779
2.945
2.9560000000000004
2.943
3.075
3.025
3.0610000000000004
3.0669999999999997
3.031
3.057
3.213
2.9210000000000003
3.2230000000000003
3.073
3.1489999999999996
2.929
3.089
2.987
2.8760000000000003
3.1460000000000004
3.077
3.005
3.054
2.9010000000000002
2.855
3.122
3.1189999999999998
3.205
2.957
3.103
3.2680000000000002
3.2
3.009
3.516
3.332
3.242
2.918
3.04
3.155
2.8310000000000004
2.9339999999999997
3.248
2.98
2.943
3.327
2.8369999999999997
2.9539999999999997
2.9939999999999998
2.8160000000000003
3.3680000000000003
2.866
3.005
3.198
2.958
3.114
3.0810000000000004
2.885
3.258
3.275
2.9010000000000002
3.073
3.074
3.0189999999999997
2.75
2.9960000000000004
3.1719999999999997
2.977
3.015
3.1689999999999996
2.952
2.8139999999999996
2.946
2.9560000000000004
3.221
3.002
3.0180000000000002
3.069
3.056
2.935
2.877
3.22
2.9130000000000003
2.9789999999999996
3.1860000000000004
2.898
2.701
3.0580000000000003
3.227
2.886
2.89
2.943
2.801
2.91
2.8960000000000004
3.2939999999999996
3.0410000000000004
2.787
2.991
2.674
3.002
3.235
3.005
2.9419999999999997
2.5860000000000003
3.0669999999999997
2.9589999999999996
2.821
2.813
3.1630000000000003
2.783
3.003
2.983
2.909
3.097
2.9939999999999998
2.839
3.0060000000000002
3.037
3.0789999999999997
2.759
3.3080000000000003
2.823
2.748
2.9339999999999997
2.835
3.089
3.285
2.7769999999999997
2.912
2.792
3.1310000000000002
2.99
2.9939999999999998
3.156
3.236
3.255
2.825
3.005
3.057
3.065
3.155
3.2319999999999998
3.037
3.385
3.167
3.361
3.185
3.194
2.8710000000000004
2.897
2.864
3.159
2.9
2.95
3.194
2.952
3.051
3.158
3.114
3.056
2.918
2.89
2.826
2.972
3.085
3.089
2.9539999999999997
3.0460000000000003
3.188
2.898
3.0989999999999998
2.923
2.9010000000000002
2.964
3.225
3.07
2.9989999999999997
3.355
3.112
3.051
2.806
2.92
2.9610000000000003
2.832
3.073
3.0460000000000003
3.09
3.0010000000000003
3.3819999999999997
3.185
2.906
3.011
2.8960000000000004
3.068
2.6519999999999997
3.135
2.891
3.089
2.773
3.162
3.17
3.1239999999999997
3.017
3.088
2.9330000000000003
2.9789999999999996
2.9989999999999997
2.807
3.217
3.113
2.958
3.043
3.1039999999999996
2.9410000000000003
2.628
2.9610000000000003
3.0210000000000004
3.005
2.878
3.292
2.842
3.089
2.9960000000000004
