3.0010000000000003
2.907
2.878
2.8560000000000003
2.926
2.855
2.9610000000000003
3.043
3.2260000000000004
2.9010000000000002
2.988
3.0610000000000004
3.03
2.864
3.1319999999999997
3.117
3.072
2.7560000000000002
2.952
3.24
3.049
2.888
2.9560000000000004
2.8369999999999997
2.964
2.698
2.707
3.0269999999999997
3.367
3.0839999999999996
3.076
2.8819999999999997
2.905
3.055
3.052
2.891
2.92
2.753
2.928
2.983
3.0069999999999997
3.1519999999999997
3.003
3.068
3.161
3.1839999999999997
2.9210000000000003
2.8739999999999997
3.168
2.9410000000000003
3.095
2.9930000000000003
3.0789999999999997
3.217
2.7430000000000003
2.989
2.8989999999999996
3.083
3.292
2.8280000000000003
2.8939999999999997
3.057
2.9010000000000002
2.804
2.9219999999999997
2.946
3.0269999999999997
3.009
3.1260000000000003
3.154
2.708
2.9939999999999998
3.108
3.239
3.198
3.195
3.217
3.0410000000000004
3.075
3.012
2.822
2.987
3.216
2.93
3.162
2.9410000000000003
2.947
2.972
3.139
2.8739999999999997
3.1239999999999997
2.847
3.194
2.915
3.109
2.9730000000000003
3.033
3.052
2.9360000000000004
2.9419999999999997
3.0189999999999997
3.037
2.96
2.991
3.155
2.576
3.193
3.089
3.054
2.8739999999999997
2.972
3.032
3.112
3.157
2.7489999999999997
2.9419999999999997
3.0869999999999997
2.741
3.258
3.2739999999999996
3.12
2.8939999999999997
3.365
2.9539999999999997
2.7889999999999997
2.8710000000000004
3.2039999999999997
3.0269999999999997
3.0980000000000003
3.2289999999999996
3.0469999999999997
3.128
3.088
2.886
2.733
2.815
3.1289999999999996
2.7560000000000002
2.7889999999999997
3.113
3.037
3.228
2.721
2.9010000000000002
2.7960000000000003
2.892
3.052
2.9560000000000004
3.0010000000000003
3.032
3.0810000000000004
3.062
3.162
2.88
3.1830000000000003
3.217
2.9130000000000003
3.145
2.998
3.014
3.05
3.029
3.176
3.0260000000000002
3.0
3.148
2.946
3.12
2.967
2.94
2.8169999999999997
3.025
3.1910000000000003
3.013
2.969
3.0589999999999997
2.932
2.995
3.0189999999999997
2.668
3.26
2.966
2.968
3.097
3.016
2.983
3.025
3.2460000000000004
3.193
3.1830000000000003
3.1310000000000002
3.2739999999999996
3.07
2.8369999999999997
2.9219999999999997
2.9339999999999997
3.0210000000000004
3.0669999999999997
2.8989999999999996
3.14
3.042
3.2060000000000004
3.002
3.08
2.998
3.036
3.042
3.1839999999999997
3.043
3.025
2.965
2.908
2.897
3.2910000000000004
3.1660000000000004
2.904
3.1260000000000003
2.952
3.068
3.0469999999999997
3.005
2.948
2.82
3.0060000000000002
3.048
3.198
3.057
3.037
3.042
3.085
3.1689999999999996
2.9610000000000003
2.963
2.924
3.053
3.292
3.236
3.057
3.113
2.95
3.0380000000000003
3.161
3.09
2.906
2.892
3.228
3.092
2.785
3.0989999999999998
3.0860000000000003
2.95
3.057
3.3089999999999997
2.9819999999999998
3.0460000000000003
2.948
2.98
2.764
3.093
2.95
2.807
3.036
2.9810000000000003
2.984
2.878
3.03
3.091
3.0010000000000003
3.145
2.783
2.9219999999999997
2.9989999999999997
2.707
2.87
2.889
3.23
3.133
2.821
3.076
3.0780000000000003
3.092
3.2889999999999997
2.951
3.347
3.182
2.917
2.8289999999999997
3.011
2.878
3.005
2.977
2.908
2.9530000000000003
2.929
2.819
2.889
3.0639999999999996
3.0
3.06
2.87
2.975
3.162
3.2110000000000003
3.11
3.009
2.93
3.083
3.0239999999999996
2.823
2.984
2.9610000000000003
3.0589999999999997
3.0069999999999997
2.947
2.68
2.884
2.858
3.053
2.949
2.978
3.116
3.051
3.275
2.867
2.958
3.1860000000000004
2.885
2.917
3.1069999999999998
2.8360000000000003
3.083
2.7680000000000002
2.9210000000000003
2.967
2.833
3.3280000000000003
3.1430000000000002
3.111
2.888
2.931
3.0069999999999997
2.987
2.966
3.128
2.9789999999999996
2.988
2.951
2.8680000000000003
3.009
2.9210000000000003
3.091
2.964
2.79
3.022
2.897
2.818
3.029
2.8310000000000004
2.9760000000000004
2.9189999999999996
2.91
3.0069999999999997
3.088
3.054
3.0469999999999997
3.1460000000000004
2.822
2.702
2.819
2.815
2.987
3.208
2.9410000000000003
3.043
3.06
2.772
3.275
2.866
3.2289999999999996
3.0639999999999996
3.234
3.177
3.04
3.1719999999999997
3.077
3.154
2.992
2.7969999999999997
3.013
3.012
2.967
3.1630000000000003
2.9010000000000002
3.1430000000000002
3.056
3.1919999999999997
3.2060000000000004
2.932
2.971
3.0839999999999996
2.8360000000000003
3.0069999999999997
2.9130000000000003
2.843
2.8510000000000004
2.795
3.0260000000000002
3.1189999999999998
3.08
3.142
3.275
2.865
3.112
2.9789999999999996
2.915
3.181
3.051
3.112
3.062
3.0439999999999996
3.295
3.141
3.31
2.83
3.045
2.9210000000000003
2.992
3.3289999999999997
3.063
3.0189999999999997
3.239
2.9
2.772
3.222
3.207
3.142
2.967
3.338
3.085
2.948
2.975
2.9389999999999996
3.158
3.063
2.765
3.053
3.035
3.075
2.804
3.285
2.99
3.011
3.042
3.0189999999999997
3.1660000000000004
3.089
2.917
2.923
3.187
3.082
3.26
3.2689999999999997
3.195
2.859
2.9160000000000004
3.108
3.145
3.1839999999999997
3.088
3.1310000000000002
2.9019999999999997
3.071
3.01
2.95
3.18
3.008
3.134
3.034
3.0239999999999996
2.7760000000000002
3.072
3.1489999999999996
2.9989999999999997
3.077
3.342
2.786
3.011
2.574
2.95
2.99
3.0189999999999997
2.852
3.008
2.923
3.17
3.253
3.017
3.097
3.113
2.987
3.522
3.1430000000000002
3.182
2.989
3.085
2.786
3.0660000000000003
3.014
2.945
2.978
3.219
2.781
2.9789999999999996
2.86
3.072
2.944
2.984
2.9010000000000002
3.1319999999999997
3.14
3.085
3.227
2.766
2.908
3.0810000000000004
2.884
3.2119999999999997
3.063
2.935
2.7119999999999997
2.636
2.9810000000000003
2.883
2.96
3.089
2.888
3.1069999999999998
2.98
2.924
3.343
3.115
2.761
3.02
3.01
2.964
3.128
3.275
3.013
3.24
3.069
3.0460000000000003
3.157
3.015
3.025
3.042
2.957
2.718
2.9760000000000004
2.9530000000000003
3.011
3.1630000000000003
3.0780000000000003
3.217
3.1460000000000004
2.955
3.023
2.8539999999999996
3.182
3.362
2.96
2.951
2.952
3.012
3.299
2.784
2.987
3.0189999999999997
3.11
2.7089999999999996
2.576
3.148
2.842
3.193
3.056
2.935
2.978
2.9819999999999998
3.1310000000000002
3.125
3.096
3.114
2.9760000000000004
2.714
3.1860000000000004
2.957
2.94
2.946
3.225
3.034
2.7460000000000004
3.195
2.9819999999999998
2.892
2.892
2.908
3.13
2.8360000000000003
2.9530000000000003
2.7460000000000004
2.821
2.682
3.074
3.28
2.92
2.8930000000000002
3.029
2.908
3.1830000000000003
3.088
2.764
3.0980000000000003
3.259
3.036
3.2710000000000004
3.048
3.028
2.952
3.2260000000000004
2.866
2.825
2.969
2.793
3.034
2.928
3.1319999999999997
2.986
2.779
3.188
3.137
2.9530000000000003
3.068
2.95
3.174
3.033
2.897
2.9810000000000003
2.931
2.98
2.9219999999999997
3.215
2.951
3.181
2.99
2.98
3.168
2.716
3.1180000000000003
3.23
2.923
3.095
2.847
3.102
2.948
3.0410000000000004
3.133
2.978
2.98
3.156
3.303
3.12
2.865
3.136
3.0439999999999996
3.0980000000000003
2.9019999999999997
2.736
3.111
2.883
3.0060000000000002
2.9539999999999997
3.056
2.8989999999999996
2.995
3.04
3.012
3.182
3.123
2.967
2.68
3.057
2.9160000000000004
2.839
2.8989999999999996
2.8110000000000004
3.036
2.8760000000000003
2.9539999999999997
3.0039999999999996
3.233
3.07
2.752
2.9139999999999997
2.9960000000000004
3.1489999999999996
3.057
2.995
3.1260000000000003
2.8480000000000003
3.0780000000000003
3.063
2.9410000000000003
2.905
2.928
2.986
3.122
2.955
3.05
3.1710000000000003
2.8080000000000003
3.158
3.1910000000000003
2.9019999999999997
2.9939999999999998
3.2119999999999997
3.022
3.155
3.0269999999999997
2.8539999999999996
3.387
2.9139999999999997
2.906
2.883
3.035
2.94
2.986
2.988
2.928
2.7539999999999996
3.0639999999999996
2.907
2.67
3.122
3.02
3.092
3.162
3.0460000000000003
3.353
3.096
2.865
2.985
2.818
3.178
2.945
2.995
3.097
3.128
3.014
3.1830000000000003
2.984
3.088
3.0069999999999997
2.641
3.1180000000000003
2.7889999999999997
3.008
3.028
3.298
2.855
2.9760000000000004
2.699
2.903
3.1710000000000003
2.908
2.88
3.002
2.983
3.093
2.9210000000000003
3.072
3.0189999999999997
2.475
3.1460000000000004
2.947
3.0460000000000003
3.0610000000000004
3.1830000000000003
3.093
3.196
3.1180000000000003
2.725
2.9960000000000004
3.076
2.846
2.94
2.872
3.108
2.9610000000000003
3.252
2.987
3.1239999999999997
3.227
2.9989999999999997
2.877
3.157
2.9419999999999997
3.085
2.928
2.9210000000000003
3.002
2.947
3.3089999999999997
3.0239999999999996
2.906
3.123
2.932
2.614
3.1310000000000002
2.839
2.977
3.0060000000000002
3.0189999999999997
3.176
3.017
2.91
3.0069999999999997
3.097
3.0789999999999997
3.068
2.807
2.92
3.267
2.9389999999999996
3.159
3.031
3.052
2.978
3.148
2.951
2.984
3.208
2.9539999999999997
3.142
3.155
2.803
2.98
2.853
3.089
2.9760000000000004
2.863
2.8139999999999996
3.076
3.049
2.9419999999999997
2.92
3.238
3.1519999999999997
2.8339999999999996
3.1260000000000003
3.037
3.103
3.1
2.528
3.0410000000000004
3.116
3.1519999999999997
2.905
3.052
2.906
3.344
3.228
3.033
2.964
3.017
2.887
3.095
2.892
3.187
3.09
3.173
3.085
3.0869999999999997
3.158
3.115
2.952
3.196
2.5269999999999997
3.122
2.5789999999999997
2.852
3.013
3.1660000000000004
3.21
3.123
3.033
3.3760000000000003
3.167
2.892
2.986
2.827
2.9530000000000003
2.9560000000000004
3.094
3.091
3.228
3.128
3.088
3.091
3.103
3.092
3.128
3.014
3.12
2.9010000000000002
3.218
3.2230000000000003
3.235
3.367
3.14
3.065
2.983
3.055
3.236
2.9410000000000003
3.0189999999999997
2.8939999999999997
2.826
2.915
2.989
2.9610000000000003
2.94
3.16
3.055
3.109
3.06
3.263
3.103
2.92
3.063
3.159
3.008
2.985
3.299
2.804
2.929
2.8489999999999998
3.1319999999999997
3.216
2.89
2.845
3.315
2.944
2.98
2.9730000000000003
3.0380000000000003
3.0580000000000003
2.832
3.0580000000000003
3.2510000000000003
2.861
3.065
3.1889999999999996
2.7910000000000004
3.11
3.194
3.016
2.705
2.888
3.036
3.1239999999999997
2.924
2.909
2.89
2.844
3.307
3.0410000000000004
3.133
3.0439999999999996
3.0380000000000003
2.992
2.9360000000000004
2.9810000000000003
3.069
3.054
2.891
3.034
3.0010000000000003
2.853
3.009
3.085
2.8810000000000002
3.2060000000000004
3.117
3.095
3.281
3.178
3.412
2.702
2.7039999999999997
2.987
3.2489999999999997
3.1010000000000004
3.08
2.963
2.952
2.83
3.3689999999999998
3.083
2.9960000000000004
3.083
3.043
3.137
2.83
2.9019999999999997
3.06
2.909
3.175
2.648
3.075
2.675
3.0580000000000003
3.117
3.1189999999999998
3.305
3.111
2.947
3.088
2.969
3.0810000000000004
3.2539999999999996
3.0580000000000003
3.17
3.27
2.9530000000000003
3.088
2.9730000000000003
2.988
2.872
3.0589999999999997
3.0389999999999997
3.05
2.74
2.9930000000000003
2.965
3.023
3.0060000000000002
3.1189999999999998
3.07
3.017
2.888
2.7769999999999997
3.0039999999999996
3.085
3.219
3.34
3.083
3.1630000000000003
3.088
2.938
2.9219999999999997
2.9589999999999996
3.031
3.052
3.1460000000000004
3.147
3.0469999999999997
3.0180000000000002
2.877
3.0
2.763
3.051
3.2039999999999997
2.968
2.799
3.157
3.04
2.9739999999999998
3.136
3.03
3.21
3.278
3.109
3.112
2.827
3.1180000000000003
3.165
2.702
3.04
3.01
2.9219999999999997
2.9419999999999997
2.803
2.88
3.031
3.014
3.014
3.028
3.043
2.95
3.185
2.955
3.09
2.963
3.063
2.73
3.037
2.9419999999999997
3.02
2.94
3.1060000000000003
2.7769999999999997
3.071
3.0810000000000004
2.9330000000000003
3.02
3.1510000000000002
3.138
3.035
3.095
2.9989999999999997
3.042
3.112
3.063
3.218
3.102
2.897
2.95
2.842
2.944
2.9760000000000004
3.1310000000000002
2.9960000000000004
3.0869999999999997
3.093
2.852
3.0610000000000004
3.03
3.108
3.198
3.1189999999999998
3.049
3.022
3.2689999999999997
3.1910000000000003
2.9419999999999997
2.8560000000000003
3.136
3.313
3.2110000000000003
3.0060000000000002
3.122
3.0069999999999997
3.037
3.0439999999999996
3.025
2.928
2.988
3.009
2.924
2.952
3.002
2.911
3.1310000000000002
3.0610000000000004
2.75
2.803
3.043
3.1189999999999998
3.0980000000000003
3.008
3.095
3.0010000000000003
2.839
3.036
2.949
3.21
3.105
3.1010000000000004
3.182
2.9330000000000003
2.827
2.928
3.179
3.266
2.823
3.0780000000000003
2.9810000000000003
2.7489999999999997
2.91
2.9019999999999997
3.096
3.0060000000000002
3.241
2.992
3.207
3.114
2.887
2.9219999999999997
2.787
3.013
2.825
3.0669999999999997
3.0810000000000004
3.122
3.0660000000000003
3.3960000000000004
3.1239999999999997
2.865
2.9610000000000003
3.19
3.1210000000000004
2.87
2.97
2.861
2.98
2.835
2.9130000000000003
2.944
3.071
3.015
3.407
2.925
2.975
3.0269999999999997
3.0069999999999997
2.93
3.105
3.0060000000000002
3.138
2.997
3.0580000000000003
2.952
3.0039999999999996
2.975
3.2030000000000003
2.987
2.944
2.8939999999999997
2.927
3.113
3.182
3.011
2.937
2.944
2.784
3.279
2.968
2.883
3.185
2.7489999999999997
2.8539999999999996
3.1
2.895
2.8110000000000004
2.897
3.0389999999999997
2.9989999999999997
3.162
3.1919999999999997
2.9539999999999997
2.923
3.073
2.7710000000000004
3.208
2.952
2.725
3.0180000000000002
3.072
3.147
2.991
3.34
3.0
2.778
3.073
3.161
2.943
3.035
3.0
2.925
2.923
3.177
2.798
3.188
2.99
3.1189999999999998
2.9530000000000003
3.162
3.125
3.036
3.367
2.6710000000000003
2.9189999999999996
2.8989999999999996
3.013
2.833
2.9739999999999998
3.062
3.102
3.045
3.1630000000000003
3.201
3.052
3.094
2.793
3.0460000000000003
2.9019999999999997
2.862
3.1639999999999997
3.168
3.049
3.102
3.096
3.127
3.063
2.985
3.06
3.037
3.27
3.011
2.9619999999999997
3.1919999999999997
3.074
2.998
2.971
2.9010000000000002
3.0210000000000004
3.202
3.196
2.908
3.103
2.883
2.89
3.227
2.853
3.196
2.98
2.926
2.9989999999999997
3.111
2.937
3.1310000000000002
2.8369999999999997
2.903
2.846
3.051
3.1889999999999996
2.88
3.235
2.944
3.2039999999999997
2.943
3.0810000000000004
2.991
3.1289999999999996
2.968
3.063
3.056
3.017
3.133
3.15
2.952
3.01
2.895
3.125
2.9139999999999997
3.011
3.048
3.052
2.509
3.253
3.1180000000000003
3.138
3.069
3.19
2.92
2.935
3.116
3.117
3.0639999999999996
2.6860000000000004
3.407
3.112
3.096
2.9019999999999997
2.887
3.096
3.073
2.9819999999999998
3.208
3.28
3.048
2.9939999999999998
2.992
2.972
2.9
3.1860000000000004
3.094
2.945
3.194
3.04
2.765
3.055
2.927
3.069
2.944
3.088
2.9760000000000004
3.156
2.946
3.173
2.9730000000000003
2.9010000000000002
3.096
3.077
2.9219999999999997
3.3139999999999996
3.173
3.1239999999999997
3.077
2.975
3.0010000000000003
3.148
3.028
3.194
2.8310000000000004
3.017
2.995
2.9530000000000003
3.114
3.222
3.092
3.142
3.096
3.2039999999999997
2.886
3.18
3.103
2.9160000000000004
3.173
2.658
3.071
2.702
2.944
2.8539999999999996
3.292
2.883
2.847
2.958
3.1860000000000004
3.063
2.9939999999999998
3.1510000000000002
2.7760000000000002
2.7439999999999998
3.2039999999999997
2.985
2.9539999999999997
3.005
3.225
2.9619999999999997
3.015
2.85
2.843
3.176
3.196
3.1889999999999996
3.112
2.9410000000000003
2.952
2.785
2.9410000000000003
3.0639999999999996
3.0389999999999997
2.928
3.096
2.8510000000000004
2.668
2.83
2.989
2.96
3.343
3.25
2.963
3.105
2.92
3.0610000000000004
3.1639999999999997
2.995
2.84
2.878
2.8760000000000003
3.1069999999999998
3.292
2.889
3.071
2.792
2.7960000000000003
3.264
3.03
3.095
3.242
2.887
3.341
3.134
2.95
3.02
2.8169999999999997
3.003
3.266
2.863
3.22
3.0239999999999996
2.801
3.0610000000000004
2.8680000000000003
3.1439999999999997
2.9530000000000003
2.908
2.8939999999999997
3.158
2.8310000000000004
2.943
3.097
2.904
2.9930000000000003
3.261
2.93
2.938
2.6839999999999997
3.0069999999999997
3.193
2.9730000000000003
2.764
2.984
3.287
2.7430000000000003
2.824
3.0580000000000003
3.168
2.945
2.738
2.7880000000000003
3.0789999999999997
2.872
3.286
3.18
3.0589999999999997
2.9139999999999997
2.972
2.7739999999999996
3.1010000000000004
2.88
2.863
2.988
3.013
3.2460000000000004
3.177
2.648
3.1310000000000002
2.9739999999999998
3.05
2.912
3.085
3.1180000000000003
3.148
2.543
3.167
2.998
3.1289999999999996
3.0210000000000004
3.208
3.029
2.833
3.0580000000000003
2.98
3.0460000000000003
3.074
2.951
2.991
3.0839999999999996
3.077
2.7689999999999997
2.262
2.795
3.1260000000000003
3.161
2.975
2.992
3.042
3.197
3.053
2.892
3.1
3.292
3.114
3.114
2.9960000000000004
2.755
3.198
3.233
2.906
2.99
3.154
2.9789999999999996
3.062
3.1430000000000002
3.219
2.9589999999999996
3.042
2.9589999999999996
2.889
3.052
3.07
3.029
2.853
3.053
2.938
2.827
2.843
2.677
3.0439999999999996
3.071
2.9530000000000003
3.1510000000000002
2.8760000000000003
3.062
2.912
3.1039999999999996
2.878
2.9960000000000004
3.015
3.2939999999999996
2.998
3.161
3.103
3.1460000000000004
3.0869999999999997
3.14
3.031
3.069
3.113
3.284
3.057
2.995
3.017
2.955
3.2039999999999997
3.02
2.9560000000000004
2.99
2.931
3.072
3.2119999999999997
3.1710000000000003
2.904
2.7439999999999998
2.92
3.0039999999999996
3.0580000000000003
3.053
2.989
3.12
2.8760000000000003
3.011
2.988
2.523
2.8369999999999997
2.932
3.11
2.8539999999999996
2.972
2.952
2.951
2.969
2.917
2.998
3.16
3.156
2.9810000000000003
3.1319999999999997
3.071
3.1639999999999997
2.863
2.997
3.077
2.87
2.753
3.117
2.906
3.017
3.08
3.091
3.0669999999999997
3.117
3.034
3.355
3.028
2.85
3.148
3.01
3.013
2.8989999999999996
3.076
2.8110000000000004
3.045
3.155
2.7969999999999997
3.04
3.05
2.555
3.012
2.537
2.989
2.8710000000000004
2.892
3.03
3.0989999999999998
2.92
3.051
3.014
2.955
3.074
2.9189999999999996
3.3569999999999998
3.097
3.016
3.025
3.123
2.775
2.842
2.855
3.0669999999999997
2.9939999999999998
2.944
2.875
3.069
3.11
3.033
3.014
3.127
2.928
2.952
3.0469999999999997
3.133
2.904
2.964
2.983
3.165
3.049
2.8939999999999997
3.2760000000000002
2.968
2.967
3.1719999999999997
3.221
2.822
2.7889999999999997
2.891
2.833
3.103
3.1060000000000003
2.89
3.089
2.938
3.095
2.8710000000000004
2.9539999999999997
3.054
3.09
3.335
2.906
2.889
2.9410000000000003
3.0239999999999996
3.082
3.1189999999999998
3.056
3.263
2.86
2.9010000000000002
3.0189999999999997
2.935
3.2110000000000003
3.035
3.252
2.384
3.093
3.02
2.929
2.978
3.19
3.263
3.1460000000000004
3.11
2.926
3.103
2.87
2.928
3.1889999999999996
2.923
2.862
2.957
3.14
2.997
2.9589999999999996
3.3689999999999998
3.005
3.263
3.069
2.8739999999999997
2.949
3.062
2.965
3.1439999999999997
2.965
3.105
3.193
3.052
3.075
3.0069999999999997
2.991
2.5869999999999997
2.74
3.1289999999999996
2.859
3.1519999999999997
3.1489999999999996
3.013
3.1010000000000004
3.127
2.237
3.255
2.93
3.155
3.0180000000000002
2.898
3.049
2.9739999999999998
3.0789999999999997
3.005
3.0260000000000002
2.785
3.202
2.8960000000000004
3.052
