3.0010000000000003
2.907
2.878
2.8560000000000003
2.926
2.855
2.9610000000000003
3.043
3.2260000000000004
2.901
2.988
3.0610000000000004
3.03
2.864
3.132
3.117
3.072
2.756
2.952
3.24
3.049
2.888
2.9560000000000004
2.837
2.964
2.698
2.707
3.027
3.367
3.084
3.076
2.882
2.905
3.055
3.052
2.891
2.92
2.753
2.928
2.983
3.007
3.152
3.003
3.068
3.161
3.184
2.9210000000000003
2.874
3.168
2.9410000000000003
3.095
2.9930000000000003
3.079
3.217
2.7430000000000003
2.989
2.899
3.083
3.292
2.8280000000000003
2.894
3.057
2.901
2.804
2.922
2.946
3.027
3.009
3.1260000000000003
3.154
2.708
2.994
3.108
3.239
3.198
3.195
3.217
3.0410000000000004
3.075
3.012
2.822
2.987
3.216
2.93
3.162
2.9410000000000003
2.947
2.972
3.139
2.874
3.124
2.847
3.194
2.915
3.109
2.9730000000000003
3.033
3.052
2.9360000000000004
2.942
3.019
3.037
2.96
2.991
3.155
2.576
3.193
3.089
3.054
2.874
2.972
3.032
3.112
3.157
2.749
2.942
3.087
2.741
3.258
3.274
3.12
2.894
3.365
2.954
2.789
2.8710000000000004
3.204
3.027
3.0980000000000003
3.229
3.047
3.128
3.088
2.886
2.733
2.815
3.129
2.756
2.789
3.113
3.037
3.228
2.721
2.901
2.7960000000000003
2.892
3.052
2.9560000000000004
3.0010000000000003
3.032
3.0810000000000004
3.062
3.162
2.88
3.1830000000000003
3.217
2.9130000000000003
3.145
2.998
3.014
3.05
3.029
3.176
3.026
3.0
3.148
2.946
3.12
2.967
2.94
2.817
3.025
3.1910000000000003
3.013
2.969
3.059
2.932
2.995
3.019
2.668
3.26
2.966
2.968
3.097
3.016
2.983
3.025
3.2460000000000004
3.193
3.1830000000000003
3.131
3.274
3.07
2.837
2.922
2.934
3.0210000000000004
3.067
2.899
3.14
3.042
3.2060000000000004
3.002
3.08
2.998
3.036
3.042
3.184
3.043
3.025
2.965
2.908
2.897
3.2910000000000004
3.1660000000000004
2.904
3.1260000000000003
2.952
3.068
3.047
3.005
2.948
2.82
3.006
3.048
3.198
3.057
3.037
3.042
3.085
3.169
2.9610000000000003
2.963
2.924
3.053
3.292
3.236
3.057
3.113
2.95
3.0380000000000003
3.161
3.09
2.906
2.892
3.228
3.092
2.785
3.099
3.0860000000000003
2.95
3.057
3.309
2.982
3.0460000000000003
2.948
2.98
2.764
3.093
2.95
2.807
3.036
2.9810000000000003
2.984
2.878
3.03
3.091
3.0010000000000003
3.145
2.783
2.922
2.999
2.707
2.87
2.889
3.23
3.133
2.821
3.076
3.0780000000000003
3.092
3.289
2.951
3.347
3.182
2.917
2.829
3.011
2.878
3.005
2.977
2.908
2.9530000000000003
2.929
2.819
2.889
3.064
3.0
3.06
2.87
2.975
3.162
3.2110000000000003
3.11
3.009
2.93
3.083
3.024
2.823
2.984
2.9610000000000003
3.059
3.007
2.947
2.68
2.884
2.858
3.053
2.949
2.978
3.116
3.051
3.275
2.867
2.958
3.1860000000000004
2.885
2.917
3.107
2.8360000000000003
3.083
2.768
2.9210000000000003
2.967
2.833
3.3280000000000003
3.143
3.111
2.888
2.931
3.007
2.987
2.966
3.128
2.979
2.988
2.951
2.8680000000000003
3.009
2.9210000000000003
3.091
2.964
2.79
3.022
2.897
2.818
3.029
2.8310000000000004
2.9760000000000004
2.919
2.91
3.007
3.088
3.054
3.047
3.1460000000000004
2.822
2.702
2.819
2.815
2.987
3.208
2.9410000000000003
3.043
3.06
2.772
3.275
2.866
3.229
3.064
3.234
3.177
3.04
3.172
3.077
3.154
2.992
2.797
3.013
3.012
2.967
3.1630000000000003
2.901
3.143
3.056
3.192
3.2060000000000004
2.932
2.971
3.084
2.8360000000000003
3.007
2.9130000000000003
2.843
2.8510000000000004
2.795
3.026
3.119
3.08
3.142
3.275
2.865
3.112
2.979
2.915
3.181
3.051
3.112
3.062
3.044
3.295
3.141
3.31
2.83
3.045
2.9210000000000003
2.992
3.329
3.063
3.019
3.239
2.9
2.772
3.222
3.207
3.142
2.967
3.338
3.085
2.948
2.975
2.939
3.158
3.063
2.765
3.053
3.035
3.075
2.804
3.285
2.99
3.011
3.042
3.019
3.1660000000000004
3.089
2.917
2.923
3.187
3.082
3.26
3.269
3.195
2.859
2.9160000000000004
3.108
3.145
3.184
3.088
3.131
2.902
3.071
3.01
2.95
3.18
3.008
3.134
3.034
3.024
2.776
3.072
3.149
2.999
3.077
3.342
2.786
3.011
2.574
2.95
2.99
3.019
2.852
3.008
2.923
3.17
3.253
3.017
3.097
3.113
2.987
3.522
3.143
3.182
2.989
3.085
2.786
3.0660000000000003
3.014
2.945
2.978
3.219
2.781
2.979
2.86
3.072
2.944
2.984
2.901
3.132
3.14
3.085
3.227
2.766
2.908
3.0810000000000004
2.884
3.212
3.063
2.935
2.712
2.636
2.9810000000000003
2.883
2.96
3.089
2.888
3.107
2.98
2.924
3.343
3.115
2.761
3.02
3.01
2.964
3.128
3.275
3.013
3.24
3.069
3.0460000000000003
3.157
3.015
3.025
3.042
2.957
2.718
2.9760000000000004
2.9530000000000003
3.011
3.1630000000000003
3.0780000000000003
3.217
3.1460000000000004
2.955
3.023
2.854
3.182
3.362
2.96
2.951
2.952
3.012
3.299
2.784
2.987
3.019
3.11
2.709
2.576
3.148
2.842
3.193
3.056
2.935
2.978
2.982
3.131
3.125
3.096
3.114
2.9760000000000004
2.714
3.1860000000000004
2.957
2.94
2.946
3.225
3.034
2.7460000000000004
3.195
2.982
2.892
2.892
2.908
3.13
2.8360000000000003
2.9530000000000003
2.7460000000000004
2.821
2.682
3.074
3.28
2.92
2.893
3.029
2.908
3.1830000000000003
3.088
2.764
3.0980000000000003
3.259
3.036
3.2710000000000004
3.048
3.028
2.952
3.2260000000000004
2.866
2.825
2.969
2.793
3.034
2.928
3.132
2.986
2.779
3.188
3.137
2.9530000000000003
3.068
2.95
3.174
3.033
2.897
2.9810000000000003
2.931
2.98
2.922
3.215
2.951
3.181
2.99
2.98
3.168
2.716
3.1180000000000003
3.23
2.923
3.095
2.847
3.102
2.948
3.0410000000000004
3.133
2.978
2.98
3.156
3.303
3.12
2.865
3.136
3.044
3.0980000000000003
2.902
2.736
3.111
2.883
3.006
2.954
3.056
2.899
2.995
3.04
3.012
3.182
3.123
2.967
2.68
3.057
2.9160000000000004
2.839
2.899
2.8110000000000004
3.036
2.8760000000000003
2.954
3.004
3.233
3.07
2.752
2.914
2.9960000000000004
3.149
3.057
2.995
3.1260000000000003
2.8480000000000003
3.0780000000000003
3.063
2.9410000000000003
2.905
2.928
2.986
3.122
2.955
3.05
3.1710000000000003
2.8080000000000003
3.158
3.1910000000000003
2.902
2.994
3.212
3.022
3.155
3.027
2.854
3.387
2.914
2.906
2.883
3.035
2.94
2.986
2.988
2.928
2.754
3.064
2.907
2.67
3.122
3.02
3.092
3.162
3.0460000000000003
3.353
3.096
2.865
2.985
2.818
3.178
2.945
2.995
3.097
3.128
3.014
3.1830000000000003
2.984
3.088
3.007
2.641
3.1180000000000003
2.789
3.008
3.028
3.298
2.855
2.9760000000000004
2.699
2.903
3.1710000000000003
2.908
2.88
3.002
2.983
3.093
2.9210000000000003
3.072
3.019
2.475
3.1460000000000004
2.947
3.0460000000000003
3.0610000000000004
3.1830000000000003
3.093
3.196
3.1180000000000003
2.725
2.9960000000000004
3.076
2.846
2.94
2.872
3.108
2.9610000000000003
3.252
2.987
3.124
3.227
2.999
2.877
3.157
2.942
3.085
2.928
2.9210000000000003
3.002
2.947
3.309
3.024
2.906
3.123
2.932
2.614
3.131
2.839
2.977
3.006
3.019
3.176
3.017
2.91
3.007
3.097
3.079
3.068
2.807
2.92
3.267
2.939
3.159
3.031
3.052
2.978
3.148
2.951
2.984
3.208
2.954
3.142
3.155
2.803
2.98
2.853
3.089
2.9760000000000004
2.863
2.814
3.076
3.049
2.942
2.92
3.238
3.152
2.834
3.1260000000000003
3.037
3.103
3.1
2.528
3.0410000000000004
3.116
3.152
2.905
3.052
2.906
3.344
3.228
3.033
2.964
3.017
2.887
3.095
2.892
3.187
3.09
3.173
3.085
3.087
3.158
3.115
2.952
3.196
2.527
3.122
2.579
2.852
3.013
3.1660000000000004
3.21
3.123
3.033
3.3760000000000003
3.167
2.892
2.986
2.827
2.9530000000000003
2.9560000000000004
3.094
3.091
3.228
3.128
3.088
3.091
3.103
3.092
3.128
3.014
3.12
2.901
3.218
3.2230000000000003
3.235
3.367
3.14
3.065
2.983
3.055
3.236
2.9410000000000003
3.019
2.894
2.826
2.915
2.989
2.9610000000000003
2.94
3.16
3.055
3.109
3.06
3.263
3.103
2.92
3.063
3.159
3.008
2.985
3.299
2.804
2.929
2.849
3.132
3.216
2.89
2.845
3.315
2.944
2.98
2.9730000000000003
3.0380000000000003
3.0580000000000003
2.832
3.0580000000000003
3.2510000000000003
2.861
3.065
3.189
2.7910000000000004
3.11
3.194
3.016
2.705
2.888
3.036
3.124
2.924
2.909
2.89
2.844
3.307
3.0410000000000004
3.133
3.044
3.0380000000000003
2.992
2.9360000000000004
2.9810000000000003
3.069
3.054
2.891
3.034
3.0010000000000003
2.853
3.009
3.085
2.881
3.2060000000000004
3.117
3.095
3.281
3.178
3.412
2.702
2.704
2.987
3.249
3.1010000000000004
3.08
2.963
2.952
2.83
3.369
3.083
2.9960000000000004
3.083
3.043
3.137
2.83
2.902
3.06
2.909
3.175
2.648
3.075
2.675
3.0580000000000003
3.117
3.119
3.305
3.111
2.947
3.088
2.969
3.0810000000000004
3.254
3.0580000000000003
3.17
3.27
2.9530000000000003
3.088
2.9730000000000003
2.988
2.872
3.059
3.039
3.05
2.74
2.9930000000000003
2.965
3.023
3.006
3.119
3.07
3.017
2.888
2.777
3.004
3.085
3.219
3.34
3.083
3.1630000000000003
3.088
2.938
2.922
2.959
3.031
3.052
3.1460000000000004
3.147
3.047
3.018
2.877
3.0
2.763
3.051
3.204
2.968
2.799
3.157
3.04
2.974
3.136
3.03
3.21
3.278
3.109
3.112
2.827
3.1180000000000003
3.165
2.702
3.04
3.01
2.922
2.942
2.803
2.88
3.031
3.014
3.014
3.028
3.043
2.95
3.185
2.955
3.09
2.963
3.063
2.73
3.037
2.942
3.02
2.94
3.1060000000000003
2.777
3.071
3.0810000000000004
2.9330000000000003
3.02
3.151
3.138
3.035
3.095
2.999
3.042
3.112
3.063
3.218
3.102
2.897
2.95
2.842
2.944
2.9760000000000004
3.131
2.9960000000000004
3.087
3.093
2.852
3.0610000000000004
3.03
3.108
3.198
3.119
3.049
3.022
3.269
3.1910000000000003
2.942
2.8560000000000003
3.136
3.313
3.2110000000000003
3.006
3.122
3.007
3.037
3.044
3.025
2.928
2.988
3.009
2.924
2.952
3.002
2.911
3.131
3.0610000000000004
2.75
2.803
3.043
3.119
3.0980000000000003
3.008
3.095
3.0010000000000003
2.839
3.036
2.949
3.21
3.105
3.1010000000000004
3.182
2.9330000000000003
2.827
2.928
3.179
3.266
2.823
3.0780000000000003
2.9810000000000003
2.749
2.91
2.902
3.096
3.006
3.241
2.992
3.207
3.114
2.887
2.922
2.787
3.013
2.825
3.067
3.0810000000000004
3.122
3.0660000000000003
3.3960000000000004
3.124
2.865
2.9610000000000003
3.19
3.1210000000000004
2.87
2.97
2.861
2.98
2.835
2.9130000000000003
2.944
3.071
3.015
3.407
2.925
2.975
3.027
3.007
2.93
3.105
3.006
3.138
2.997
3.0580000000000003
2.952
3.004
2.975
3.2030000000000003
2.987
2.944
2.894
2.927
3.113
3.182
3.011
2.937
2.944
2.784
3.279
2.968
2.883
3.185
2.749
2.854
3.1
2.895
2.8110000000000004
2.897
3.039
2.999
3.162
3.192
2.954
2.923
3.073
2.7710000000000004
3.208
2.952
2.725
3.018
3.072
3.147
2.991
3.34
3.0
2.778
3.073
3.161
2.943
3.035
3.0
2.925
2.923
3.177
2.798
3.188
2.99
3.119
2.9530000000000003
3.162
3.125
3.036
3.367
2.6710000000000003
2.919
2.899
3.013
2.833
2.974
3.062
3.102
3.045
3.1630000000000003
3.201
3.052
3.094
2.793
3.0460000000000003
2.902
2.862
3.164
3.168
3.049
3.102
3.096
3.127
3.063
2.985
3.06
3.037
3.27
3.011
2.962
3.192
3.074
2.998
2.971
2.901
3.0210000000000004
3.202
3.196
2.908
3.103
2.883
2.89
3.227
2.853
3.196
2.98
2.926
2.999
3.111
2.937
3.131
2.837
2.903
2.846
3.051
3.189
2.88
3.235
2.944
3.204
2.943
3.0810000000000004
2.991
3.129
2.968
3.063
3.056
3.017
3.133
3.15
2.952
3.01
2.895
3.125
2.914
3.011
3.048
3.052
2.509
3.253
3.1180000000000003
3.138
3.069
3.19
2.92
2.935
3.116
3.117
3.064
2.6860000000000004
3.407
3.112
3.096
2.902
2.887
3.096
3.073
2.982
3.208
3.28
3.048
2.994
2.992
2.972
2.9
3.1860000000000004
3.094
2.945
3.194
3.04
2.765
3.055
2.927
3.069
2.944
3.088
2.9760000000000004
3.156
2.946
3.173
2.9730000000000003
2.901
3.096
3.077
2.922
3.314
3.173
3.124
3.077
2.975
3.0010000000000003
3.148
3.028
3.194
2.8310000000000004
3.017
2.995
2.9530000000000003
3.114
3.222
3.092
3.142
3.096
3.204
2.886
3.18
3.103
2.9160000000000004
3.173
2.658
3.071
2.702
2.944
2.854
3.292
2.883
2.847
2.958
3.1860000000000004
3.063
2.994
3.151
2.776
2.744
3.204
2.985
2.954
3.005
3.225
2.962
3.015
2.85
2.843
3.176
3.196
3.189
3.112
2.9410000000000003
2.952
2.785
2.9410000000000003
3.064
3.039
2.928
3.096
2.8510000000000004
2.668
2.83
2.989
2.96
3.343
3.25
2.963
3.105
2.92
3.0610000000000004
3.164
2.995
2.84
2.878
2.8760000000000003
3.107
3.292
2.889
3.071
2.792
2.7960000000000003
3.264
3.03
3.095
3.242
2.887
3.341
3.134
2.95
3.02
2.817
3.003
3.266
2.863
3.22
3.024
2.801
3.0610000000000004
2.8680000000000003
3.144
2.9530000000000003
2.908
2.894
3.158
2.8310000000000004
2.943
3.097
2.904
2.9930000000000003
3.261
2.93
2.938
2.684
3.007
3.193
2.9730000000000003
2.764
2.984
3.287
2.7430000000000003
2.824
3.0580000000000003
3.168
2.945
2.738
2.7880000000000003
3.079
2.872
3.286
3.18
3.059
2.914
2.972
2.774
3.1010000000000004
2.88
2.863
2.988
3.013
3.2460000000000004
3.177
2.648
3.131
2.974
3.05
2.912
3.085
3.1180000000000003
3.148
2.543
3.167
2.998
3.129
3.0210000000000004
3.208
3.029
2.833
3.0580000000000003
2.98
3.0460000000000003
3.074
2.951
2.991
3.084
3.077
2.769
2.262
2.795
3.1260000000000003
3.161
2.975
2.992
3.042
3.197
3.053
2.892
3.1
3.292
3.114
3.114
2.9960000000000004
2.755
3.198
3.233
2.906
2.99
3.154
2.979
3.062
3.143
3.219
2.959
3.042
2.959
2.889
3.052
3.07
3.029
2.853
3.053
2.938
2.827
2.843
2.677
3.044
3.071
2.9530000000000003
3.151
2.8760000000000003
3.062
2.912
3.104
2.878
2.9960000000000004
3.015
3.294
2.998
3.161
3.103
3.1460000000000004
3.087
3.14
3.031
3.069
3.113
3.284
3.057
2.995
3.017
2.955
3.204
3.02
2.9560000000000004
2.99
2.931
3.072
3.212
3.1710000000000003
2.904
2.744
2.92
3.004
3.0580000000000003
3.053
2.989
3.12
2.8760000000000003
3.011
2.988
2.523
2.837
2.932
3.11
2.854
2.972
2.952
2.951
2.969
2.917
2.998
3.16
3.156
2.9810000000000003
3.132
3.071
3.164
2.863
2.997
3.077
2.87
2.753
3.117
2.906
3.017
3.08
3.091
3.067
3.117
3.034
3.355
3.028
2.85
3.148
3.01
3.013
2.899
3.076
2.8110000000000004
3.045
3.155
2.797
3.04
3.05
2.555
3.012
2.537
2.989
2.8710000000000004
2.892
3.03
3.099
2.92
3.051
3.014
2.955
3.074
2.919
3.357
3.097
3.016
3.025
3.123
2.775
2.842
2.855
3.067
2.994
2.944
2.875
3.069
3.11
3.033
3.014
3.127
2.928
2.952
3.047
3.133
2.904
2.964
2.983
3.165
3.049
2.894
3.276
2.968
2.967
3.172
3.221
2.822
2.789
2.891
2.833
3.103
3.1060000000000003
2.89
3.089
2.938
3.095
2.8710000000000004
2.954
3.054
3.09
3.335
2.906
2.889
2.9410000000000003
3.024
3.082
3.119
3.056
3.263
2.86
2.901
3.019
2.935
3.2110000000000003
3.035
3.252
2.384
3.093
3.02
2.929
2.978
3.19
3.263
3.1460000000000004
3.11
2.926
3.103
2.87
2.928
3.189
2.923
2.862
2.957
3.14
2.997
2.959
3.369
3.005
3.263
3.069
2.874
2.949
3.062
2.965
3.144
2.965
3.105
3.193
3.052
3.075
3.007
2.991
2.587
2.74
3.129
2.859
3.152
3.149
3.013
3.1010000000000004
3.127
2.237
3.255
2.93
3.155
3.018
2.898
3.049
2.974
3.079
3.005
3.026
2.785
3.202
2.8960000000000004
3.052
