2.757
2.435
2.67
2.239
2.779
2.701
2.529
1.575
2.474
2.569
2.5380000000000003
2.244
2.553
2.914
2.869
2.82
2.311
2.728
2.748
2.43
2.406
2.264
2.376
2.595
2.658
2.861
2.596
2.698
2.7230000000000003
2.661
2.506
2.519
2.506
2.146
2.623
2.824
2.48
2.364
2.732
2.474
2.562
2.639
2.537
2.708
2.911
2.649
2.875
2.7260000000000004
2.657
2.611
2.645
2.789
2.652
2.818
2.454
2.756
2.716
2.487
2.664
2.8710000000000004
2.776
2.675
2.481
2.627
2.7910000000000004
2.541
2.73
2.634
3.045
2.501
2.233
2.43
2.988
2.401
2.595
2.362
2.742
2.66
2.7510000000000003
2.616
2.8110000000000004
2.825
2.192
2.835
2.5860000000000003
2.572
2.557
2.34
2.481
2.501
2.94
2.739
2.465
2.92
2.797
2.887
2.248
2.471
2.5860000000000003
2.8510000000000004
2.628
2.701
2.627
2.359
2.6060000000000003
2.863
2.65
2.676
2.505
2.94
2.735
2.805
2.7880000000000003
2.417
2.6860000000000004
2.469
2.625
2.607
2.521
2.599
2.742
2.567
2.448
2.594
2.548
2.653
2.739
2.5660000000000003
2.585
2.681
2.5540000000000003
2.652
2.55
2.331
2.712
2.593
2.738
2.339
2.519
2.478
2.679
2.406
2.57
2.589
2.74
2.315
2.9730000000000003
2.45
2.423
2.657
2.568
2.636
2.526
2.602
2.411
2.417
2.658
2.33
2.825
2.652
2.5980000000000003
2.906
2.66
2.89
2.679
2.669
2.28
2.669
2.474
2.382
2.638
2.557
2.669
2.775
2.765
2.379
2.704
2.7060000000000004
3.003
2.562
2.37
2.571
2.527
2.654
2.61
2.386
2.488
2.677
2.51
2.6010000000000004
2.458
2.353
2.552
2.781
2.587
2.588
2.657
2.541
2.218
2.271
2.775
2.673
2.879
2.9410000000000003
2.555
2.633
2.684
2.704
2.337
2.688
2.983
2.854
2.403
2.681
2.648
2.403
2.823
2.685
2.297
2.467
2.505
2.572
2.627
2.734
2.571
2.402
2.402
2.748
2.702
2.506
2.883
2.88
2.545
2.955
2.336
2.7260000000000004
2.729
2.568
2.574
2.7230000000000003
2.752
2.402
2.7110000000000003
2.8480000000000003
2.704
2.465
2.285
2.611
2.717
2.754
2.9
2.803
2.667
2.794
2.56
2.612
2.624
2.727
2.8
2.502
2.552
2.76
2.406
2.6910000000000003
2.694
2.631
2.552
2.6260000000000003
2.798
2.761
2.778
2.725
2.757
2.805
2.914
2.341
2.725
2.67
2.389
2.552
2.874
2.651
2.661
2.826
2.236
2.45
2.258
2.467
2.847
2.507
2.737
2.545
2.264
2.906
2.602
2.521
2.854
2.595
2.504
2.705
2.7
2.69
2.394
2.389
2.758
2.684
2.616
2.7230000000000003
2.422
2.316
2.559
2.6910000000000003
2.708
2.508
2.728
3.023
2.739
2.81
2.548
2.835
2.776
2.336
2.641
2.25
2.291
2.783
2.877
2.381
2.471
2.62
2.066
2.235
2.641
3.092
2.4
2.326
2.65
2.282
2.763
2.718
2.674
2.573
2.145
2.6910000000000003
2.516
2.615
2.406
2.819
2.577
2.335
2.677
2.525
2.87
2.622
2.514
2.648
2.435
2.659
2.389
2.945
2.262
2.4
2.67
2.397
2.667
2.718
2.461
2.46
2.346
2.89
2.436
2.664
2.829
2.922
2.577
2.539
2.755
2.8110000000000004
2.813
2.62
2.763
2.557
2.914
2.701
2.873
2.775
2.776
2.59
2.5780000000000003
2.607
2.717
2.444
2.472
2.498
2.772
2.352
2.574
2.556
2.469
2.255
2.2430000000000003
2.501
2.49
2.62
2.74
2.525
2.602
2.768
2.426
2.78
2.599
2.761
2.48
2.87
2.647
2.718
2.891
2.5660000000000003
2.705
2.269
2.576
2.596
2.747
2.57
2.617
2.593
2.815
2.8710000000000004
2.901
2.428
2.6010000000000004
2.594
2.465
2.188
2.7510000000000003
2.5580000000000003
2.709
2.612
2.708
2.238
2.633
2.81
2.806
2.5810000000000004
2.605
2.664
2.547
2.749
2.664
2.569
2.737
2.65
2.295
2.399
2.793
2.715
2.693
2.52
2.918
2.463
2.73
2.8560000000000003
