2.481
2.696
2.693
2.574
2.823
2.793
2.472
1.745
2.532
2.712
2.602
2.5610000000000004
2.641
2.9410000000000003
2.847
2.737
2.468
2.665
2.685
2.146
2.6210000000000004
2.395
2.511
2.672
2.903
2.713
2.631
2.696
2.8480000000000003
2.7960000000000003
2.61
2.677
2.553
2.394
2.654
2.88
2.376
2.714
2.615
2.738
2.653
2.839
2.592
2.669
3.093
2.805
2.678
2.732
2.732
2.5580000000000003
2.754
3.015
2.712
2.918
2.257
2.84
2.783
2.616
2.781
2.8960000000000004
2.839
2.803
2.768
2.5340000000000003
2.78
2.392
2.758
2.66
2.929
2.625
2.394
2.321
2.818
2.825
2.809
2.545
2.705
2.745
2.821
2.853
2.949
2.819
2.559
2.907
2.727
2.547
2.41
2.573
2.605
2.628
2.925
2.866
2.57
2.801
2.6180000000000003
2.948
2.436
2.547
2.48
2.805
2.667
2.572
2.712
2.486
2.716
2.81
2.778
2.807
2.612
2.773
2.7060000000000004
2.714
2.776
2.511
2.602
2.537
2.678
2.579
2.172
2.877
2.893
2.513
2.491
2.764
2.488
2.668
2.634
2.697
2.53
2.797
2.59
2.693
2.527
2.757
2.722
2.6
2.792
2.316
2.687
2.6
2.7030000000000003
2.4
2.728
2.741
2.818
2.528
2.932
2.563
2.605
2.532
2.821
2.8160000000000003
2.546
2.8160000000000003
2.377
2.715
2.9730000000000003
2.521
2.81
2.738
2.714
2.6630000000000003
2.676
2.818
2.735
2.8480000000000003
2.242
2.852
2.619
2.6210000000000004
2.8760000000000003
2.834
2.803
2.809
2.5980000000000003
2.749
2.669
2.745
2.545
2.547
2.457
2.87
2.614
2.525
2.8080000000000003
2.5780000000000003
2.675
2.6010000000000004
2.701
2.775
2.619
2.255
2.738
2.833
2.712
2.722
2.761
2.656
2.286
2.525
2.879
2.838
2.938
2.7
2.506
2.64
2.752
2.8160000000000003
2.729
2.466
2.894
2.777
2.717
2.549
2.65
2.617
2.81
2.7030000000000003
2.504
2.439
2.704
2.664
2.88
2.8310000000000004
2.643
2.537
2.6830000000000003
2.783
2.884
2.612
2.739
2.934
2.727
2.798
2.573
2.85
2.668
2.396
2.665
2.428
2.829
2.346
2.678
2.902
2.766
2.669
2.31
2.729
2.806
3.004
2.759
3.069
2.462
2.805
2.524
2.903
2.765
2.7
2.6910000000000003
2.779
2.529
2.744
2.407
2.752
2.951
2.525
2.837
2.617
2.728
2.843
2.7910000000000004
2.8
2.926
3.024
2.954
2.478
2.512
2.675
2.292
2.546
2.934
2.709
2.78
2.878
2.573
2.564
2.7030000000000003
2.635
3.052
2.345
2.652
2.698
2.7430000000000003
2.834
2.846
2.449
3.093
2.802
2.68
2.7
2.88
2.655
2.5660000000000003
2.249
2.709
2.739
2.628
2.725
2.73
2.761
2.574
2.617
2.64
2.525
2.843
2.869
2.744
2.817
2.923
2.877
2.678
2.733
2.623
2.518
2.622
3.094
2.889
2.53
2.468
2.505
2.3480000000000003
2.407
2.727
3.14
2.447
2.582
2.66
2.565
2.863
2.844
2.7030000000000003
2.579
2.416
2.712
2.774
2.769
2.262
3.133
2.543
2.62
2.649
2.599
2.794
2.696
2.5980000000000003
2.685
2.942
2.826
2.695
2.8560000000000003
2.5340000000000003
2.608
2.41
2.638
2.665
2.781
2.438
2.739
2.382
2.879
2.5860000000000003
2.78
2.735
2.857
2.767
2.279
2.825
2.635
2.729
2.804
2.8
2.41
2.63
2.7430000000000003
2.852
2.745
2.725
2.5610000000000004
2.631
2.642
2.818
2.619
2.737
2.689
2.8160000000000003
2.582
2.6260000000000003
2.5380000000000003
2.641
2.264
2.442
2.438
2.6260000000000003
2.642
2.776
2.604
2.612
3.033
2.227
2.7060000000000004
2.647
2.758
2.631
2.8710000000000004
2.685
2.693
3.154
2.651
2.65
2.6460000000000004
2.563
2.727
2.5980000000000003
2.753
2.701
2.7030000000000003
2.794
2.6180000000000003
2.841
2.512
2.717
2.459
2.374
2.438
2.79
2.631
2.827
2.488
2.942
2.5660000000000003
2.6630000000000003
2.907
2.655
2.43
2.862
2.673
2.471
2.694
3.02
2.839
2.713
2.928
2.485
2.61
2.664
2.507
2.736
2.82
2.947
2.462
2.66
2.643
