2.4090000000000003
2.204
2.296
2.266
2.4219999999999997
2.403
2.269
2.265
2.38
2.289
2.026
2.392
2.4019999999999997
2.21
2.256
2.292
2.312
2.02
2.475
2.306
2.283
2.219
1.89
2.331
2.168
2.088
2.181
2.359
2.44
2.271
2.2680000000000002
2.2769999999999997
2.161
2.403
2.377
2.158
2.287
2.049
2.176
2.253
2.3890000000000002
2.332
2.3819999999999997
2.055
2.471
2.3930000000000002
2.169
2.088
2.403
2.315
2.285
2.498
2.329
2.501
2.173
2.0069999999999997
2.158
2.053
2.418
2.057
2.039
2.401
2.38
2.188
2.418
2.3280000000000003
1.849
2.167
2.222
2.344
2.0709999999999997
2.292
2.397
2.396
2.3280000000000003
2.441
2.465
2.324
2.344
2.293
2.154
2.369
2.181
2.397
1.98
2.41
2.374
2.267
2.367
2.126
2.384
2.24
2.447
2.347
2.4730000000000003
2.281
1.923
2.125
2.266
2.251
2.471
2.167
2.36
2.345
2.2769999999999997
1.979
2.324
2.199
2.384
2.342
2.175
2.467
2.376
2.082
1.795
2.329
2.396
2.1519999999999997
2.302
2.274
2.256
2.255
2.245
2.1790000000000003
2.149
2.33
2.263
2.343
2.156
2.479
1.895
2.502
2.472
2.324
2.065
1.8880000000000001
2.174
2.16
2.2159999999999997
2.434
2.246
2.37
1.828
2.082
2.171
2.215
2.269
2.309
2.371
2.3480000000000003
2.438
2.248
2.412
2.255
2.425
2.2680000000000002
2.351
2.582
2.3569999999999998
2.235
2.299
1.949
2.352
1.926
2.311
2.48
2.188
2.043
2.01
2.3280000000000003
2.276
2.169
2.322
2.434
2.126
2.379
2.282
2.398
2.323
2.006
2.551
2.375
1.9140000000000001
2.121
2.306
2.326
2.29
2.435
2.43
2.096
2.177
2.274
2.4130000000000003
2.017
2.329
2.271
2.167
1.9780000000000002
2.217
2.349
2.255
2.406
2.32
1.992
2.263
2.224
2.292
2.48
2.3209999999999997
2.334
2.447
2.115
2.031
2.256
2.397
2.112
2.535
2.263
2.319
2.322
2.425
2.278
2.056
2.315
2.21
2.335
2.373
2.126
2.319
2.234
2.0340000000000003
2.29
2.287
2.2230000000000003
2.1830000000000003
2.385
2.286
2.221
2.352
1.7819999999999998
1.995
2.319
2.158
2.2769999999999997
2.322
2.471
2.388
2.224
2.2230000000000003
2.296
2.301
2.14
2.394
2.293
2.293
2.372
2.042
1.6569999999999998
2.324
2.182
2.086
2.318
2.345
2.267
2.213
2.314
2.28
2.407
2.324
2.138
2.097
1.87
2.0469999999999997
2.283
1.939
2.312
2.293
2.121
2.227
2.259
2.176
2.3209999999999997
2.252
2.415
2.436
2.225
2.069
2.13
2.1319999999999997
2.2359999999999998
2.444
2.191
2.208
2.262
2.231
2.176
2.325
2.073
1.9880000000000002
2.316
2.346
2.234
2.502
2.05
2.2769999999999997
2.356
2.2159999999999997
2.046
2.136
2.315
2.266
2.4130000000000003
2.3280000000000003
1.9580000000000002
2.191
1.8940000000000001
2.142
2.391
2.3040000000000003
2.02
2.282
1.883
2.438
2.3169999999999997
2.289
2.5380000000000003
2.295
1.755
2.392
2.166
1.871
2.398
2.318
2.316
1.956
2.377
2.406
2.427
2.336
1.9480000000000002
2.2680000000000002
2.316
2.2680000000000002
2.452
2.095
2.267
2.195
1.895
2.3080000000000003
2.109
2.314
2.281
2.295
2.157
2.286
2.605
1.95
2.227
2.259
2.418
2.244
2.339
2.128
2.537
1.895
2.414
2.299
1.96
2.501
2.29
2.332
2.63
2.144
2.195
2.435
2.293
2.47
2.175
2.369
2.3480000000000003
2.443
2.485
2.1630000000000003
2.423
2.384
2.477
2.195
2.144
2.285
2.2640000000000002
2.306
2.346
2.376
2.272
2.426
2.395
2.4659999999999997
2.18
2.2680000000000002
2.024
2.041
2.2769999999999997
2.342
1.982
2.1
2.3409999999999997
2.126
1.952
2.4330000000000003
2.384
2.332
2.234
2.042
1.9280000000000002
2.187
2.392
2.112
2.38
2.249
2.359
2.4819999999999998
2.5140000000000002
2.5069999999999997
2.2430000000000003
2.301
2.116
2.294
2.478
2.41
2.358
2.2840000000000003
2.313
1.871
2.504
2.33
1.9240000000000002
2.406
2.6460000000000004
2.086
2.22
2.38
2.259
2.367
2.379
2.336
2.331
2.388
2.164
1.899
2.379
2.461
2.256
2.3040000000000003
2.23
2.474
2.448
2.272
2.029
2.358
2.325
2.311
2.221
2.484
2.245
2.292
1.861
2.309
2.227
2.145
2.005
2.185
1.996
2.282
2.201
2.461
2.22
2.2430000000000003
2.075
2.245
1.966
2.279
2.439
2.287
2.383
2.508
1.909
2.3169999999999997
2.296
1.7819999999999998
2.134
2.271
2.102
2.23
2.25
2.48
2.443
2.244
2.4
2.542
2.272
2.509
2.298
2.366
2.319
2.4019999999999997
2.379
2.454
2.093
1.857
2.3080000000000003
2.3209999999999997
2.094
2.363
2.02
2.383
2.227
2.347
1.921
2.395
2.5789999999999997
2.255
2.549
2.138
2.238
2.439
2.137
2.362
2.249
2.112
1.9280000000000002
1.7209999999999999
2.258
2.26
2.263
2.4130000000000003
2.358
2.405
2.285
2.138
2.403
2.386
2.1719999999999997
2.146
2.432
2.235
2.209
2.272
2.372
2.472
2.161
2.339
2.553
2.182
2.322
2.193
2.273
2.1830000000000003
2.29
2.379
2.423
2.3080000000000003
2.279
2.302
2.306
2.184
2.224
2.404
2.385
2.371
2.27
2.326
2.1959999999999997
2.3
2.467
1.9669999999999999
2.311
2.399
2.343
2.07
2.0180000000000002
2.405
2.235
2.2159999999999997
2.05
2.1
2.126
2.326
2.119
2.221
2.322
2.344
2.184
2.352
2.092
2.06
2.113
2.207
2.3209999999999997
2.065
1.93
2.323
2.311
2.155
2.349
2.002
2.346
2.2159999999999997
2.162
1.93
2.1919999999999997
1.922
2.247
2.397
2.242
2.046
2.119
2.197
2.386
2.302
1.9909999999999999
2.3480000000000003
2.438
2.2230000000000003
2.498
2.195
2.31
2.2880000000000003
2.426
2.2030000000000003
2.2640000000000002
2.2
2.056
2.392
2.1790000000000003
2.37
2.421
1.929
2.367
2.215
2.346
2.276
2.2769999999999997
2.52
2.265
2.322
2.063
2.108
2.241
2.451
2.463
1.952
2.2640000000000002
2.375
2.4019999999999997
2.336
2.013
2.428
2.444
2.144
2.391
2.186
2.2840000000000003
2.209
2.2430000000000003
2.4130000000000003
2.204
2.228
2.275
2.2030000000000003
2.443
2.316
2.156
2.385
2.329
2.209
2.247
1.962
2.169
2.36
2.484
2.423
2.351
2.314
2.306
2.235
2.463
1.935
2.316
2.198
2.267
2.272
2.293
2.157
2.1390000000000002
2.289
1.983
2.289
2.3
2.42
2.334
2.0140000000000002
2.474
2.154
2.312
2.298
2.331
2.459
1.964
2.1519999999999997
1.992
2.424
2.4290000000000003
2.194
1.94
2.274
2.233
2.326
1.916
2.036
2.349
2.406
2.1919999999999997
2.02
2.221
2.503
2.3280000000000003
2.265
2.258
2.464
2.353
2.032
2.3169999999999997
2.1919999999999997
2.133
2.39
2.32
2.15
2.084
2.05
2.096
2.303
2.4530000000000003
2.4019999999999997
2.4219999999999997
2.339
2.362
2.2640000000000002
2.263
2.1180000000000003
2.289
2.418
2.436
2.241
2.044
2.32
2.508
2.319
2.517
2.3369999999999997
2.302
2.035
2.125
2.406
2.246
2.265
2.214
2.29
2.0980000000000003
2.27
2.072
2.307
2.329
2.377
2.133
2.226
2.202
2.3569999999999998
2.197
2.356
2.199
2.024
2.411
2.02
2.251
2.254
2.42
2.331
2.293
2.353
2.012
2.004
2.354
2.392
2.256
2.339
2.229
2.259
2.278
2.354
2.54
2.401
2.197
2.11
2.499
2.447
2.22
2.2359999999999998
2.272
1.8780000000000001
2.281
2.444
2.135
2.13
2.372
1.949
1.979
2.245
2.133
2.175
2.269
2.033
2.472
2.251
2.025
2.04
2.408
2.156
2.546
2.171
2.251
2.427
2.256
2.19
2.059
2.405
2.1590000000000003
2.3480000000000003
2.281
2.233
2.358
2.352
1.9240000000000002
2.528
1.9269999999999998
2.275
2.167
2.217
2.133
2.125
2.12
2.339
2.388
2.346
2.125
2.436
2.55
2.266
2.437
2.3480000000000003
2.191
2.231
1.986
1.891
2.265
2.354
2.28
2.46
2.237
2.565
2.452
2.3040000000000003
2.182
2.331
2.1519999999999997
2.32
1.8519999999999999
2.25
2.15
2.309
2.372
2.273
2.468
2.2880000000000003
2.31
2.338
2.213
2.371
1.983
2.23
2.302
2.489
2.331
2.467
2.465
2.485
2.329
2.245
2.1430000000000002
2.146
2.331
2.084
2.331
2.398
2.563
2.21
2.2680000000000002
2.344
2.404
2.187
2.3080000000000003
2.08
2.248
2.364
2.333
2.38
2.3930000000000002
2.388
2.45
2.2569999999999997
2.316
2.026
2.3819999999999997
2.358
2.31
2.169
2.306
2.21
2.239
1.9909999999999999
2.042
2.5780000000000003
2.367
2.384
2.565
2.3480000000000003
2.201
2.13
2.221
2.255
2.138
2.307
2.535
2.127
2.23
2.076
2.302
2.255
2.174
1.969
2.455
2.129
2.224
2.123
2.299
2.275
2.1430000000000002
2.259
2.3569999999999998
2.23
2.331
2.44
2.0780000000000003
2.388
2.387
2.276
2.259
2.283
2.177
2.319
2.133
2.1830000000000003
2.255
2.2969999999999997
2.331
2.2640000000000002
2.457
2.424
2.278
2.398
2.336
1.943
2.189
2.185
2.0909999999999997
2.295
2.436
2.126
2.266
2.343
2.3040000000000003
2.2880000000000003
2.504
2.148
2.371
2.39
2.72
2.088
2.233
2.412
2.289
2.339
2.24
2.345
2.24
2.193
2.426
2.299
2.1959999999999997
2.37
2.261
2.378
2.008
2.266
2.358
2.27
2.278
1.9469999999999998
2.391
2.205
2.262
2.496
2.42
2.1390000000000002
2.411
2.055
2.239
2.3280000000000003
2.31
2.43
2.521
2.351
2.555
2.46
2.344
2.3080000000000003
2.227
1.9269999999999998
2.229
2.2880000000000003
2.327
1.889
2.335
2.237
2.205
2.306
2.1830000000000003
2.385
2.242
2.436
2.363
2.261
2.397
2.383
2.362
2.222
2.4459999999999997
2.3680000000000003
2.325
2.1430000000000002
2.267
2.38
2.274
2.3409999999999997
2.344
2.324
2.128
2.265
2.169
1.829
2.326
2.391
2.188
1.818
2.222
2.454
2.117
2.27
2.309
2.494
2.21
2.126
2.0580000000000003
2.13
2.408
2.443
2.314
2.519
1.9969999999999999
2.147
2.253
2.0140000000000002
2.206
2.281
2.08
1.985
2.378
2.265
2.229
2.372
2.165
2.15
2.287
2.312
2.127
2.488
2.2880000000000003
2.324
2.346
2.189
1.983
2.4330000000000003
2.428
2.252
1.95
2.407
2.373
2.3680000000000003
2.418
2.318
2.283
2.2359999999999998
2.388
2.178
2.12
2.266
2.225
2.176
2.252
2.311
2.305
2.082
2.303
2.375
2.085
2.494
2.28
2.306
2.364
2.258
2.3280000000000003
2.1519999999999997
2.4930000000000003
2.38
2.176
2.2319999999999998
2.198
2.36
2.387
2.282
2.417
2.352
2.2319999999999998
2.459
2.266
2.331
2.286
2.329
2.427
2.114
2.424
2.365
2.381
2.2
2.189
2.247
2.387
2.468
2.465
2.069
2.249
2.4090000000000003
2.043
1.992
2.221
2.372
2.416
2.399
2.431
2.383
1.949
2.1790000000000003
2.365
2.4659999999999997
2.23
2.162
2.353
2.21
2.307
2.1590000000000003
2.395
2.208
2.373
2.019
2.381
1.9809999999999999
2.141
2.185
1.915
2.31
2.256
2.287
2.3040000000000003
2.241
2.2569999999999997
2.4859999999999998
2.483
2.1919999999999997
1.9909999999999999
2.205
2.447
2.351
2.336
2.119
2.364
1.994
2.333
2.129
2.2880000000000003
2.6260000000000003
2.5540000000000003
2.004
2.335
2.217
2.458
2.205
2.365
2.387
2.53
2.3680000000000003
2.401
2.2640000000000002
2.194
2.023
2.53
2.31
2.226
2.13
2.388
2.4419999999999997
2.517
2.2680000000000002
2.253
2.35
2.244
2.275
2.188
2.31
2.425
2.061
2.177
1.867
2.248
2.1519999999999997
2.178
2.106
2.165
1.98
2.4419999999999997
2.3040000000000003
1.784
2.272
2.019
2.371
2.3569999999999998
2.314
2.272
2.2640000000000002
2.2969999999999997
1.972
2.637
2.248
2.195
2.282
2.35
2.316
2.332
2.32
2.27
2.182
2.263
2.115
2.178
2.19
2.381
2.332
2.399
2.0340000000000003
2.25
2.353
2.13
1.859
2.1919999999999997
2.346
2.198
2.291
2.447
2.283
2.003
2.252
2.363
2.21
2.622
2.075
2.347
2.166
1.9809999999999999
2.4530000000000003
2.379
2.344
2.254
2.335
2.258
2.073
2.3930000000000002
2.309
2.287
2.439
2.391
2.259
2.5580000000000003
2.4930000000000003
2.012
2.463
1.905
2.3680000000000003
2.28
2.351
2.099
2.001
2.182
2.12
2.412
1.9809999999999999
2.445
1.9609999999999999
2.3680000000000003
2.302
2.406
2.2030000000000003
2.369
2.28
1.8559999999999999
2.24
2.2430000000000003
1.996
2.26
2.48
2.233
2.499
2.275
2.306
2.282
2.34
2.21
2.3280000000000003
2.367
2.273
2.33
2.127
2.2
1.834
2.29
2.3569999999999998
2.2840000000000003
2.049
2.339
2.452
1.27
2.34
2.242
2.175
2.251
2.448
1.99
1.817
2.373
2.483
2.498
1.834
2.4419999999999997
2.379
2.3930000000000002
2.189
2.513
2.251
2.3169999999999997
2.443
2.506
2.0669999999999997
2.364
2.3040000000000003
2.221
2.245
2.2319999999999998
2.38
1.849
2.13
2.305
2.4219999999999997
2.3040000000000003
2.334
2.335
2.509
1.963
2.464
1.896
2.355
2.197
2.2159999999999997
2.153
1.921
2.295
2.2030000000000003
2.197
2.296
2.298
2.2359999999999998
2.303
2.286
2.218
2.515
2.134
2.237
2.15
2.214
2.219
2.403
2.318
2.379
2.533
2.504
2.331
2.2880000000000003
2.251
2.5380000000000003
2.295
2.2680000000000002
2.3409999999999997
2.154
2.31
1.96
2.155
2.066
2.464
2.374
2.343
2.199
2.306
1.992
1.834
2.323
2.141
2.016
2.39
2.347
2.3680000000000003
2.241
2.5140000000000002
2.392
2.496
2.334
2.278
2.3569999999999998
2.459
2.416
2.37
2.255
2.069
2.133
2.271
2.235
2.381
2.129
2.225
2.211
2.407
2.146
2.307
2.044
2.526
2.403
2.245
2.302
2.157
2.1790000000000003
2.495
2.354
2.326
2.089
2.256
2.11
2.0140000000000002
2.324
2.351
2.258
2.008
2.454
2.373
2.428
2.392
2.1959999999999997
2.573
2.355
2.3930000000000002
2.41
2.224
2.166
2.167
1.9180000000000001
2.428
2.156
2.175
2.483
1.962
2.221
2.291
2.085
1.959
2.367
2.1719999999999997
2.349
2.295
2.206
2.1790000000000003
2.336
2.335
2.373
1.922
2.441
2.397
2.239
1.6569999999999998
2.1590000000000003
2.365
1.982
2.19
2.221
1.992
2.099
2.372
2.419
2.27
2.177
2.157
2.209
2.3040000000000003
2.165
2.2769999999999997
2.1630000000000003
2.339
2.208
2.255
2.3209999999999997
2.2569999999999997
2.2880000000000003
2.4
1.94
2.185
2.379
2.488
1.982
2.386
2.345
2.472
1.874
2.215
2.426
2.324
1.881
2.376
2.029
2.352
2.397
2.185
2.314
2.378
2.24
2.131
2.394
2.168
2.1790000000000003
1.1079999999999999
2.119
2.333
2.615
1.996
2.302
2.34
2.49
1.955
2.336
1.982
2.557
1.9269999999999998
2.345
1.992
1.999
2.29
2.252
1.9709999999999999
2.397
2.3169999999999997
2.372
2.3369999999999997
2.3369999999999997
2.461
2.316
2.388
2.079
2.241
2.1
2.242
2.214
2.311
1.955
2.386
2.045
2.235
1.965
2.3480000000000003
2.217
2.242
2.356
2.273
2.327
2.188
2.147
2.175
2.178
2.289
2.542
2.26
2.436
2.204
2.369
2.089
2.3369999999999997
2.19
2.374
2.3680000000000003
2.215
2.424
2.286
2.426
2.4130000000000003
2.4930000000000003
2.396
1.949
2.195
2.381
2.3890000000000002
2.511
2.497
2.26
2.1790000000000003
2.1390000000000002
2.193
2.364
2.174
2.0780000000000003
2.319
2.424
2.0869999999999997
2.1790000000000003
2.09
2.153
2.065
2.373
2.2569999999999997
2.43
2.112
2.319
2.4090000000000003
1.8630000000000002
2.265
2.406
2.285
2.401
2.229
2.28
2.299
1.9180000000000001
2.138
2.306
2.3680000000000003
2.065
2.4730000000000003
2.1630000000000003
2.045
2.469
2.166
2.035
2.125
2.358
2.452
2.28
2.051
2.339
2.247
2.388
2.276
2.408
2.1430000000000002
2.461
2.174
2.083
2.305
2.329
1.886
2.431
1.8259999999999998
2.344
2.28
1.726
2.349
2.302
2.206
2.129
2.3480000000000003
2.218
2.418
1.994
2.58
2.274
2.327
2.437
2.3169999999999997
2.124
2.175
2.298
2.515
2.253
2.2359999999999998
2.13
2.417
2.388
1.901
2.383
2.301
2.472
2.298
2.252
2.356
2.246
2.289
2.13
2.32
2.423
2.281
2.452
2.253
2.093
2.101
2.447
2.102
2.329
2.2319999999999998
2.235
2.215
2.036
2.13
2.417
2.003
2.334
2.123
2.307
2.065
2.329
2.386
2.25
2.437
2.347
2.012
2.339
2.4019999999999997
2.15
2.461
2.146
2.3819999999999997
2.2680000000000002
2.032
2.543
2.371
2.293
2.3369999999999997
2.436
2.404
2.356
2.025
2.569
2.088
2.436
2.424
2.025
2.253
2.2969999999999997
2.22
2.406
2.252
2.347
2.3080000000000003
2.333
2.27
2.2880000000000003
2.64
2.125
2.412
2.1069999999999998
2.182
2.408
1.869
2.247
2.033
2.097
2.291
2.365
2.343
2.269
2.342
2.365
1.93
1.99
2.467
1.953
2.3040000000000003
2.56
1.983
2.373
2.095
1.4669999999999999
2.468
2.316
2.443
2.053
2.41
2.396
2.334
2.384
2.316
2.185
2.239
2.349
2.053
2.241
