2.154
2.1
2.423
2.133
2.395
2.3569999999999998
2.3209999999999997
1.7080000000000002
2.211
2.032
2.331
2.189
2.17
2.549
2.4219999999999997
2.521
2.009
2.3819999999999997
2.197
2.048
2.375
2.011
2.262
2.292
2.295
2.326
2.233
2.319
2.274
2.352
2.189
2.292
2.281
1.9409999999999998
2.126
2.411
1.995
2.494
2.31
2.327
2.2769999999999997
2.313
2.1319999999999997
2.404
2.6010000000000004
2.364
2.504
2.426
2.129
2.077
2.235
2.483
2.373
2.545
2.068
2.4530000000000003
2.235
2.123
2.593
2.252
2.553
2.381
2.202
2.037
2.2969999999999997
2.164
2.356
2.253
2.509
2.171
2.04
2.292
2.438
2.084
2.385
2.186
2.278
2.155
2.46
2.3930000000000002
2.468
2.415
2.239
2.477
2.289
2.153
2.075
2.2319999999999998
2.166
2.267
2.385
2.491
2.238
2.3890000000000002
2.299
2.465
2.083
2.119
2.224
2.275
2.278
2.263
2.099
1.989
2.205
2.141
2.149
2.311
2.131
2.53
2.459
2.122
2.363
2.327
2.313
2.122
2.249
2.329
2.217
1.919
2.244
2.129
2.202
2.106
2.3
2.358
2.259
2.405
2.099
2.193
2.156
2.2430000000000003
2.1919999999999997
2.395
2.242
2.166
2.344
2.046
2.323
2.262
2.1630000000000003
2.082
2.4130000000000003
2.126
2.4090000000000003
2.2
2.345
2.173
2.146
2.229
2.43
2.077
2.242
2.377
1.8159999999999998
2.295
2.49
1.931
2.468
2.34
2.3569999999999998
2.329
2.199
2.582
2.294
2.427
2.041
2.267
2.15
2.269
2.364
2.412
2.323
2.346
2.4530000000000003
2.27
2.238
2.315
2.135
2.302
2.1830000000000003
2.2969999999999997
2.276
2.025
2.2880000000000003
2.092
2.134
2.281
2.362
2.423
2.166
1.9509999999999998
2.125
2.009
2.394
2.371
2.347
2.108
1.867
2.044
2.3569999999999998
2.293
2.0580000000000003
2.418
2.15
2.274
2.3569999999999998
2.273
2.1790000000000003
2.086
2.34
2.324
2.178
1.909
2.316
2.247
2.286
2.2840000000000003
2.012
2.155
2.234
2.3
2.465
2.4290000000000003
2.349
2.241
2.015
2.258
2.338
2.01
2.1790000000000003
2.434
2.263
2.344
2.254
2.194
2.331
1.98
2.352
2.151
2.318
2.2230000000000003
2.234
2.386
2.256
2.423
2.219
2.272
2.34
2.512
2.218
2.434
2.121
2.51
2.103
2.502
2.278
2.267
2.3480000000000003
2.2880000000000003
2.184
2.371
2.0140000000000002
2.209
2.404
2.247
2.259
2.258
2.2969999999999997
2.388
2.4219999999999997
2.155
2.519
2.1919999999999997
2.61
2.576
2.186
2.311
2.036
2.206
2.48
2.37
2.256
2.299
2.214
1.9980000000000002
2.515
2.2769999999999997
2.562
1.7730000000000001
2.237
2.385
2.434
2.291
2.156
2.103
2.278
2.031
2.217
2.366
2.356
2.2840000000000003
2.22
1.992
2.404
2.2640000000000002
2.439
2.472
2.303
2.079
2.271
2.294
2.334
2.254
2.469
2.421
2.3
2.415
2.362
2.553
2.33
2.095
2.319
2.167
2.135
2.521
2.435
2.225
2.026
1.903
1.764
2.2680000000000002
2.096
2.542
2.269
2.234
2.22
2.182
2.3569999999999998
2.286
2.23
2.364
1.949
2.485
2.246
2.174
1.8769999999999998
2.425
2.233
2.229
2.23
2.1519999999999997
2.449
1.9680000000000002
2.242
2.293
2.323
2.177
2.399
2.489
2.149
2.115
2.055
2.273
2.271
2.36
2.082
2.238
2.008
2.377
2.305
2.34
2.464
2.246
2.347
2.056
2.2640000000000002
2.231
2.255
2.174
2.6069999999999998
2.075
2.1390000000000002
2.3819999999999997
2.539
2.375
2.41
2.079
2.307
2.2640000000000002
2.391
2.452
2.133
2.395
2.299
2.205
2.319
2.03
2.345
2.103
2.12
2.117
2.25
2.242
2.296
2.185
2.171
2.5069999999999997
2.056
2.467
2.336
2.254
2.1959999999999997
2.385
2.427
2.228
2.511
2.103
2.353
2.29
2.331
2.151
2.141
2.3080000000000003
2.295
2.246
2.251
2.09
2.171
2.082
2.318
1.9180000000000001
2.064
1.989
2.275
2.222
2.265
2.228
2.6310000000000002
2.362
2.318
2.447
2.2680000000000002
2.161
2.378
2.0380000000000003
2.278
2.33
2.435
2.272
2.303
2.539
1.974
2.056
2.227
2.235
2.209
2.3930000000000002
2.396
2.1830000000000003
2.205
2.363
