2.894
2.697
2.6180000000000003
2.695
2.612
2.81
2.959
2.719
2.887
2.774
2.444
2.607
2.963
2.889
2.805
3.103
2.768
2.8280000000000003
2.838
2.6660000000000004
2.712
2.62
2.814
2.577
3.099
2.7
2.462
3.035
2.797
3.0610000000000004
2.867
2.608
2.8280000000000003
2.891
2.922
3.275
2.7230000000000003
2.479
2.79
2.688
2.88
2.977
2.909
2.7460000000000004
2.922
3.105
2.82
2.684
3.049
2.536
2.965
3.054
2.899
3.164
2.597
2.742
2.649
2.886
3.076
2.587
2.563
2.82
2.624
2.715
2.579
2.582
2.65
2.813
2.9360000000000004
3.05
2.58
3.102
2.967
2.9
2.895
2.914
2.932
2.643
2.798
3.04
2.392
2.763
3.111
2.832
3.034
2.968
2.833
2.758
2.769
2.937
2.87
2.741
2.892
2.777
2.889
2.898
2.942
3.115
2.615
2.658
2.6910000000000003
2.974
2.7880000000000003
2.909
2.6710000000000003
2.6210000000000004
2.785
2.752
2.9610000000000003
2.5980000000000003
2.727
2.875
2.958
3.1260000000000003
2.583
2.727
2.954
2.809
2.407
2.785
2.837
2.768
3.284
2.53
3.0460000000000003
2.965
2.969
2.83
2.718
3.0210000000000004
2.579
3.174
2.997
2.725
2.623
2.62
2.867
2.769
2.692
3.129
2.9330000000000003
2.8480000000000003
2.614
2.639
2.688
2.628
2.6830000000000003
2.724
2.938
3.269
2.99
2.645
2.857
2.852
2.919
2.634
2.6830000000000003
2.943
2.82
2.784
3.049
2.994
2.665
2.966
2.62
3.034
2.982
3.277
3.141
2.929
2.5540000000000003
2.9560000000000004
2.96
2.85
2.728
2.7960000000000003
2.789
2.775
2.768
2.385
2.91
3.035
2.624
2.942
2.991
2.891
2.688
3.009
3.048
3.012
3.033
2.785
2.8080000000000003
2.9210000000000003
3.026
2.732
2.803
3.135
2.769
2.7910000000000004
2.858
3.1710000000000003
2.925
2.738
3.065
2.717
2.99
2.758
2.685
2.93
2.709
2.817
2.991
3.141
3.043
2.9810000000000003
2.733
2.894
2.712
2.688
2.802
2.862
2.886
2.803
2.803
3.102
2.705
2.778
2.935
2.661
2.772
2.786
2.8710000000000004
2.805
2.861
2.688
2.803
2.977
2.907
2.9810000000000003
2.785
2.869
2.7910000000000004
2.679
2.545
2.963
2.833
2.662
2.9610000000000003
2.86
2.919
2.798
2.994
2.596
3.124
2.773
2.774
2.451
2.895
2.829
2.846
2.777
2.76
2.721
2.718
2.769
2.873
2.715
2.907
2.549
2.542
2.8760000000000003
2.792
2.8280000000000003
2.942
3.0580000000000003
3.008
2.458
2.7510000000000003
2.701
3.01
2.897
2.747
2.969
2.748
2.988
2.651
2.81
2.717
2.736
2.7310000000000003
2.629
2.884
2.736
2.878
2.582
2.9360000000000004
2.675
3.027
2.826
2.997
2.693
3.1210000000000004
2.67
2.915
3.016
2.8710000000000004
2.803
2.656
2.861
2.624
2.986
2.882
2.853
2.892
2.715
2.649
2.789
2.591
2.919
2.8310000000000004
3.077
3.028
2.713
2.884
2.911
2.9410000000000003
2.716
3.05
2.747
2.826
2.5540000000000003
2.761
2.659
2.687
2.782
3.036
2.574
2.948
2.989
2.964
2.827
2.685
2.912
2.84
2.878
3.051
2.893
2.628
2.654
2.911
2.853
2.744
2.764
2.57
3.062
2.917
2.883
2.782
2.736
2.498
2.712
2.643
3.169
2.579
2.664
2.735
2.68
2.9160000000000004
2.741
2.73
3.637
2.514
2.635
2.817
2.651
3.004
2.696
3.03
2.83
2.9330000000000003
3.048
2.793
2.925
3.103
3.034
2.6660000000000004
2.431
2.797
2.891
2.888
3.019
2.843
3.012
2.964
2.887
2.758
3.154
2.853
2.34
3.1460000000000004
2.98
2.51
2.704
2.502
2.684
3.031
2.95
2.906
2.899
3.124
2.444
3.089
2.855
2.763
2.974
2.804
2.96
3.007
2.845
3.123
3.137
2.968
2.6460000000000004
2.758
2.7260000000000004
3.1010000000000004
3.0210000000000004
2.658
2.888
2.879
2.648
2.766
2.843
3.147
3.103
2.942
3.614
2.872
2.658
3.074
2.874
3.063
2.9130000000000003
2.781
2.639
2.676
2.724
2.545
2.894
3.05
2.898
2.859
2.708
2.898
2.89
2.895
2.94
2.758
2.8110000000000004
2.849
3.398
2.885
2.845
2.935
3.017
2.813
2.944
2.997
2.99
2.727
2.817
2.962
2.918
2.802
2.739
2.693
2.804
2.8
2.718
3.002
2.974
3.0580000000000003
3.0010000000000003
3.065
2.756
2.922
3.1010000000000004
2.9810000000000003
2.825
2.553
2.728
2.693
2.897
2.792
3.205
2.662
2.967
2.908
2.762
3.2510000000000003
2.732
2.904
2.879
2.797
2.673
2.972
3.1060000000000003
2.761
2.748
2.931
2.631
2.614
2.605
2.884
2.609
2.9930000000000003
2.837
2.759
2.917
2.675
2.884
2.76
2.6630000000000003
2.797
2.821
2.927
2.787
2.721
2.8280000000000003
2.392
2.881
2.767
2.704
2.972
2.553
2.946
2.8080000000000003
2.707
3.161
3.054
2.914
3.04
2.778
2.742
2.897
3.0860000000000003
2.664
2.962
2.841
2.702
3.032
2.823
2.887
2.725
2.7230000000000003
2.371
2.768
2.799
2.717
3.024
2.695
2.801
2.932
2.676
2.927
2.587
2.638
3.287
2.704
2.7260000000000004
2.596
2.546
2.883
2.263
2.713
2.914
2.8280000000000003
2.526
2.677
2.937
2.632
2.968
2.638
2.792
2.633
2.83
3.029
2.908
2.924
2.955
2.705
2.792
2.199
2.878
2.714
2.76
2.943
3.144
2.677
3.16
2.883
2.655
2.681
2.738
2.875
2.679
2.738
2.677
2.6460000000000004
2.631
2.798
3.051
2.833
2.584
2.922
2.7960000000000003
2.75
2.803
2.4730000000000003
2.988
2.974
2.611
3.14
2.59
2.719
2.694
2.673
2.822
2.7260000000000004
2.738
2.594
3.139
2.854
2.632
2.595
2.455
2.785
2.95
2.82
2.924
2.733
3.079
2.864
2.647
2.892
2.944
2.769
3.034
2.97
2.694
2.839
2.912
2.719
2.754
2.541
2.781
2.938
2.411
2.7030000000000003
2.769
3.123
2.741
2.926
2.866
2.899
2.785
3.024
3.3560000000000003
2.95
2.825
2.763
2.8760000000000003
2.85
2.98
2.892
2.892
2.895
2.884
2.789
2.7710000000000004
2.761
2.71
2.719
2.596
3.134
2.9610000000000003
2.628
2.604
2.8
2.717
2.733
2.632
2.665
2.911
2.638
2.6180000000000003
2.94
3.132
3.0660000000000003
2.7910000000000004
3.054
2.898
2.93
2.75
2.5
2.975
2.512
2.869
2.734
2.695
3.017
2.607
3.02
2.838
2.833
2.97
3.002
2.425
2.373
3.222
2.641
3.208
2.704
2.964
2.8
2.8110000000000004
2.714
3.2
2.53
2.865
2.849
2.7960000000000003
2.877
2.9810000000000003
2.798
2.501
2.763
2.394
2.62
2.494
2.799
3.013
3.064
2.674
2.886
3.2880000000000003
3.059
2.878
2.738
2.516
2.658
2.927
2.617
2.907
3.274
2.874
2.922
2.95
3.084
2.935
2.815
2.908
2.644
2.7510000000000003
2.676
2.8480000000000003
2.436
2.794
2.904
2.824
3.175
2.631
2.502
2.877
2.72
3.0
2.5980000000000003
2.824
2.724
2.356
3.11
3.082
2.835
2.6060000000000003
3.122
3.096
2.992
2.932
2.5660000000000003
2.629
3.341
2.744
2.6010000000000004
2.71
2.895
2.6180000000000003
3.011
2.725
3.486
2.946
2.739
2.812
3.096
2.846
2.873
2.649
2.849
2.552
3.104
2.9130000000000003
2.488
2.8310000000000004
2.793
3.06
2.149
3.067
2.887
2.833
2.939
2.897
2.944
2.783
2.7710000000000004
2.969
2.9210000000000003
2.839
2.544
2.4090000000000003
2.627
3.169
2.649
2.849
2.5860000000000003
2.7060000000000004
2.644
2.906
2.949
2.783
3.008
2.722
3.103
3.047
2.798
2.934
2.612
2.761
2.729
2.832
2.753
2.747
2.915
2.909
2.802
2.964
2.9760000000000004
2.88
2.883
2.813
2.7910000000000004
2.988
2.488
2.6710000000000003
2.8510000000000004
2.9
2.74
2.9160000000000004
2.575
3.138
2.895
2.758
2.725
2.931
2.582
2.885
2.604
2.978
2.93
3.04
2.695
2.824
2.761
2.853
2.994
2.94
2.257
3.16
1.958
2.84
2.74
3.167
3.023
2.753
3.009
3.5
2.874
2.738
2.704
2.511
2.694
2.604
2.812
2.924
3.242
2.951
2.6860000000000004
2.914
2.846
2.91
2.969
2.929
2.699
2.725
2.9210000000000003
2.944
2.817
2.839
2.745
2.84
2.729
2.968
3.095
2.282
2.801
2.745
2.681
2.6910000000000003
2.823
2.855
2.7880000000000003
2.9530000000000003
2.934
2.843
2.886
3.189
2.9530000000000003
2.749
2.779
2.824
3.17
3.082
3.059
2.5980000000000003
2.7310000000000003
2.651
3.074
3.1910000000000003
2.987
2.8
3.133
2.667
2.87
2.86
2.93
3.21
2.644
2.926
2.914
2.877
2.6830000000000003
2.891
3.075
2.714
2.96
2.702
2.8480000000000003
2.767
2.795
3.092
2.674
2.704
2.552
2.783
2.9610000000000003
2.919
3.0860000000000003
2.761
2.684
2.909
2.866
2.77
2.6910000000000003
2.774
2.682
2.769
2.849
2.609
3.099
2.8280000000000003
2.585
2.714
2.869
3.067
2.969
2.925
2.899
2.901
2.738
3.448
2.64
3.01
2.8080000000000003
2.713
2.611
2.753
2.849
2.935
2.972
3.048
2.778
2.559
2.51
2.832
2.634
2.696
2.661
2.477
2.822
2.615
2.875
2.847
2.793
3.016
2.9810000000000003
2.378
2.6630000000000003
3.094
2.685
2.929
2.781
2.725
2.929
2.724
2.777
2.9130000000000003
2.557
2.636
2.748
2.926
2.958
2.568
2.769
2.715
3.029
2.661
2.83
3.1830000000000003
2.68
2.905
2.8280000000000003
2.8360000000000003
2.775
3.3510000000000004
2.957
2.872
2.958
3.008
2.523
2.732
2.758
2.806
2.87
2.964
3.17
2.829
2.244
2.4730000000000003
2.819
2.537
2.915
3.003
2.61
2.92
2.7460000000000004
2.947
2.914
2.949
2.6710000000000003
2.858
2.904
2.86
2.7230000000000003
2.675
2.804
3.059
2.656
2.886
2.634
2.827
2.42
2.78
2.822
2.734
2.929
3.112
2.689
3.023
2.798
2.947
2.6830000000000003
2.93
2.685
2.931
2.668
3.164
2.779
2.874
2.785
2.793
2.84
2.757
3.044
2.716
2.874
3.067
3.095
2.654
3.024
2.704
2.76
2.879
2.991
2.947
2.8710000000000004
2.7060000000000004
2.914
2.587
2.673
2.93
2.832
2.616
2.854
2.676
2.733
3.017
2.842
2.652
2.966
2.559
3.03
3.105
3.019
3.139
2.833
2.814
2.792
2.9760000000000004
3.027
2.9
3.005
2.9730000000000003
2.911
2.918
3.137
2.572
2.674
3.087
2.63
2.849
2.809
2.6460000000000004
2.773
2.9160000000000004
2.455
2.807
2.898
2.9
3.019
2.756
2.862
2.799
2.883
2.6210000000000004
2.878
2.844
2.801
2.882
2.687
2.484
2.809
2.772
2.803
2.775
2.765
2.79
2.857
2.834
2.74
2.898
3.113
2.829
2.9930000000000003
2.878
3.039
2.761
2.845
2.66
2.635
2.8110000000000004
2.693
2.714
3.132
2.5380000000000003
2.707
3.188
3.0
2.984
2.855
3.057
2.799
3.225
2.821
2.547
2.721
3.141
2.85
2.667
3.016
2.835
3.19
2.757
2.7710000000000004
2.64
2.664
2.9610000000000003
2.907
2.994
2.622
2.775
2.722
2.673
2.654
2.372
2.919
3.029
2.749
2.452
2.82
3.025
2.8080000000000003
2.716
2.662
2.767
2.9410000000000003
3.089
2.83
2.608
2.9560000000000004
2.7310000000000003
2.677
2.904
2.768
2.548
2.942
2.675
2.656
3.034
2.947
2.849
2.585
2.803
2.684
2.802
2.623
2.645
2.797
2.929
2.838
3.082
3.675
2.678
2.625
2.765
3.162
2.71
2.8160000000000003
2.741
2.825
2.934
2.826
2.893
2.582
2.944
2.853
2.772
3.1630000000000003
2.807
2.827
3.095
2.459
2.676
2.8280000000000003
2.768
2.602
2.823
3.1060000000000003
2.891
3.1710000000000003
3.039
3.016
2.847
2.977
2.744
2.795
2.617
2.682
3.177
2.928
2.94
2.997
2.938
2.877
2.8760000000000003
2.928
3.005
2.741
2.905
2.821
2.891
2.762
3.0580000000000003
2.718
2.867
2.963
2.814
2.798
2.9360000000000004
2.728
2.9730000000000003
2.625
2.48
2.927
2.845
2.969
3.2310000000000003
2.893
2.883
2.61
2.623
2.729
2.814
2.878
2.92
2.798
3.1260000000000003
2.747
3.374
2.922
2.96
2.684
3.067
2.742
2.886
2.814
2.662
2.745
2.72
2.962
3.055
2.693
2.7910000000000004
2.728
2.852
2.8080000000000003
2.804
2.727
2.8680000000000003
1.956
3.0410000000000004
2.775
2.799
2.939
2.925
2.965
2.645
2.839
2.954
2.861
3.239
2.98
2.857
2.9360000000000004
2.787
3.125
3.0610000000000004
3.051
3.088
2.883
3.1010000000000004
2.7260000000000004
2.745
2.977
2.727
2.574
2.714
2.888
3.017
2.794
3.184
2.634
2.722
2.819
3.0010000000000003
2.718
2.85
2.382
2.8110000000000004
2.502
2.8360000000000003
2.483
2.837
2.87
3.113
2.5610000000000004
3.092
2.845
2.897
2.898
2.653
2.883
2.8960000000000004
3.068
2.859
2.905
3.062
2.694
2.701
2.942
3.071
3.1660000000000004
3.025
2.869
2.9130000000000003
2.568
2.785
2.886
2.694
2.855
2.571
3.2880000000000003
2.68
2.653
2.476
3.0660000000000003
2.945
2.51
2.917
3.032
2.734
3.023
2.802
2.754
2.482
3.028
2.815
2.757
2.699
3.083
3.143
3.1460000000000004
2.652
2.713
2.838
3.69
2.8680000000000003
3.07
2.869
2.414
2.6010000000000004
2.802
2.693
2.629
2.881
2.735
2.589
3.188
3.185
2.925
2.698
3.027
2.98
2.669
2.827
2.427
2.701
2.843
2.7230000000000003
2.704
3.065
2.901
2.9530000000000003
3.039
2.677
2.957
2.749
2.774
3.346
2.945
2.958
3.103
2.992
3.026
2.806
2.732
2.814
2.83
2.624
2.957
2.667
2.9730000000000003
2.705
2.68
2.9930000000000003
2.76
2.939
2.734
2.985
2.766
2.7460000000000004
2.537
2.599
2.678
2.687
2.8280000000000003
2.889
2.661
2.553
2.411
2.8280000000000003
2.885
2.907
2.451
2.93
3.137
2.814
2.767
2.849
2.9810000000000003
2.6660000000000004
2.6710000000000003
2.587
2.881
2.832
3.411
2.832
2.932
2.929
2.7110000000000003
2.664
2.718
3.026
2.803
2.774
2.842
2.8710000000000004
2.969
2.675
2.778
2.858
2.892
2.72
2.893
3.008
2.974
2.323
2.863
2.6910000000000003
2.942
2.639
2.972
2.779
2.553
2.87
2.681
2.827
2.781
2.495
2.89
2.714
2.8360000000000003
2.395
1.904
2.799
2.977
3.234
2.906
2.766
2.9160000000000004
2.89
3.13
2.617
3.013
3.074
2.804
2.908
2.747
2.602
3.01
2.918
2.722
2.727
2.727
2.613
2.917
2.768
2.886
2.8160000000000003
2.958
2.947
2.885
2.5780000000000003
2.8510000000000004
2.568
2.78
3.13
2.917
2.379
2.75
2.619
2.798
3.033
2.782
2.978
2.8480000000000003
2.567
2.73
2.658
2.652
2.88
3.067
3.172
2.7230000000000003
2.903
3.277
2.826
2.917
2.826
2.878
2.8160000000000003
2.853
2.915
2.92
2.555
2.569
2.716
2.895
3.069
2.812
2.76
2.837
2.9360000000000004
2.927
2.883
2.76
2.599
2.776
2.977
2.917
2.885
2.631
2.71
2.812
2.833
2.71
2.494
2.657
3.105
2.74
2.81
2.852
2.979
2.882
2.91
2.639
2.814
2.81
2.8280000000000003
2.8510000000000004
3.0860000000000003
2.92
3.305
2.667
2.717
2.8680000000000003
2.5810000000000004
2.556
2.882
2.803
2.817
2.803
2.742
3.21
2.8480000000000003
2.947
3.057
2.687
3.006
2.742
2.859
2.733
2.639
2.9530000000000003
2.893
2.984
2.969
2.696
2.688
2.863
2.432
2.9730000000000003
2.336
2.887
2.665
2.695
2.892
3.04
2.701
2.7510000000000003
2.944
2.592
2.717
2.769
3.325
3.036
2.5980000000000003
3.227
3.029
2.559
2.582
2.818
3.072
2.8
2.718
2.717
3.004
2.714
2.499
2.8110000000000004
2.887
3.133
2.616
2.967
3.1260000000000003
2.775
2.636
2.863
2.899
2.8080000000000003
2.764
2.917
2.659
2.514
2.47
2.79
2.741
2.55
2.631
2.636
3.0
2.988
2.584
2.604
2.855
2.654
2.595
2.885
1.435
2.737
2.864
2.604
3.0810000000000004
2.775
2.658
2.892
2.8280000000000003
3.063
2.95
3.142
2.885
3.083
2.599
3.264
2.728
2.65
3.1460000000000004
3.0780000000000003
3.006
2.849
2.829
3.018
2.802
3.109
2.991
2.915
2.861
2.745
2.488
2.799
2.668
2.829
2.677
2.727
2.7230000000000003
2.861
3.4210000000000003
2.668
3.035
2.564
2.546
3.004
2.7710000000000004
2.795
2.879
2.635
2.954
2.883
2.902
2.81
3.08
2.835
2.252
2.764
2.873
2.929
2.927
3.007
2.568
2.712
2.725
2.03
3.092
2.738
3.611
3.1060000000000003
2.76
2.707
2.988
2.9730000000000003
2.669
2.714
2.882
2.929
2.634
3.064
