2.229
2.06
2.111
2.097
2.089
2.367
2.1630000000000003
2.169
1.907
2.174
1.849
2.279
2.259
2.104
2.2840000000000003
2.446
1.989
1.986
2.14
2.303
2.131
2.157
1.848
2.052
2.133
1.924
1.974
2.101
2.234
2.268
2.191
2.136
2.04
2.227
2.212
2.023
2.252
1.929
2.11
2.126
2.33
2.331
2.188
1.838
2.318
2.319
2.0540000000000003
2.102
2.287
2.134
2.232
2.26
2.175
2.358
2.16
1.956
1.989
1.869
2.187
1.864
1.982
2.2840000000000003
2.271
2.134
2.216
2.174
1.804
1.935
2.175
2.208
1.9
2.1590000000000003
2.272
2.309
2.129
2.214
2.4
2.151
2.27
2.143
1.982
2.23
1.893
2.275
1.75
2.207
2.231
2.182
2.161
1.7280000000000002
2.211
2.167
2.334
2.216
2.189
1.994
1.876
1.926
2.2030000000000003
1.978
1.876
2.124
2.3480000000000003
2.233
2.282
1.668
2.262
2.048
2.301
2.107
2.042
2.321
2.33
1.876
1.682
2.158
2.145
2.149
2.072
2.028
2.135
2.154
2.099
2.0580000000000003
2.083
2.135
2.146
2.358
2.181
2.266
1.791
2.287
2.213
2.047
1.694
2.067
2.083
1.992
2.077
2.432
2.192
2.169
1.837
2.052
2.069
2.272
2.217
2.153
2.225
2.268
2.375
1.98
2.336
2.076
2.232
2.164
2.128
2.487
2.27
2.138
2.268
1.95
2.226
1.822
2.144
2.361
1.981
2.051
1.982
2.033
2.184
2.092
2.323
2.301
2.027
2.289
2.114
2.202
2.147
2.018
2.318
2.24
1.874
2.093
2.239
2.261
2.178
2.267
2.181
2.296
2.008
2.028
2.324
1.999
2.266
2.184
1.871
2.076
2.193
2.329
2.257
2.361
2.197
1.805
2.286
2.246
2.316
2.312
2.152
2.21
2.286
2.138
1.847
2.175
2.411
1.964
2.47
2.317
2.173
2.122
2.286
2.267
2.09
2.222
2.167
2.384
2.292
2.141
2.193
2.088
1.997
2.195
2.233
2.219
2.083
2.265
2.213
2.216
2.169
1.642
1.908
2.331
2.149
2.093
2.181
2.382
2.131
2.123
2.299
2.224
2.108
2.13
2.305
2.272
2.12
2.301
1.875
1.628
2.2430000000000003
2.057
1.857
2.157
2.081
2.259
2.0540000000000003
2.252
2.315
2.214
2.197
1.961
2.044
1.856
2.047
2.1830000000000003
1.866
2.185
2.2430000000000003
1.969
2.032
2.14
1.946
2.164
2.2230000000000003
2.34
2.188
1.934
1.949
2.008
2.147
2.187
2.225
2.037
1.953
2.214
2.186
2.083
2.235
1.992
1.86
2.213
2.24
2.022
2.4130000000000003
1.713
2.194
2.237
2.156
2.079
2.12
2.083
2.137
2.316
2.184
1.969
2.087
1.655
2.072
2.1590000000000003
2.234
1.939
2.23
2.047
2.293
2.123
2.17
2.518
1.993
1.607
2.325
2.07
1.984
2.303
2.06
2.076
1.87
2.377
2.318
2.313
2.084
2.086
2.261
2.228
2.136
2.338
1.937
2.211
2.147
1.904
2.303
1.876
2.329
2.194
2.076
2.124
2.07
2.237
1.815
2.0
2.151
2.418
2.042
2.091
2.255
2.299
1.791
2.047
2.22
1.884
2.379
2.083
2.259
2.403
2.027
2.186
2.289
2.157
2.241
2.033
2.141
2.219
2.113
2.321
1.865
2.249
2.173
2.422
2.204
1.906
2.117
2.285
2.198
2.197
2.149
2.1830000000000003
2.465
2.244
2.363
1.926
2.127
1.922
1.857
2.174
2.251
1.913
1.964
2.122
2.12
1.719
2.325
2.258
2.343
2.097
1.794
1.947
2.117
2.381
2.064
2.239
2.166
2.226
2.386
2.287
2.327
2.1180000000000003
2.423
2.008
2.298
2.043
2.157
2.193
2.033
2.255
2.049
2.271
2.315
1.985
2.353
2.505
2.007
2.018
2.182
2.064
2.152
2.265
2.171
2.371
2.254
2.185
1.921
2.291
2.292
2.132
2.253
2.083
2.372
2.388
2.186
2.0980000000000003
2.13
2.258
2.225
1.867
2.319
2.166
2.044
1.812
2.144
2.174
2.027
1.836
2.18
1.887
2.167
2.219
2.188
2.147
2.309
1.77
2.158
1.773
2.294
2.256
2.213
2.27
2.268
2.111
2.14
2.121
1.642
1.839
2.253
2.075
2.218
2.176
2.269
2.361
2.104
2.2
2.331
2.101
2.5540000000000003
2.259
2.373
2.083
2.212
2.14
2.356
1.944
2.048
2.184
2.271
1.923
2.381
2.0
2.257
2.281
2.2030000000000003
2.097
2.247
2.329
2.237
2.438
2.227
2.0780000000000003
2.261
1.949
2.269
2.114
1.7719999999999998
1.94
1.842
2.222
2.131
2.189
2.119
2.168
2.336
2.186
2.198
2.136
2.298
2.0340000000000003
1.944
2.291
2.128
1.898
1.996
2.0380000000000003
2.275
2.137
2.154
2.312
2.1630000000000003
2.259
2.238
2.0980000000000003
2.151
2.222
2.31
2.422
2.266
2.232
2.191
2.242
2.181
2.218
2.121
2.27
2.237
2.133
2.102
2.107
2.064
2.234
1.843
2.245
2.343
2.226
1.7819999999999998
1.89
2.307
2.204
1.962
2.101
1.873
2.161
2.1830000000000003
1.955
2.247
2.18
2.081
2.202
2.172
1.954
1.888
1.975
2.012
2.312
1.843
2.004
2.38
2.055
2.122
2.196
1.929
2.303
2.249
2.055
2.004
2.1590000000000003
1.841
2.059
2.296
2.164
1.944
2.05
2.099
2.21
2.31
1.85
2.272
2.227
2.137
2.191
2.047
2.169
2.045
2.153
2.106
2.146
2.225
2.162
2.138
2.126
2.181
2.175
1.817
2.28
2.123
2.102
2.2030000000000003
2.283
2.337
2.293
2.222
1.921
1.979
2.35
2.104
2.285
1.925
1.834
2.113
2.32
2.204
1.88
2.294
2.344
2.077
2.332
2.013
2.254
1.986
2.165
2.102
1.979
2.175
2.085
2.225
2.36
2.09
2.079
2.257
2.22
2.1830000000000003
2.28
2.055
2.209
2.228
2.289
2.2880000000000003
2.192
2.169
2.29
2.26
2.387
2.08
2.26
1.944
2.128
2.128
2.2
2.164
2.003
2.171
2.215
2.12
2.336
2.396
2.228
1.911
2.299
1.885
2.29
2.228
2.191
2.363
1.658
2.201
2.099
2.507
2.276
2.231
1.905
2.303
2.169
2.217
1.975
1.925
2.25
2.333
1.972
1.901
2.09
2.212
2.215
2.164
2.113
2.311
2.113
2.013
2.091
2.132
1.758
2.169
2.155
1.954
1.89
1.996
2.33
2.083
2.261
2.151
2.282
2.3080000000000003
2.271
1.985
2.131
2.145
2.125
2.033
2.334
2.178
1.952
2.126
2.259
2.254
2.346
2.164
1.829
2.037
1.983
2.222
2.15
1.785
2.0780000000000003
2.129
1.88
2.233
2.012
2.1
2.112
2.264
2.009
2.095
2.189
2.211
2.04
2.325
2.195
1.923
2.29
1.969
2.151
2.202
2.341
2.318
2.197
2.281
1.993
1.886
2.356
2.278
2.121
2.099
2.1830000000000003
2.2030000000000003
2.246
2.262
2.402
2.387
2.1790000000000003
1.888
2.352
2.255
2.165
2.193
2.1630000000000003
1.808
2.066
2.4090000000000003
2.172
1.99
2.323
1.959
1.803
2.036
2.077
2.154
2.0
1.978
2.314
2.053
1.881
1.909
2.221
2.141
2.377
1.913
2.119
2.238
2.094
2.229
1.913
2.2430000000000003
2.088
2.372
2.182
2.13
2.25
2.239
1.985
2.371
1.982
2.035
2.262
2.05
2.12
1.769
2.072
2.165
2.331
2.338
1.89
2.205
2.347
2.173
2.29
2.296
2.155
1.973
1.802
1.933
2.126
2.3040000000000003
2.092
2.199
2.196
2.434
2.369
2.281
2.046
2.228
2.107
2.237
1.816
2.225
1.856
2.128
2.268
1.705
2.268
2.221
2.165
2.213
1.874
2.03
2.086
2.106
2.126
2.399
2.267
2.249
2.272
2.379
2.232
2.158
2.209
1.973
2.198
1.87
2.22
2.192
2.541
2.075
2.09
2.302
2.282
2.009
2.115
2.04
2.18
2.109
2.428
2.327
2.237
2.323
2.416
2.124
2.283
2.0540000000000003
2.393
2.16
2.149
2.17
2.235
2.1790000000000003
2.314
1.922
1.876
2.257
2.129
2.174
2.324
2.046
1.913
1.737
2.08
2.172
2.013
2.247
2.507
2.13
2.154
2.057
2.176
2.11
2.066
2.027
2.204
1.888
2.074
2.191
2.191
2.171
2.286
2.11
2.291
2.167
2.082
2.172
1.929
2.104
2.337
2.056
2.095
2.254
2.204
2.3080000000000003
2.068
2.114
2.233
2.132
2.271
2.013
2.451
2.377
2.224
2.066
2.211
1.945
2.134
2.19
1.7519999999999998
2.226
2.201
2.086
2.1630000000000003
2.103
2.318
2.201
2.37
2.088
2.343
2.214
2.364
2.272
2.048
2.34
2.406
2.147
2.1630000000000003
2.139
2.198
2.043
2.255
2.23
2.184
2.269
2.157
2.187
2.021
2.085
2.255
2.083
2.1830000000000003
1.823
2.275
2.104
2.086
2.257
2.0540000000000003
2.055
2.34
1.892
2.162
2.088
2.047
2.211
2.367
2.281
2.171
2.31
2.327
2.32
2.418
1.877
2.133
2.235
2.204
1.979
2.191
1.954
2.1630000000000003
2.152
1.899
2.094
2.16
2.13
2.142
2.19
2.43
2.041
2.267
2.14
2.244
2.2030000000000003
2.067
2.125
2.178
2.218
2.181
2.157
2.194
2.239
2.24
2.093
1.995
1.938
2.35
2.111
2.115
1.5930000000000002
1.99
2.327
2.14
2.332
2.232
2.311
2.131
1.993
2.09
1.954
2.227
2.344
2.076
2.383
1.933
2.0580000000000003
2.259
1.919
2.177
2.298
2.04
1.7719999999999998
2.167
1.968
2.123
2.259
2.003
1.856
2.113
2.154
2.095
2.605
2.134
2.277
2.192
2.21
1.828
2.4730000000000003
2.393
2.0580000000000003
1.993
2.246
2.045
2.303
2.42
2.126
2.1830000000000003
2.009
2.224
2.106
2.026
2.1630000000000003
2.129
2.19
2.237
2.202
2.226
1.884
2.239
2.24
2.043
2.311
2.312
2.257
2.352
2.176
2.168
2.195
2.305
2.305
2.174
2.085
2.156
2.249
2.172
2.028
2.317
2.084
2.265
2.352
2.195
2.305
2.07
2.0
2.281
2.072
2.142
2.364
2.247
2.283
2.083
2.114
2.419
2.264
2.212
1.922
2.05
2.356
1.979
1.855
2.165
2.317
2.273
2.196
2.269
2.113
1.975
2.129
2.169
2.483
2.198
2.266
2.237
2.152
2.192
2.105
2.185
2.312
2.468
1.908
2.249
2.104
1.928
2.152
1.94
2.185
2.129
2.155
2.198
2.21
2.115
2.236
2.267
1.921
1.922
2.0780000000000003
2.393
2.279
2.114
2.093
2.116
1.946
2.26
1.888
2.19
2.6260000000000003
2.235
2.024
2.1790000000000003
2.1830000000000003
2.273
2.02
2.306
2.361
2.299
2.091
2.233
2.113
2.04
1.926
2.501
2.196
2.018
2.009
2.322
2.239
2.202
2.114
2.064
2.273
2.065
2.067
2.186
2.156
2.241
2.031
2.019
1.896
1.858
2.091
2.1830000000000003
2.083
2.131
1.75
2.323
2.168
1.8
2.116
2.016
2.358
2.337
2.186
2.127
2.184
2.225
1.969
2.428
2.048
2.115
2.241
2.235
2.158
2.185
2.177
2.192
2.088
2.19
1.909
2.227
2.198
2.214
2.11
2.398
2.051
2.131
2.311
2.14
1.903
2.152
2.175
2.156
2.211
2.42
2.248
2.01
2.185
2.204
2.385
2.427
1.956
2.06
1.984
2.004
2.478
2.205
2.242
2.216
2.221
2.253
1.934
2.298
2.255
2.189
2.291
2.35
2.062
2.401
2.31
2.01
2.349
1.895
2.345
2.172
2.134
2.14
2.043
2.212
1.828
2.396
1.94
2.176
1.983
2.226
2.077
2.458
2.224
2.103
2.275
1.785
2.194
2.18
1.798
2.171
2.246
2.204
2.3080000000000003
2.11
2.309
2.191
2.191
2.205
2.281
2.331
2.174
2.2880000000000003
2.093
1.956
1.869
2.036
2.175
2.325
1.979
2.417
2.24
1.247
2.11
2.244
2.103
2.218
2.411
1.8
1.774
2.202
2.29
2.2230000000000003
1.87
2.352
2.293
2.104
2.089
2.208
2.234
2.195
2.45
2.395
2.185
2.1590000000000003
2.26
2.029
2.132
2.119
2.229
1.889
1.9
2.377
2.219
2.216
2.259
2.3680000000000003
2.311
1.896
2.2880000000000003
1.84
2.259
1.941
2.208
2.257
2.097
2.101
2.115
2.138
2.242
2.149
2.276
2.226
2.104
2.149
2.298
2.036
2.169
2.15
2.056
2.257
2.291
2.208
2.329
2.229
2.292
2.226
1.881
2.137
2.371
2.148
2.146
2.325
2.016
1.825
1.884
2.025
1.928
2.295
2.248
2.149
1.996
1.983
2.099
1.894
2.212
2.019
1.819
2.3280000000000003
2.148
2.298
2.068
2.353
2.247
2.393
2.17
2.057
2.358
2.417
2.2430000000000003
2.293
2.04
1.89
2.136
2.2430000000000003
2.2230000000000003
2.0580000000000003
1.806
2.081
2.211
2.296
2.127
2.339
1.983
2.399
2.271
2.196
2.299
2.001
1.989
2.222
2.168
2.418
1.923
2.074
2.065
1.879
2.247
2.199
2.16
1.802
2.318
2.265
2.238
2.345
2.131
2.569
2.186
2.277
2.198
2.105
2.12
2.182
1.884
2.345
2.21
2.113
2.487
2.056
1.945
2.143
2.199
1.826
2.233
2.102
2.003
2.147
2.008
2.079
2.283
2.072
2.176
1.931
2.2430000000000003
2.369
1.875
1.628
1.876
2.3280000000000003
1.882
2.12
2.21
1.872
2.251
2.063
2.362
2.102
2.205
2.154
2.2430000000000003
2.193
2.042
2.23
2.122
2.213
2.205
2.215
2.213
2.233
2.385
2.274
1.959
2.2230000000000003
2.147
2.3680000000000003
2.053
2.365
2.247
2.366
1.58
2.026
2.281
2.193
1.88
2.285
1.729
2.133
1.564
2.072
1.935
2.254
2.103
2.146
2.237
1.796
2.062
1.044
1.941
2.325
2.195
1.918
2.125
2.253
2.4330000000000003
1.876
2.027
1.836
2.553
1.769
2.2840000000000003
1.786
2.04
2.309
2.353
1.874
2.279
2.264
2.191
2.217
2.108
2.319
2.277
2.299
2.119
2.143
1.848
2.226
2.228
2.077
1.876
2.207
1.975
2.018
1.885
2.226
2.193
2.131
2.17
1.959
2.188
1.986
2.293
2.0580000000000003
2.074
2.117
2.37
2.185
2.382
2.205
2.254
2.053
2.177
1.962
2.268
2.342
2.2
2.309
2.127
2.15
2.277
2.455
2.185
1.663
2.248
2.049
2.201
2.421
2.377
2.273
2.0580000000000003
2.177
2.097
2.365
2.042
1.844
2.269
2.129
1.825
2.1830000000000003
1.884
2.207
1.941
2.254
2.127
2.281
1.981
2.342
2.228
1.754
2.227
2.461
2.339
2.306
2.279
2.126
2.153
1.884
1.886
2.175
2.228
1.997
2.253
2.122
1.992
2.259
2.192
1.978
2.093
2.0340000000000003
2.446
2.103
2.025
2.134
2.27
2.135
2.307
2.3
1.996
2.335
2.0980000000000003
1.98
2.226
2.156
1.73
2.367
1.916
2.121
2.201
1.774
2.329
2.1830000000000003
2.175
1.885
2.148
2.241
2.154
1.806
2.33
2.295
2.355
2.236
2.197
2.142
2.057
2.0780000000000003
2.01
2.194
2.22
2.019
2.3040000000000003
2.104
1.868
2.258
2.1790000000000003
2.188
2.073
2.032
2.286
2.085
2.175
2.158
2.215
2.244
2.07
2.431
2.188
1.899
1.972
2.178
1.872
2.225
2.233
2.192
2.153
1.911
1.858
2.248
2.006
2.233
2.125
2.217
1.934
2.188
2.239
1.974
2.165
2.222
1.788
2.025
2.292
1.989
2.25
2.131
2.443
2.148
2.023
2.416
2.376
2.229
2.021
2.2
2.2430000000000003
2.349
1.959
2.438
1.993
2.444
2.253
1.881
2.002
2.264
2.174
2.321
2.089
2.145
2.191
2.237
2.283
2.128
2.335
2.105
2.074
1.887
1.986
2.299
1.878
2.166
1.835
1.867
2.285
2.221
2.222
2.323
2.178
2.317
2.208
1.876
2.109
1.826
2.195
2.447
1.855
2.41
1.846
1.214
2.291
2.111
2.149
2.023
2.313
2.232
2.267
2.261
2.22
2.088
2.064
2.217
2.089
2.378
