2.108
1.978
2.206
2.03
2.373
2.213
2.346
1.334
2.127
1.988
2.1790000000000003
2.056
2.165
2.405
2.218
2.261
1.967
2.277
2.182
2.035
2.123
1.938
2.245
2.155
2.186
2.233
2.234
2.199
2.147
2.129
2.135
2.165
2.087
2.007
2.102
2.302
1.7919999999999998
2.245
2.277
2.112
2.0540000000000003
2.099
2.106
2.241
2.642
2.175
2.225
2.319
2.17
1.993
2.161
2.7510000000000003
2.265
2.242
1.84
2.292
2.195
1.925
2.321
2.257
2.305
2.283
1.983
2.113
2.331
1.873
2.277
2.036
2.438
2.152
1.743
2.079
2.3280000000000003
2.0
2.399
1.912
2.141
2.131
2.283
2.365
2.384
2.212
2.066
2.382
2.279
1.875
1.928
2.01
2.157
2.285
2.387
2.267
2.2030000000000003
2.333
2.198
2.349
1.991
2.084
2.128
2.097
2.169
2.182
1.981
2.134
2.111
2.101
2.188
2.198
2.268
2.378
2.248
2.154
2.099
2.254
2.204
1.974
2.066
2.182
2.24
1.947
2.1590000000000003
2.035
2.252
1.985
2.097
2.2030000000000003
2.411
2.319
1.745
2.173
2.172
2.233
2.0980000000000003
2.198
2.021
2.01
2.266
1.971
2.143
2.151
2.115
1.884
2.309
2.107
2.318
2.084
2.27
2.128
2.18
2.154
2.353
1.982
2.2030000000000003
2.231
1.67
2.06
2.296
1.844
2.365
2.251
2.107
2.256
2.084
2.411
2.221
2.411
1.946
2.029
1.989
2.17
2.152
2.349
2.194
2.267
2.102
2.114
2.211
2.25
1.942
2.218
2.108
2.292
2.31
1.779
2.178
1.989
1.988
2.148
2.306
2.205
1.939
1.88
2.092
2.211
2.239
2.322
2.254
2.136
1.929
1.977
2.209
2.177
2.161
2.303
2.122
2.2840000000000003
2.235
2.108
2.176
2.077
2.245
2.255
1.808
1.876
2.071
2.169
2.221
2.068
2.083
2.162
2.002
2.15
2.405
2.272
2.266
2.166
2.002
2.268
2.414
2.012
1.939
2.465
2.188
2.152
2.113
2.095
2.275
1.901
2.277
1.881
2.117
1.998
2.134
2.333
2.232
2.552
1.909
2.262
2.219
2.349
2.204
2.466
2.072
2.316
2.043
2.28
2.259
2.079
2.205
2.171
2.066
2.214
1.933
1.96
2.359
2.157
2.142
2.03
2.173
2.272
2.194
2.053
2.213
2.141
2.364
2.175
1.6769999999999998
2.132
1.821
2.065
2.295
2.269
2.111
2.004
2.049
2.039
2.138
2.228
2.343
1.847
2.1790000000000003
2.226
2.228
2.292
2.001
1.919
2.339
2.089
2.141
2.184
2.292
2.279
2.085
1.786
2.211
2.172
2.189
2.224
2.117
2.04
2.071
2.228
2.329
2.15
2.249
2.214
2.244
2.264
2.162
2.244
2.15
1.937
2.268
2.013
2.082
2.389
2.294
2.083
1.863
1.876
1.856
2.016
1.981
2.37
2.141
2.137
2.119
2.212
2.211
2.177
2.126
2.214
1.894
2.233
2.344
2.165
1.856
2.459
2.099
2.042
1.927
2.224
2.347
1.868
2.125
2.198
2.165
2.27
2.148
2.39
1.948
2.024
1.923
2.181
2.316
2.277
2.117
2.104
1.894
2.061
2.2030000000000003
2.232
2.336
2.155
2.225
2.002
2.196
2.111
2.107
2.0980000000000003
2.189
1.928
2.198
2.301
2.389
2.403
2.164
2.11
2.136
2.144
2.085
2.143
2.228
2.264
2.169
1.966
2.204
1.862
2.192
1.977
1.828
2.069
2.0340000000000003
2.032
2.211
2.232
2.168
2.2430000000000003
1.878
2.276
2.16
2.15
2.232
2.346
2.307
2.2230000000000003
2.381
2.376
2.137
2.153
2.173
2.074
1.753
2.056
2.043
2.296
2.1830000000000003
1.895
2.196
2.126
2.164
1.807
1.814
1.92
2.207
2.042
2.171
2.177
2.398
2.069
2.176
2.25
2.187
1.866
2.316
2.114
2.184
2.097
2.141
2.228
2.105
2.468
1.733
2.112
2.104
2.068
2.242
2.138
2.385
2.068
2.201
2.319
